index,detector,total_face_num,center_face_num,target_left,target_top,target_right,target_bottom,time_stamp,mark_0_x,mark_0_y,mark_1_x,mark_1_y,mark_2_x,mark_2_y,mark_3_x,mark_3_y,mark_4_x,mark_4_y,mark_5_x,mark_5_y,mark_6_x,mark_6_y,mark_7_x,mark_7_y,mark_8_x,mark_8_y,mark_9_x,mark_9_y,mark_10_x,mark_10_y,mark_11_x,mark_11_y,mark_12_x,mark_12_y,mark_13_x,mark_13_y,mark_14_x,mark_14_y,mark_15_x,mark_15_y,mark_16_x,mark_16_y,mark_17_x,mark_17_y,mark_18_x,mark_18_y,mark_19_x,mark_19_y,mark_20_x,mark_20_y,mark_21_x,mark_21_y,mark_22_x,mark_22_y,mark_23_x,mark_23_y,mark_24_x,mark_24_y,mark_25_x,mark_25_y,mark_26_x,mark_26_y,mark_27_x,mark_27_y,mark_28_x,mark_28_y,mark_29_x,mark_29_y,mark_30_x,mark_30_y,mark_31_x,mark_31_y,mark_32_x,mark_32_y,mark_33_x,mark_33_y,mark_34_x,mark_34_y,mark_35_x,mark_35_y,mark_36_x,mark_36_y,mark_37_x,mark_37_y,mark_38_x,mark_38_y,mark_39_x,mark_39_y,mark_40_x,mark_40_y,mark_41_x,mark_41_y,mark_42_x,mark_42_y,mark_43_x,mark_43_y,mark_44_x,mark_44_y,mark_45_x,mark_45_y,mark_46_x,mark_46_y,mark_47_x,mark_47_y,mark_48_x,mark_48_y,mark_49_x,mark_49_y,mark_50_x,mark_50_y,mark_51_x,mark_51_y,mark_52_x,mark_52_y,mark_53_x,mark_53_y,mark_54_x,mark_54_y,mark_55_x,mark_55_y,mark_56_x,mark_56_y,mark_57_x,mark_57_y,mark_58_x,mark_58_y,mark_59_x,mark_59_y,mark_60_x,mark_60_y,mark_61_x,mark_61_y,mark_62_x,mark_62_y,mark_63_x,mark_63_y,mark_64_x,mark_64_y,mark_65_x,mark_65_y,mark_66_x,mark_66_y,mark_67_x,mark_67_y
1,h,1,1,1128,1178,1574,1624,0.03333333333333333,1107,1338,1107,1398,1112,1457,1121,1514,1143,1566,1183,1605,1237,1628,1296,1644,1358,1651,1417,1648,1470,1632,1516,1605,1546,1564,1566,1517,1581,1466,1589,1414,1590,1363,1181,1263,1216,1234,1262,1223,1311,1225,1355,1239,1416,1246,1458,1241,1501,1245,1538,1261,1562,1292,1383,1286,1384,1316,1386,1344,1387,1375,1323,1426,1351,1431,1380,1437,1407,1434,1432,1432,1224,1295,1253,1276,1285,1279,1311,1306,1282,1304,1250,1302,1439,1316,1469,1293,1499,1296,1521,1319,1498,1321,1468,1319,1275,1515,1315,1484,1353,1472,1380,1479,1408,1476,1439,1492,1463,1526,1433,1533,1402,1539,1373,1540,1345,1537,1310,1529,1290,1513,1351,1500,1378,1502,1406,1503,1450,1521,1404,1512,1375,1512,1348,1510
2,h,2,2,1178,1178,1624,1624,0.06666666666666667,1144,1342,1144,1402,1149,1462,1158,1519,1181,1573,1221,1612,1277,1635,1335,1651,1397,1659,1456,1655,1508,1638,1555,1611,1586,1569,1606,1521,1621,1469,1630,1416,1631,1364,1219,1267,1254,1238,1299,1227,1348,1229,1393,1242,1455,1250,1497,1246,1540,1250,1578,1265,1602,1296,1423,1289,1424,1319,1425,1348,1426,1379,1363,1430,1390,1435,1419,1441,1446,1439,1471,1437,1263,1298,1292,1279,1324,1282,1350,1309,1321,1308,1289,1305,1479,1321,1509,1297,1539,1300,1562,1323,1538,1326,1508,1324,1314,1519,1354,1487,1393,1475,1420,1483,1448,1480,1480,1496,1504,1531,1474,1539,1442,1545,1413,1545,1384,1542,1348,1534,1329,1516,1391,1504,1418,1507,1446,1507,1491,1526,1444,1517,1415,1517,1388,1514
3,h,1,1,1228,1178,1673,1624,0.1,1175,1342,1176,1401,1182,1460,1192,1517,1214,1571,1253,1612,1307,1637,1363,1655,1426,1665,1485,1663,1537,1646,1583,1618,1614,1575,1634,1526,1648,1474,1655,1419,1655,1366,1246,1268,1280,1238,1326,1227,1375,1229,1420,1242,1481,1250,1522,1245,1566,1250,1603,1265,1627,1297,1448,1290,1449,1319,1451,1348,1453,1379,1390,1432,1417,1436,1447,1442,1473,1439,1499,1437,1289,1297,1318,1278,1350,1281,1377,1309,1347,1308,1315,1305,1505,1320,1534,1296,1565,1299,1589,1323,1564,1326,1533,1324,1341,1522,1379,1489,1418,1477,1447,1484,1475,1481,1506,1497,1531,1532,1502,1539,1470,1545,1441,1545,1411,1542,1375,1534,1356,1519,1416,1505,1445,1508,1473,1509,1518,1527,1471,1517,1443,1517,1414,1514
4,h,1,1,1228,1178,1673,1624,0.13333333333333333,1175,1342,1176,1401,1182,1460,1192,1517,1214,1571,1253,1612,1307,1637,1363,1655,1426,1665,1485,1663,1537,1646,1583,1618,1614,1575,1634,1526,1648,1474,1655,1419,1655,1366,1246,1268,1280,1238,1326,1227,1375,1229,1420,1242,1481,1250,1522,1245,1566,1250,1603,1265,1627,1297,1448,1290,1449,1319,1451,1348,1453,1379,1390,1432,1417,1436,1447,1442,1473,1439,1499,1437,1289,1297,1318,1278,1350,1281,1377,1309,1347,1308,1315,1305,1505,1320,1534,1296,1565,1299,1589,1323,1564,1326,1533,1324,1341,1522,1379,1489,1418,1477,1447,1484,1475,1481,1506,1497,1531,1532,1502,1539,1470,1545,1441,1545,1411,1542,1375,1534,1356,1519,1416,1505,1445,1508,1473,1509,1518,1527,1471,1517,1443,1517,1414,1514
5,h,1,1,1228,1178,1673,1624,0.16666666666666666,1192,1344,1192,1404,1197,1464,1207,1522,1230,1575,1270,1614,1326,1638,1383,1654,1446,1662,1505,1659,1556,1641,1601,1612,1631,1570,1649,1520,1662,1469,1669,1416,1669,1364,1263,1271,1297,1239,1343,1228,1392,1230,1437,1242,1498,1250,1540,1246,1584,1250,1621,1267,1643,1301,1467,1290,1468,1320,1470,1349,1472,1380,1408,1431,1436,1436,1465,1442,1492,1439,1517,1437,1307,1299,1336,1279,1368,1282,1394,1311,1365,1309,1333,1306,1522,1321,1552,1296,1582,1298,1605,1323,1581,1326,1551,1324,1360,1522,1399,1490,1438,1477,1465,1485,1493,1481,1525,1497,1548,1531,1520,1540,1489,1546,1459,1546,1431,1543,1395,1535,1375,1519,1436,1506,1463,1508,1491,1509,1535,1526,1490,1518,1461,1518,1433,1515
6,h,1,1,1228,1178,1673,1624,0.2,1193,1340,1194,1402,1199,1463,1208,1522,1230,1576,1271,1617,1327,1641,1385,1657,1447,1665,1507,1662,1559,1644,1604,1615,1634,1571,1651,1521,1664,1468,1672,1414,1672,1361,1266,1272,1299,1240,1345,1228,1394,1230,1441,1242,1499,1249,1541,1246,1585,1251,1623,1268,1644,1302,1468,1289,1469,1319,1471,1347,1473,1379,1410,1431,1438,1436,1466,1441,1493,1438,1519,1437,1311,1298,1339,1279,1371,1282,1397,1310,1368,1309,1336,1306,1523,1320,1552,1296,1582,1298,1605,1322,1581,1325,1551,1323,1363,1523,1401,1490,1440,1477,1467,1484,1495,1481,1527,1497,1553,1532,1523,1540,1491,1545,1461,1546,1433,1542,1397,1535,1378,1519,1438,1506,1465,1508,1493,1509,1539,1527,1492,1518,1464,1517,1436,1515
7,h,1,1,1228,1178,1673,1624,0.23333333333333334,1193,1340,1194,1402,1199,1463,1208,1522,1230,1576,1271,1617,1327,1641,1385,1657,1447,1665,1507,1662,1559,1644,1604,1615,1634,1571,1651,1521,1664,1468,1672,1414,1672,1361,1266,1272,1299,1240,1345,1228,1394,1230,1441,1242,1499,1249,1541,1246,1585,1251,1623,1268,1644,1302,1468,1289,1469,1319,1471,1347,1473,1379,1410,1431,1438,1436,1466,1441,1493,1438,1519,1437,1311,1298,1339,1279,1371,1282,1397,1310,1368,1309,1336,1306,1523,1320,1552,1296,1582,1298,1605,1322,1581,1325,1551,1323,1363,1523,1401,1490,1440,1477,1467,1484,1495,1481,1527,1497,1553,1532,1523,1540,1491,1545,1461,1546,1433,1542,1397,1535,1378,1519,1438,1506,1465,1508,1493,1509,1539,1527,1492,1518,1464,1517,1436,1515
8,h,1,1,1228,1178,1673,1624,0.26666666666666666,1194,1341,1195,1403,1200,1464,1209,1523,1231,1576,1271,1616,1327,1640,1385,1657,1447,1664,1507,1661,1558,1644,1603,1614,1633,1571,1650,1521,1664,1468,1671,1414,1671,1362,1264,1271,1298,1239,1344,1227,1394,1229,1440,1241,1500,1248,1543,1245,1587,1249,1625,1264,1648,1298,1468,1290,1469,1320,1471,1349,1473,1381,1409,1431,1437,1436,1466,1442,1493,1439,1518,1438,1310,1298,1339,1279,1371,1282,1397,1310,1368,1309,1336,1305,1523,1321,1553,1297,1583,1299,1605,1322,1582,1325,1552,1323,1362,1522,1400,1490,1439,1477,1466,1485,1495,1481,1526,1497,1552,1532,1522,1540,1490,1545,1460,1546,1432,1542,1396,1535,1377,1518,1437,1506,1464,1509,1493,1509,1538,1526,1492,1518,1463,1518,1435,1515
9,h,1,1,1228,1178,1673,1624,0.3,1192,1342,1192,1403,1198,1464,1208,1522,1231,1576,1272,1615,1327,1639,1385,1656,1446,1664,1505,1660,1555,1643,1600,1614,1630,1571,1648,1522,1662,1469,1669,1416,1670,1364,1264,1272,1298,1239,1344,1227,1394,1228,1441,1241,1499,1249,1541,1245,1586,1249,1624,1266,1646,1301,1469,1289,1470,1320,1472,1349,1473,1381,1409,1432,1437,1437,1466,1442,1493,1440,1519,1438,1308,1297,1337,1279,1369,1281,1396,1309,1366,1308,1335,1304,1523,1321,1553,1296,1583,1298,1606,1322,1583,1325,1553,1323,1360,1521,1399,1490,1438,1477,1466,1485,1494,1481,1526,1497,1551,1532,1522,1540,1490,1546,1460,1546,1431,1543,1395,1535,1375,1518,1436,1505,1464,1509,1492,1508,1538,1526,1491,1517,1462,1517,1434,1514
10,h,1,1,1228,1178,1673,1624,0.3333333333333333,1190,1343,1191,1404,1197,1464,1207,1523,1230,1576,1271,1616,1327,1640,1385,1657,1447,1665,1507,1662,1558,1644,1602,1615,1632,1571,1651,1521,1664,1469,1671,1415,1671,1363,1262,1271,1296,1239,1343,1227,1393,1229,1439,1241,1497,1248,1540,1245,1585,1250,1624,1266,1647,1300,1467,1289,1469,1320,1471,1349,1473,1381,1409,1433,1437,1438,1466,1443,1493,1440,1518,1438,1307,1298,1336,1279,1369,1281,1395,1309,1366,1308,1334,1305,1522,1320,1552,1296,1583,1299,1606,1322,1582,1326,1551,1323,1360,1523,1399,1490,1439,1478,1466,1485,1495,1482,1526,1499,1551,1533,1521,1541,1489,1547,1460,1547,1431,1544,1395,1536,1376,1520,1437,1507,1464,1510,1492,1510,1537,1528,1491,1519,1462,1519,1434,1516
11,h,1,1,1228,1178,1673,1624,0.36666666666666664,1190,1343,1191,1404,1197,1464,1207,1523,1230,1576,1271,1616,1327,1640,1385,1657,1447,1665,1507,1662,1558,1644,1602,1615,1632,1571,1651,1521,1664,1469,1671,1415,1671,1363,1262,1271,1296,1239,1343,1227,1393,1229,1439,1241,1497,1248,1540,1245,1585,1250,1624,1266,1647,1300,1467,1289,1469,1320,1471,1349,1473,1381,1409,1433,1437,1438,1466,1443,1493,1440,1518,1438,1307,1298,1336,1279,1369,1281,1395,1309,1366,1308,1334,1305,1522,1320,1552,1296,1583,1299,1606,1322,1582,1326,1551,1323,1360,1523,1399,1490,1439,1478,1466,1485,1495,1482,1526,1499,1551,1533,1521,1541,1489,1547,1460,1547,1431,1544,1395,1536,1376,1520,1437,1507,1464,1510,1492,1510,1537,1528,1491,1519,1462,1519,1434,1516
12,h,1,1,1228,1178,1673,1624,0.4,1190,1344,1190,1406,1195,1467,1204,1526,1228,1579,1270,1618,1327,1641,1385,1658,1447,1666,1507,1663,1557,1646,1602,1616,1632,1573,1650,1523,1663,1471,1670,1417,1671,1364,1264,1271,1299,1240,1346,1229,1395,1231,1442,1243,1499,1251,1542,1248,1586,1253,1625,1270,1647,1305,1469,1292,1470,1322,1472,1351,1474,1383,1409,1434,1437,1439,1466,1444,1492,1442,1517,1440,1309,1300,1338,1281,1370,1283,1396,1312,1367,1311,1335,1308,1523,1322,1553,1298,1583,1301,1605,1325,1582,1328,1552,1326,1361,1524,1401,1493,1440,1481,1466,1488,1493,1485,1525,1501,1550,1534,1521,1542,1489,1547,1461,1547,1434,1545,1397,1538,1377,1521,1438,1509,1464,1511,1491,1512,1536,1529,1490,1521,1463,1520,1437,1518
13,h,1,1,1228,1178,1673,1624,0.43333333333333335,1188,1349,1189,1410,1195,1470,1206,1528,1229,1581,1271,1621,1328,1643,1385,1658,1446,1666,1504,1663,1555,1646,1601,1617,1631,1574,1648,1523,1660,1471,1667,1417,1668,1365,1263,1275,1297,1243,1344,1232,1394,1234,1440,1247,1499,1254,1541,1250,1585,1254,1624,1271,1645,1306,1467,1294,1469,1324,1471,1353,1473,1384,1410,1436,1437,1440,1466,1446,1492,1443,1517,1442,1307,1302,1336,1282,1369,1284,1395,1313,1366,1312,1333,1309,1522,1324,1552,1300,1582,1302,1604,1326,1581,1329,1551,1327,1362,1526,1400,1495,1439,1483,1466,1490,1494,1486,1525,1502,1550,1537,1520,1545,1489,1550,1460,1551,1432,1547,1396,1540,1377,1523,1437,1510,1464,1513,1492,1513,1536,1531,1491,1523,1462,1523,1435,1520
14,h,1,1,1228,1178,1673,1624,0.4666666666666667,1189,1345,1190,1406,1197,1467,1208,1526,1230,1579,1271,1618,1327,1642,1385,1658,1448,1665,1507,1660,1557,1640,1600,1611,1628,1568,1645,1519,1656,1468,1664,1416,1664,1365,1262,1273,1298,1242,1344,1232,1394,1235,1440,1248,1499,1255,1541,1252,1584,1257,1622,1273,1644,1305,1469,1296,1470,1327,1473,1356,1475,1388,1409,1438,1437,1442,1466,1448,1493,1445,1518,1444,1307,1301,1337,1283,1368,1285,1394,1314,1365,1312,1333,1309,1523,1326,1552,1302,1582,1304,1604,1327,1581,1331,1552,1329,1360,1528,1399,1496,1439,1485,1466,1492,1494,1489,1524,1504,1547,1538,1519,1547,1489,1553,1459,1554,1431,1550,1394,1542,1375,1525,1437,1513,1464,1516,1492,1516,1533,1533,1491,1525,1462,1525,1435,1522
15,h,1,1,1228,1178,1673,1624,0.5,1189,1345,1190,1406,1197,1467,1208,1526,1230,1579,1271,1618,1327,1642,1385,1658,1448,1665,1507,1660,1557,1640,1600,1611,1628,1568,1645,1519,1656,1468,1664,1416,1664,1365,1262,1273,1298,1242,1344,1232,1394,1235,1440,1248,1499,1255,1541,1252,1584,1257,1622,1273,1644,1305,1469,1296,1470,1327,1473,1356,1475,1388,1409,1438,1437,1442,1466,1448,1493,1445,1518,1444,1307,1301,1337,1283,1368,1285,1394,1314,1365,1312,1333,1309,1523,1326,1552,1302,1582,1304,1604,1327,1581,1331,1552,1329,1360,1528,1399,1496,1439,1485,1466,1492,1494,1489,1524,1504,1547,1538,1519,1547,1489,1553,1459,1554,1431,1550,1394,1542,1375,1525,1437,1513,1464,1516,1492,1516,1533,1533,1491,1525,1462,1525,1435,1522
16,h,1,1,1228,1178,1673,1624,0.5333333333333333,1189,1345,1190,1406,1195,1466,1206,1525,1229,1578,1270,1618,1325,1642,1383,1658,1445,1665,1503,1662,1554,1644,1599,1616,1628,1574,1646,1525,1659,1474,1667,1421,1668,1369,1263,1275,1298,1245,1345,1234,1395,1236,1442,1249,1499,1257,1542,1254,1585,1259,1623,1276,1646,1308,1469,1299,1470,1329,1471,1357,1473,1389,1409,1440,1437,1445,1465,1450,1492,1448,1517,1446,1306,1304,1336,1285,1368,1288,1394,1316,1365,1315,1333,1311,1523,1328,1552,1305,1583,1307,1605,1331,1582,1333,1552,1331,1359,1530,1398,1498,1438,1487,1465,1495,1493,1491,1524,1507,1549,1541,1520,1550,1488,1555,1458,1556,1430,1552,1393,1544,1374,1527,1436,1515,1463,1518,1490,1518,1535,1536,1489,1527,1461,1527,1434,1524
17,h,1,1,1176,1176,1711,1711,0.5666666666666667,1189,1350,1189,1411,1195,1473,1205,1532,1231,1583,1274,1621,1330,1645,1387,1663,1447,1672,1504,1668,1553,1649,1597,1620,1628,1577,1648,1528,1662,1476,1669,1422,1668,1368,1264,1274,1300,1244,1346,1234,1395,1238,1440,1251,1501,1259,1542,1256,1583,1260,1620,1275,1643,1307,1469,1300,1471,1330,1473,1359,1475,1391,1408,1441,1437,1447,1466,1453,1493,1450,1519,1449,1306,1305,1335,1286,1368,1289,1394,1318,1365,1316,1333,1313,1523,1331,1553,1307,1583,1309,1607,1333,1583,1336,1552,1335,1360,1532,1400,1500,1441,1489,1467,1496,1494,1493,1525,1509,1550,1543,1520,1552,1489,1558,1460,1558,1432,1554,1395,1545,1376,1528,1438,1517,1464,1520,1492,1521,1535,1538,1490,1530,1462,1529,1436,1526
18,h,1,1,1176,1176,1711,1711,0.6,1187,1352,1187,1414,1193,1476,1202,1534,1226,1586,1269,1625,1325,1648,1383,1666,1444,1675,1501,1672,1553,1655,1597,1625,1630,1582,1650,1532,1664,1481,1672,1426,1672,1373,1263,1276,1300,1245,1346,1235,1395,1238,1442,1250,1503,1260,1545,1257,1588,1261,1626,1277,1649,1309,1470,1302,1471,1332,1473,1360,1475,1392,1410,1444,1438,1449,1467,1455,1493,1453,1519,1452,1305,1308,1334,1288,1368,1291,1394,1320,1365,1318,1332,1314,1525,1334,1554,1310,1585,1312,1609,1338,1585,1340,1553,1338,1360,1533,1401,1501,1441,1490,1467,1497,1494,1495,1524,1511,1548,1546,1519,1555,1488,1560,1459,1560,1432,1556,1395,1547,1375,1530,1438,1518,1464,1521,1491,1522,1534,1540,1490,1532,1462,1532,1436,1529
19,h,1,1,1176,1176,1711,1711,0.6333333333333333,1187,1352,1187,1414,1193,1476,1202,1534,1226,1586,1269,1625,1325,1648,1383,1666,1444,1675,1501,1672,1553,1655,1597,1625,1630,1582,1650,1532,1664,1481,1672,1426,1672,1373,1263,1276,1300,1245,1346,1235,1395,1238,1442,1250,1503,1260,1545,1257,1588,1261,1626,1277,1649,1309,1470,1302,1471,1332,1473,1360,1475,1392,1410,1444,1438,1449,1467,1455,1493,1453,1519,1452,1305,1308,1334,1288,1368,1291,1394,1320,1365,1318,1332,1314,1525,1334,1554,1310,1585,1312,1609,1338,1585,1340,1553,1338,1360,1533,1401,1501,1441,1490,1467,1497,1494,1495,1524,1511,1548,1546,1519,1555,1488,1560,1459,1560,1432,1556,1395,1547,1375,1530,1438,1518,1464,1521,1491,1522,1534,1540,1490,1532,1462,1532,1436,1529
20,h,1,1,1176,1176,1711,1711,0.6666666666666666,1190,1348,1188,1409,1193,1471,1201,1530,1224,1584,1266,1624,1322,1650,1379,1670,1441,1680,1498,1677,1549,1659,1593,1627,1625,1583,1645,1533,1661,1480,1669,1425,1670,1372,1268,1274,1305,1246,1351,1237,1399,1241,1444,1253,1504,1262,1545,1259,1588,1263,1626,1276,1652,1306,1471,1303,1472,1335,1473,1364,1474,1397,1410,1446,1438,1452,1467,1459,1493,1456,1518,1455,1309,1307,1338,1288,1371,1292,1397,1320,1367,1319,1335,1315,1525,1334,1554,1311,1585,1312,1609,1337,1585,1340,1554,1338,1361,1535,1402,1504,1442,1493,1467,1501,1495,1497,1526,1513,1548,1547,1520,1556,1489,1562,1460,1562,1433,1558,1396,1550,1377,1532,1440,1522,1465,1525,1492,1525,1534,1541,1490,1534,1463,1533,1437,1531
21,h,1,1,1176,1176,1711,1711,0.7,1188,1350,1188,1412,1193,1475,1202,1535,1225,1590,1266,1630,1322,1655,1380,1673,1442,1683,1499,1680,1550,1662,1594,1631,1624,1586,1644,1535,1659,1482,1668,1426,1669,1372,1265,1278,1301,1249,1347,1240,1396,1244,1443,1255,1504,1265,1545,1263,1587,1266,1625,1279,1649,1309,1470,1305,1472,1336,1474,1365,1476,1398,1410,1448,1439,1453,1468,1460,1493,1457,1518,1456,1306,1311,1335,1291,1368,1294,1395,1323,1365,1321,1332,1318,1524,1335,1554,1312,1585,1313,1608,1338,1584,1341,1553,1339,1360,1538,1402,1507,1442,1496,1468,1503,1495,1500,1525,1515,1549,1549,1520,1558,1489,1564,1460,1564,1433,1560,1396,1552,1376,1535,1439,1524,1465,1527,1492,1528,1534,1544,1491,1537,1463,1536,1437,1533
22,h,1,1,1176,1176,1711,1711,0.7333333333333333,1188,1350,1188,1412,1193,1475,1202,1535,1225,1590,1266,1630,1322,1655,1380,1673,1442,1683,1499,1680,1550,1662,1594,1631,1624,1586,1644,1535,1659,1482,1668,1426,1669,1372,1265,1278,1301,1249,1347,1240,1396,1244,1443,1255,1504,1265,1545,1263,1587,1266,1625,1279,1649,1309,1470,1305,1472,1336,1474,1365,1476,1398,1410,1448,1439,1453,1468,1460,1493,1457,1518,1456,1306,1311,1335,1291,1368,1294,1395,1323,1365,1321,1332,1318,1524,1335,1554,1312,1585,1313,1608,1338,1584,1341,1553,1339,1360,1538,1402,1507,1442,1496,1468,1503,1495,1500,1525,1515,1549,1549,1520,1558,1489,1564,1460,1564,1433,1560,1396,1552,1376,1535,1439,1524,1465,1527,1492,1528,1534,1544,1491,1537,1463,1536,1437,1533
23,h,1,1,1176,1176,1711,1711,0.7666666666666667,1187,1353,1185,1415,1190,1477,1199,1536,1222,1590,1264,1630,1321,1655,1379,1673,1441,1684,1500,1680,1551,1662,1596,1631,1628,1587,1648,1536,1663,1484,1671,1429,1672,1376,1267,1279,1302,1249,1349,1238,1398,1242,1443,1255,1506,1263,1547,1261,1588,1265,1625,1278,1648,1309,1471,1306,1473,1337,1475,1366,1477,1399,1411,1450,1440,1454,1469,1460,1495,1458,1520,1457,1307,1311,1337,1292,1369,1295,1395,1324,1366,1322,1333,1319,1526,1337,1555,1313,1586,1314,1609,1338,1585,1341,1555,1340,1361,1539,1402,1508,1442,1497,1468,1504,1497,1501,1527,1516,1549,1550,1521,1559,1491,1566,1461,1566,1432,1562,1396,1554,1377,1536,1439,1525,1466,1528,1494,1528,1535,1545,1493,1537,1464,1537,1436,1534
24,h,1,1,1176,1176,1711,1711,0.8,1189,1352,1188,1415,1193,1477,1201,1537,1224,1591,1265,1632,1320,1657,1378,1675,1440,1687,1499,1684,1552,1666,1598,1635,1629,1590,1650,1539,1664,1485,1672,1429,1672,1376,1267,1281,1304,1250,1350,1239,1399,1243,1445,1257,1506,1266,1547,1263,1588,1266,1625,1280,1648,1311,1473,1307,1474,1337,1476,1367,1477,1400,1411,1450,1440,1455,1469,1461,1495,1459,1520,1458,1309,1312,1338,1293,1371,1296,1398,1324,1367,1322,1335,1318,1527,1338,1556,1315,1587,1317,1611,1341,1586,1343,1556,1341,1360,1539,1402,1509,1442,1499,1467,1506,1495,1502,1525,1517,1549,1551,1519,1560,1489,1565,1460,1565,1432,1561,1396,1554,1376,1536,1439,1526,1465,1529,1492,1529,1535,1545,1490,1539,1462,1538,1436,1536
25,h,1,1,1176,1176,1711,1711,0.8333333333333334,1190,1349,1187,1411,1191,1474,1199,1535,1223,1592,1265,1635,1322,1661,1381,1680,1442,1690,1500,1686,1551,1666,1598,1633,1629,1587,1649,1534,1664,1481,1672,1426,1671,1374,1270,1277,1306,1249,1352,1240,1399,1245,1444,1258,1508,1267,1548,1264,1590,1266,1626,1280,1649,1311,1472,1307,1473,1338,1475,1368,1476,1401,1410,1451,1439,1456,1468,1462,1495,1460,1521,1458,1310,1312,1339,1293,1371,1297,1397,1325,1367,1323,1335,1319,1527,1338,1555,1315,1586,1316,1609,1340,1585,1343,1555,1341,1358,1540,1401,1509,1442,1499,1468,1506,1495,1503,1526,1517,1549,1552,1519,1562,1489,1568,1460,1568,1432,1564,1395,1556,1374,1536,1439,1527,1466,1530,1493,1530,1535,1546,1491,1540,1463,1539,1436,1537
26,h,1,1,1176,1176,1711,1711,0.8666666666666667,1190,1349,1187,1411,1191,1474,1199,1535,1223,1592,1265,1635,1322,1661,1381,1680,1442,1690,1500,1686,1551,1666,1598,1633,1629,1587,1649,1534,1664,1481,1672,1426,1671,1374,1270,1277,1306,1249,1352,1240,1399,1245,1444,1258,1508,1267,1548,1264,1590,1266,1626,1280,1649,1311,1472,1307,1473,1338,1475,1368,1476,1401,1410,1451,1439,1456,1468,1462,1495,1460,1521,1458,1310,1312,1339,1293,1371,1297,1397,1325,1367,1323,1335,1319,1527,1338,1555,1315,1586,1316,1609,1340,1585,1343,1555,1341,1358,1540,1401,1509,1442,1499,1468,1506,1495,1503,1526,1517,1549,1552,1519,1562,1489,1568,1460,1568,1432,1564,1395,1556,1374,1536,1439,1527,1466,1530,1493,1530,1535,1546,1491,1540,1463,1539,1436,1537
27,h,1,1,1176,1176,1711,1711,0.9,1191,1351,1190,1414,1195,1476,1203,1536,1226,1591,1267,1632,1323,1658,1380,1675,1441,1686,1499,1682,1551,1662,1597,1632,1629,1588,1650,1537,1665,1484,1672,1429,1671,1377,1267,1280,1303,1251,1350,1241,1399,1245,1444,1257,1510,1268,1550,1265,1591,1269,1627,1282,1651,1312,1473,1307,1474,1338,1475,1368,1477,1402,1411,1451,1440,1457,1469,1463,1495,1460,1521,1459,1309,1313,1338,1294,1370,1298,1397,1326,1367,1323,1335,1319,1528,1339,1557,1316,1588,1319,1612,1342,1587,1344,1556,1342,1355,1538,1401,1511,1442,1500,1468,1507,1495,1504,1525,1519,1548,1551,1518,1560,1487,1566,1459,1566,1431,1563,1394,1556,1371,1536,1440,1528,1465,1531,1493,1531,1533,1546,1489,1539,1462,1538,1436,1537
28,h,1,1,1176,1176,1711,1711,0.9333333333333333,1190,1351,1189,1416,1194,1479,1204,1539,1228,1594,1270,1636,1325,1661,1383,1678,1443,1688,1499,1684,1551,1665,1595,1634,1627,1590,1648,1539,1664,1487,1671,1432,1671,1379,1267,1280,1303,1250,1349,1240,1398,1245,1443,1259,1509,1271,1548,1266,1589,1269,1625,1283,1648,1314,1472,1307,1473,1338,1474,1368,1476,1401,1411,1451,1439,1456,1468,1462,1495,1460,1520,1459,1309,1312,1338,1294,1370,1298,1397,1325,1367,1322,1334,1319,1527,1339,1556,1316,1587,1318,1610,1342,1586,1344,1555,1342,1360,1539,1403,1510,1443,1499,1468,1507,1495,1503,1525,1519,1549,1552,1519,1561,1488,1566,1460,1567,1432,1563,1396,1555,1375,1536,1440,1527,1466,1531,1493,1531,1535,1546,1490,1539,1463,1539,1436,1536
29,h,1,1,1176,1176,1711,1711,0.9666666666666667,1188,1348,1187,1411,1191,1474,1200,1534,1224,1589,1265,1632,1320,1658,1377,1679,1438,1690,1496,1687,1548,1667,1595,1635,1627,1591,1649,1541,1665,1489,1673,1434,1673,1381,1265,1281,1301,1251,1347,1241,1397,1245,1443,1259,1509,1271,1550,1267,1593,1270,1630,1283,1653,1314,1472,1309,1473,1340,1474,1369,1476,1402,1410,1452,1438,1457,1467,1463,1494,1460,1519,1459,1308,1314,1337,1296,1370,1299,1396,1326,1367,1324,1334,1321,1528,1340,1556,1318,1587,1320,1610,1343,1586,1346,1555,1344,1358,1539,1402,1511,1442,1500,1468,1508,1496,1505,1526,1519,1548,1553,1519,1562,1489,1567,1460,1568,1432,1564,1395,1556,1373,1536,1439,1527,1466,1531,1493,1531,1534,1547,1490,1540,1462,1539,1436,1537
30,h,1,1,1176,1176,1711,1711,1.0,1188,1348,1187,1411,1191,1474,1200,1534,1224,1589,1265,1632,1320,1658,1377,1679,1438,1690,1496,1687,1548,1667,1595,1635,1627,1591,1649,1541,1665,1489,1673,1434,1673,1381,1265,1281,1301,1251,1347,1241,1397,1245,1443,1259,1509,1271,1550,1267,1593,1270,1630,1283,1653,1314,1472,1309,1473,1340,1474,1369,1476,1402,1410,1452,1438,1457,1467,1463,1494,1460,1519,1459,1308,1314,1337,1296,1370,1299,1396,1326,1367,1324,1334,1321,1528,1340,1556,1318,1587,1320,1610,1343,1586,1346,1555,1344,1358,1539,1402,1511,1442,1500,1468,1508,1496,1505,1526,1519,1548,1553,1519,1562,1489,1567,1460,1568,1432,1564,1395,1556,1373,1536,1439,1527,1466,1531,1493,1531,1534,1547,1490,1540,1462,1539,1436,1537
31,h,1,1,1176,1176,1711,1711,1.0333333333333334,1191,1343,1189,1406,1192,1468,1200,1528,1223,1584,1265,1626,1320,1653,1378,1672,1438,1684,1494,1680,1545,1662,1590,1630,1623,1586,1645,1535,1661,1482,1669,1427,1669,1374,1269,1279,1305,1249,1351,1240,1399,1245,1444,1259,1505,1270,1544,1266,1585,1269,1622,1284,1645,1315,1471,1309,1471,1340,1473,1369,1475,1402,1409,1452,1438,1458,1467,1464,1493,1462,1518,1460,1310,1311,1339,1294,1371,1298,1397,1326,1367,1324,1335,1320,1525,1340,1553,1317,1583,1319,1606,1342,1582,1346,1552,1344,1361,1539,1400,1511,1439,1501,1465,1508,1492,1505,1521,1520,1544,1553,1515,1563,1486,1569,1457,1569,1429,1565,1394,1556,1376,1536,1436,1527,1463,1531,1490,1531,1531,1547,1488,1541,1460,1541,1433,1538
32,h,1,1,1176,1176,1711,1711,1.0666666666666667,1188,1348,1187,1412,1190,1475,1199,1535,1223,1590,1264,1632,1320,1658,1377,1677,1438,1688,1494,1685,1544,1665,1589,1633,1621,1588,1643,1538,1660,1484,1667,1429,1667,1376,1266,1281,1302,1251,1348,1241,1397,1246,1443,1259,1506,1270,1546,1266,1587,1269,1624,1284,1647,1315,1471,1309,1472,1340,1473,1370,1475,1403,1409,1453,1437,1459,1466,1465,1492,1463,1517,1461,1309,1312,1338,1294,1370,1298,1397,1326,1367,1324,1334,1320,1524,1339,1553,1316,1584,1319,1607,1342,1583,1346,1552,1344,1358,1538,1399,1511,1438,1500,1465,1508,1493,1505,1522,1520,1546,1553,1516,1563,1486,1569,1457,1569,1428,1565,1393,1556,1374,1536,1435,1528,1463,1531,1490,1531,1532,1547,1489,1541,1460,1540,1433,1538
33,h,1,1,1176,1176,1711,1711,1.1,1184,1348,1183,1412,1187,1476,1197,1537,1221,1592,1263,1634,1319,1659,1377,1678,1438,1689,1495,1685,1546,1665,1592,1633,1623,1589,1644,1538,1659,1484,1666,1429,1666,1376,1263,1284,1299,1252,1347,1241,1397,1246,1443,1259,1505,1270,1546,1266,1589,1269,1626,1284,1648,1319,1471,1309,1471,1340,1473,1370,1474,1403,1408,1452,1437,1458,1465,1465,1492,1462,1516,1460,1308,1312,1337,1293,1370,1297,1396,1326,1366,1325,1333,1321,1525,1340,1554,1316,1584,1318,1607,1343,1583,1347,1553,1345,1357,1541,1398,1512,1439,1501,1465,1508,1492,1505,1521,1520,1544,1553,1515,1562,1485,1567,1456,1568,1428,1564,1392,1556,1372,1538,1436,1529,1462,1531,1489,1531,1530,1547,1487,1540,1460,1540,1433,1537
34,h,1,1,1176,1176,1711,1711,1.1333333333333333,1184,1348,1183,1412,1187,1476,1197,1537,1221,1592,1263,1634,1319,1659,1377,1678,1438,1689,1495,1685,1546,1665,1592,1633,1623,1589,1644,1538,1659,1484,1666,1429,1666,1376,1263,1284,1299,1252,1347,1241,1397,1246,1443,1259,1505,1270,1546,1266,1589,1269,1626,1284,1648,1319,1471,1309,1471,1340,1473,1370,1474,1403,1408,1452,1437,1458,1465,1465,1492,1462,1516,1460,1308,1312,1337,1293,1370,1297,1396,1326,1366,1325,1333,1321,1525,1340,1554,1316,1584,1318,1607,1343,1583,1347,1553,1345,1357,1541,1398,1512,1439,1501,1465,1508,1492,1505,1521,1520,1544,1553,1515,1562,1485,1567,1456,1568,1428,1564,1392,1556,1372,1538,1436,1529,1462,1531,1489,1531,1530,1547,1487,1540,1460,1540,1433,1537
35,h,1,1,1176,1176,1711,1711,1.1666666666666667,1188,1346,1188,1410,1192,1474,1201,1535,1226,1590,1267,1633,1323,1658,1380,1676,1440,1686,1495,1680,1546,1660,1590,1630,1622,1587,1644,1537,1660,1484,1668,1430,1670,1378,1262,1283,1298,1252,1346,1241,1396,1245,1442,1258,1503,1268,1545,1266,1589,1270,1628,1286,1650,1321,1469,1309,1469,1340,1471,1369,1472,1402,1407,1452,1435,1458,1464,1464,1490,1462,1516,1460,1308,1312,1337,1293,1370,1297,1396,1326,1367,1325,1333,1320,1524,1340,1552,1317,1584,1319,1607,1344,1582,1347,1551,1345,1357,1540,1397,1512,1437,1501,1464,1509,1492,1505,1522,1520,1544,1554,1515,1562,1485,1568,1456,1568,1428,1564,1391,1556,1373,1537,1435,1529,1462,1532,1489,1532,1530,1548,1487,1540,1459,1540,1432,1538
36,h,1,1,1176,1176,1711,1711,1.2,1184,1351,1183,1414,1188,1478,1196,1539,1220,1596,1261,1639,1317,1665,1374,1683,1435,1693,1493,1690,1545,1671,1591,1640,1623,1594,1644,1543,1660,1489,1668,1432,1668,1377,1262,1282,1298,1252,1345,1241,1395,1245,1441,1257,1505,1268,1545,1266,1587,1269,1625,1283,1648,1315,1469,1309,1470,1340,1471,1369,1472,1403,1407,1452,1436,1458,1464,1465,1491,1462,1516,1460,1306,1314,1335,1295,1368,1298,1394,1326,1364,1324,1332,1321,1524,1340,1552,1316,1584,1319,1607,1343,1583,1346,1552,1344,1354,1540,1395,1512,1435,1501,1463,1508,1491,1505,1521,1520,1545,1554,1515,1563,1485,1568,1455,1568,1426,1565,1389,1556,1369,1538,1433,1528,1461,1532,1488,1531,1531,1548,1486,1540,1458,1540,1430,1538
37,h,1,1,1176,1176,1711,1711,1.2333333333333334,1184,1351,1183,1414,1188,1478,1196,1539,1220,1596,1261,1639,1317,1665,1374,1683,1435,1693,1493,1690,1545,1671,1591,1640,1623,1594,1644,1543,1660,1489,1668,1432,1668,1377,1262,1282,1298,1252,1345,1241,1395,1245,1441,1257,1505,1268,1545,1266,1587,1269,1625,1283,1648,1315,1469,1309,1470,1340,1471,1369,1472,1403,1407,1452,1436,1458,1464,1465,1491,1462,1516,1460,1306,1314,1335,1295,1368,1298,1394,1326,1364,1324,1332,1321,1524,1340,1552,1316,1584,1319,1607,1343,1583,1346,1552,1344,1354,1540,1395,1512,1435,1501,1463,1508,1491,1505,1521,1520,1545,1554,1515,1563,1485,1568,1455,1568,1426,1565,1389,1556,1369,1538,1433,1528,1461,1532,1488,1531,1531,1548,1486,1540,1458,1540,1430,1538
38,h,1,1,1176,1176,1711,1711,1.2666666666666666,1186,1349,1184,1412,1187,1475,1196,1537,1220,1592,1260,1635,1315,1661,1372,1680,1432,1691,1490,1688,1542,1669,1587,1637,1619,1592,1641,1542,1657,1487,1666,1432,1668,1379,1263,1282,1299,1252,1346,1242,1395,1246,1442,1259,1505,1271,1544,1268,1586,1272,1623,1286,1646,1319,1469,1310,1470,1341,1471,1370,1472,1402,1406,1452,1434,1458,1463,1464,1490,1462,1516,1460,1307,1312,1336,1295,1368,1298,1394,1326,1364,1324,1332,1320,1524,1341,1552,1318,1582,1320,1605,1344,1581,1346,1551,1344,1354,1540,1396,1512,1436,1501,1463,1508,1490,1504,1520,1519,1543,1553,1514,1561,1483,1566,1454,1567,1425,1563,1390,1555,1370,1537,1433,1528,1460,1532,1488,1532,1530,1548,1485,1540,1457,1539,1430,1537
39,h,1,1,1176,1176,1711,1711,1.3,1184,1348,1183,1411,1187,1474,1195,1535,1219,1590,1259,1632,1314,1658,1370,1679,1431,1691,1489,1689,1541,1670,1586,1638,1618,1593,1641,1543,1657,1488,1665,1433,1666,1380,1262,1283,1298,1252,1345,1242,1395,1245,1442,1257,1504,1268,1546,1266,1589,1270,1626,1286,1649,1319,1469,1309,1470,1340,1471,1370,1472,1404,1406,1453,1434,1458,1463,1464,1490,1462,1516,1461,1307,1312,1336,1294,1369,1297,1394,1325,1364,1324,1332,1320,1523,1340,1552,1317,1584,1319,1606,1344,1582,1346,1551,1344,1351,1540,1395,1512,1437,1501,1463,1508,1491,1505,1521,1519,1543,1554,1514,1561,1484,1566,1455,1566,1427,1563,1389,1555,1367,1538,1434,1529,1461,1532,1488,1532,1530,1548,1486,1539,1458,1539,1431,1537
40,h,1,1,1176,1176,1711,1711,1.3333333333333333,1185,1349,1182,1412,1186,1476,1194,1536,1217,1592,1257,1635,1311,1662,1367,1681,1428,1694,1486,1691,1539,1673,1586,1642,1620,1596,1643,1545,1659,1489,1667,1433,1667,1380,1263,1280,1300,1250,1347,1241,1397,1246,1443,1260,1505,1272,1543,1267,1586,1269,1623,1283,1646,1315,1469,1309,1469,1340,1470,1370,1471,1403,1406,1454,1434,1459,1463,1465,1489,1463,1515,1461,1305,1314,1334,1296,1366,1299,1393,1327,1363,1325,1330,1321,1523,1341,1551,1317,1582,1320,1605,1344,1581,1347,1550,1345,1353,1540,1395,1511,1435,1500,1462,1507,1490,1504,1519,1519,1542,1554,1513,1562,1483,1568,1454,1569,1426,1565,1389,1557,1368,1538,1433,1528,1460,1531,1487,1531,1529,1549,1485,1541,1457,1541,1430,1539
41,h,1,1,1176,1176,1711,1711,1.3666666666666667,1185,1349,1182,1412,1186,1476,1194,1536,1217,1592,1257,1635,1311,1662,1367,1681,1428,1694,1486,1691,1539,1673,1586,1642,1620,1596,1643,1545,1659,1489,1667,1433,1667,1380,1263,1280,1300,1250,1347,1241,1397,1246,1443,1260,1505,1272,1543,1267,1586,1269,1623,1283,1646,1315,1469,1309,1469,1340,1470,1370,1471,1403,1406,1454,1434,1459,1463,1465,1489,1463,1515,1461,1305,1314,1334,1296,1366,1299,1393,1327,1363,1325,1330,1321,1523,1341,1551,1317,1582,1320,1605,1344,1581,1347,1550,1345,1353,1540,1395,1511,1435,1500,1462,1507,1490,1504,1519,1519,1542,1554,1513,1562,1483,1568,1454,1569,1426,1565,1389,1557,1368,1538,1433,1528,1460,1531,1487,1531,1529,1549,1485,1541,1457,1541,1430,1539
42,h,1,1,1176,1176,1711,1711,1.4,1182,1351,1181,1416,1185,1479,1195,1540,1220,1595,1262,1636,1317,1662,1373,1681,1433,1690,1489,1686,1539,1666,1582,1634,1615,1590,1638,1540,1655,1487,1664,1432,1664,1379,1263,1281,1298,1251,1345,1241,1394,1245,1440,1259,1502,1270,1542,1266,1584,1269,1621,1283,1643,1315,1468,1310,1469,1341,1470,1370,1472,1403,1405,1452,1434,1458,1462,1465,1489,1462,1515,1460,1305,1313,1334,1294,1367,1297,1392,1326,1363,1325,1330,1321,1523,1339,1551,1316,1582,1318,1604,1343,1580,1346,1550,1344,1354,1543,1395,1512,1436,1500,1462,1508,1489,1505,1519,1520,1540,1556,1513,1567,1483,1573,1454,1573,1426,1569,1389,1561,1369,1540,1433,1529,1460,1532,1487,1532,1527,1550,1485,1546,1457,1545,1431,1543
43,h,1,1,1176,1176,1711,1711,1.4333333333333333,1189,1342,1186,1405,1189,1468,1197,1530,1221,1586,1262,1628,1317,1656,1373,1676,1433,1687,1490,1683,1540,1663,1585,1632,1618,1588,1641,1539,1659,1485,1668,1429,1668,1374,1266,1280,1302,1250,1349,1240,1397,1245,1443,1259,1502,1270,1542,1267,1584,1270,1621,1285,1644,1317,1469,1310,1469,1341,1470,1370,1471,1403,1406,1453,1434,1458,1463,1464,1490,1462,1515,1459,1307,1312,1335,1294,1368,1298,1394,1326,1364,1324,1332,1320,1524,1340,1551,1317,1581,1319,1604,1342,1580,1346,1551,1344,1356,1544,1396,1513,1436,1501,1462,1507,1490,1504,1519,1519,1539,1555,1513,1567,1483,1574,1454,1575,1426,1571,1390,1561,1372,1541,1433,1528,1460,1531,1487,1531,1525,1550,1486,1547,1458,1547,1431,1545
44,h,1,1,1176,1176,1711,1711,1.4666666666666666,1185,1348,1185,1413,1189,1477,1196,1537,1220,1593,1260,1636,1315,1663,1372,1682,1432,1691,1490,1688,1541,1668,1585,1636,1617,1591,1639,1540,1655,1485,1664,1430,1666,1376,1262,1281,1298,1250,1345,1240,1395,1244,1443,1257,1505,1269,1545,1266,1587,1270,1624,1284,1646,1317,1469,1309,1470,1340,1471,1369,1472,1401,1406,1451,1434,1456,1463,1463,1490,1460,1516,1459,1305,1312,1334,1294,1367,1297,1393,1325,1363,1323,1330,1319,1524,1339,1552,1316,1582,1318,1605,1342,1581,1345,1551,1343,1354,1541,1395,1512,1435,1499,1461,1507,1489,1504,1519,1519,1541,1556,1513,1568,1482,1574,1453,1574,1424,1570,1388,1561,1370,1539,1432,1529,1459,1532,1486,1532,1527,1550,1485,1546,1456,1546,1429,1543
45,h,1,1,1176,1176,1711,1711,1.5,1185,1348,1185,1413,1189,1477,1196,1537,1220,1593,1260,1636,1315,1663,1372,1682,1432,1691,1490,1688,1541,1668,1585,1636,1617,1591,1639,1540,1655,1485,1664,1430,1666,1376,1262,1281,1298,1250,1345,1240,1395,1244,1443,1257,1505,1269,1545,1266,1587,1270,1624,1284,1646,1317,1469,1309,1470,1340,1471,1369,1472,1401,1406,1451,1434,1456,1463,1463,1490,1460,1516,1459,1305,1312,1334,1294,1367,1297,1393,1325,1363,1323,1330,1319,1524,1339,1552,1316,1582,1318,1605,1342,1581,1345,1551,1343,1354,1541,1395,1512,1435,1499,1461,1507,1489,1504,1519,1519,1541,1556,1513,1568,1482,1574,1453,1574,1424,1570,1388,1561,1370,1539,1432,1529,1459,1532,1486,1532,1527,1550,1485,1546,1456,1546,1429,1543
46,h,1,1,1176,1176,1711,1711,1.5333333333333334,1187,1348,1186,1411,1190,1474,1200,1535,1223,1591,1264,1633,1318,1660,1375,1679,1435,1689,1494,1686,1544,1666,1587,1633,1618,1587,1639,1537,1655,1484,1663,1429,1664,1376,1264,1278,1300,1248,1346,1238,1395,1242,1441,1255,1501,1266,1540,1263,1583,1268,1620,1283,1642,1316,1466,1305,1467,1336,1469,1366,1470,1399,1406,1449,1434,1455,1462,1461,1488,1458,1513,1456,1306,1309,1334,1292,1367,1296,1391,1322,1362,1321,1331,1316,1523,1337,1551,1316,1581,1317,1603,1341,1580,1344,1550,1341,1355,1538,1395,1508,1435,1497,1462,1505,1490,1502,1519,1517,1542,1553,1512,1566,1482,1572,1453,1572,1425,1568,1388,1557,1371,1536,1432,1525,1460,1529,1487,1529,1528,1548,1484,1544,1456,1544,1429,1540
47,h,1,1,1176,1176,1711,1711,1.5666666666666667,1183,1349,1183,1411,1188,1473,1197,1533,1219,1588,1259,1631,1314,1656,1370,1676,1433,1686,1492,1685,1543,1667,1587,1635,1617,1589,1637,1538,1653,1485,1663,1430,1666,1377,1259,1280,1295,1248,1343,1237,1393,1241,1442,1254,1501,1265,1543,1262,1586,1266,1623,1281,1645,1315,1466,1305,1467,1336,1469,1365,1471,1397,1405,1448,1433,1453,1462,1459,1488,1456,1514,1455,1302,1310,1331,1291,1364,1294,1389,1322,1360,1321,1327,1317,1521,1337,1550,1313,1581,1315,1604,1340,1579,1343,1549,1340,1357,1538,1396,1506,1435,1495,1462,1502,1490,1499,1519,1515,1540,1552,1513,1562,1483,1568,1453,1568,1425,1563,1390,1553,1372,1535,1432,1523,1459,1525,1487,1526,1527,1546,1485,1541,1457,1540,1429,1537
48,h,1,1,1176,1176,1711,1711,1.6,1188,1343,1186,1406,1189,1469,1198,1530,1221,1584,1263,1626,1317,1653,1372,1675,1434,1686,1493,1684,1544,1664,1589,1632,1620,1586,1641,1535,1657,1482,1665,1427,1665,1373,1264,1276,1299,1245,1345,1236,1394,1241,1440,1254,1499,1267,1540,1262,1582,1266,1620,1279,1642,1311,1466,1303,1466,1334,1468,1363,1469,1396,1404,1445,1432,1451,1461,1459,1489,1455,1514,1453,1307,1310,1336,1296,1367,1299,1394,1321,1364,1321,1333,1317,1519,1336,1549,1318,1578,1321,1601,1341,1577,1343,1547,1340,1355,1534,1396,1503,1435,1493,1462,1501,1491,1498,1521,1513,1543,1548,1515,1560,1483,1567,1453,1567,1425,1562,1389,1551,1371,1531,1433,1521,1460,1525,1488,1525,1529,1543,1486,1539,1457,1538,1429,1535
49,h,1,1,1176,1176,1711,1711,1.6333333333333333,1188,1343,1186,1406,1189,1469,1198,1530,1221,1584,1263,1626,1317,1653,1372,1675,1434,1686,1493,1684,1544,1664,1589,1632,1620,1586,1641,1535,1657,1482,1665,1427,1665,1373,1264,1276,1299,1245,1345,1236,1394,1241,1440,1254,1499,1267,1540,1262,1582,1266,1620,1279,1642,1311,1466,1303,1466,1334,1468,1363,1469,1396,1404,1445,1432,1451,1461,1459,1489,1455,1514,1453,1307,1310,1336,1296,1367,1299,1394,1321,1364,1321,1333,1317,1519,1336,1549,1318,1578,1321,1601,1341,1577,1343,1547,1340,1355,1534,1396,1503,1435,1493,1462,1501,1491,1498,1521,1513,1543,1548,1515,1560,1483,1567,1453,1567,1425,1562,1389,1551,1371,1531,1433,1521,1460,1525,1488,1525,1529,1543,1486,1539,1457,1538,1429,1535
50,h,1,1,1228,1178,1673,1624,1.6666666666666667,1182,1347,1185,1407,1192,1467,1202,1525,1224,1580,1265,1622,1319,1649,1375,1669,1438,1679,1497,1676,1546,1656,1590,1625,1619,1580,1637,1530,1650,1478,1657,1425,1658,1373,1256,1285,1290,1251,1338,1238,1390,1241,1439,1254,1493,1264,1536,1260,1581,1264,1618,1283,1637,1321,1464,1302,1465,1333,1468,1363,1470,1395,1404,1444,1432,1450,1462,1456,1488,1454,1513,1451,1304,1311,1333,1292,1365,1294,1392,1321,1362,1322,1330,1319,1513,1334,1543,1313,1574,1316,1597,1339,1573,1343,1542,1340,1354,1532,1393,1502,1434,1491,1461,1499,1489,1496,1520,1512,1543,1546,1514,1560,1482,1567,1453,1567,1424,1563,1387,1551,1369,1530,1431,1520,1459,1523,1486,1524,1529,1541,1484,1537,1456,1536,1428,1533
51,h,1,1,1228,1178,1673,1624,1.7,1180,1346,1181,1406,1185,1466,1194,1526,1217,1580,1260,1622,1316,1649,1374,1669,1438,1677,1497,1674,1546,1654,1589,1623,1618,1578,1636,1527,1649,1474,1655,1420,1655,1368,1258,1281,1293,1248,1341,1236,1392,1238,1440,1251,1490,1261,1533,1257,1576,1261,1614,1279,1633,1316,1463,1300,1465,1331,1467,1360,1469,1392,1404,1442,1432,1448,1461,1453,1487,1451,1512,1449,1307,1308,1335,1290,1366,1293,1392,1318,1363,1318,1332,1315,1512,1331,1541,1310,1571,1313,1593,1335,1569,1339,1540,1337,1354,1531,1394,1500,1435,1489,1462,1497,1489,1494,1520,1509,1542,1544,1514,1557,1483,1564,1453,1564,1425,1559,1389,1548,1370,1529,1432,1517,1459,1520,1487,1521,1529,1539,1485,1536,1457,1535,1429,1532
52,h,1,1,1228,1178,1673,1624,1.7333333333333334,1180,1346,1181,1406,1185,1466,1194,1526,1217,1580,1260,1622,1316,1649,1374,1669,1438,1677,1497,1674,1546,1654,1589,1623,1618,1578,1636,1527,1649,1474,1655,1420,1655,1368,1258,1281,1293,1248,1341,1236,1392,1238,1440,1251,1490,1261,1533,1257,1576,1261,1614,1279,1633,1316,1463,1300,1465,1331,1467,1360,1469,1392,1404,1442,1432,1448,1461,1453,1487,1451,1512,1449,1307,1308,1335,1290,1366,1293,1392,1318,1363,1318,1332,1315,1512,1331,1541,1310,1571,1313,1593,1335,1569,1339,1540,1337,1354,1531,1394,1500,1435,1489,1462,1497,1489,1494,1520,1509,1542,1544,1514,1557,1483,1564,1453,1564,1425,1559,1389,1548,1370,1529,1432,1517,1459,1520,1487,1521,1529,1539,1485,1536,1457,1535,1429,1532
53,h,1,1,1228,1178,1673,1624,1.7666666666666666,1183,1345,1184,1405,1189,1465,1199,1524,1221,1579,1262,1621,1317,1648,1375,1669,1437,1679,1497,1676,1547,1656,1590,1624,1618,1579,1636,1528,1649,1475,1655,1422,1654,1369,1259,1277,1292,1245,1339,1233,1389,1236,1436,1249,1490,1258,1532,1255,1576,1260,1613,1279,1633,1316,1461,1299,1463,1329,1465,1358,1467,1391,1402,1440,1429,1446,1459,1452,1485,1449,1510,1448,1307,1305,1335,1291,1364,1293,1390,1315,1362,1313,1333,1310,1515,1329,1544,1312,1572,1316,1594,1334,1570,1336,1541,1333,1354,1528,1392,1498,1432,1487,1460,1494,1488,1492,1519,1508,1542,1543,1513,1555,1481,1561,1452,1561,1423,1556,1387,1545,1370,1526,1430,1514,1458,1518,1485,1519,1529,1537,1483,1534,1455,1534,1427,1529
54,h,1,1,1228,1178,1673,1624,1.8,1180,1344,1182,1405,1187,1466,1198,1525,1221,1580,1262,1622,1317,1647,1373,1666,1435,1676,1493,1674,1543,1654,1586,1623,1617,1579,1636,1529,1649,1475,1656,1421,1656,1367,1258,1277,1292,1245,1339,1233,1390,1235,1437,1248,1490,1256,1532,1253,1576,1258,1613,1277,1632,1313,1461,1298,1463,1328,1465,1356,1467,1387,1402,1438,1430,1443,1459,1449,1485,1447,1510,1445,1306,1304,1334,1289,1364,1290,1389,1314,1361,1313,1332,1309,1514,1328,1543,1309,1571,1312,1593,1332,1569,1334,1541,1331,1353,1527,1391,1496,1430,1485,1458,1492,1486,1489,1517,1505,1539,1541,1511,1551,1480,1557,1450,1557,1421,1553,1385,1542,1368,1524,1428,1512,1456,1515,1484,1516,1526,1535,1482,1531,1453,1530,1425,1527
55,h,1,1,1228,1178,1673,1624,1.8333333333333333,1179,1344,1180,1404,1184,1464,1194,1522,1216,1576,1257,1618,1313,1644,1371,1663,1434,1674,1494,1672,1544,1653,1588,1621,1619,1576,1636,1526,1649,1473,1655,1419,1655,1366,1258,1275,1291,1242,1338,1230,1388,1233,1434,1245,1490,1254,1532,1250,1575,1256,1613,1274,1632,1310,1460,1295,1462,1325,1464,1354,1466,1386,1402,1436,1429,1441,1458,1447,1484,1445,1509,1443,1305,1301,1333,1284,1363,1287,1388,1313,1360,1311,1330,1307,1514,1326,1543,1306,1572,1308,1593,1330,1570,1332,1541,1329,1352,1524,1392,1494,1432,1482,1459,1490,1486,1488,1517,1504,1539,1540,1511,1550,1479,1557,1450,1556,1422,1551,1386,1540,1368,1521,1429,1511,1456,1515,1484,1515,1525,1534,1481,1528,1453,1527,1426,1523
56,h,1,1,1228,1178,1673,1624,1.8666666666666667,1179,1344,1180,1404,1184,1464,1194,1522,1216,1576,1257,1618,1313,1644,1371,1663,1434,1674,1494,1672,1544,1653,1588,1621,1619,1576,1636,1526,1649,1473,1655,1419,1655,1366,1258,1275,1291,1242,1338,1230,1388,1233,1434,1245,1490,1254,1532,1250,1575,1256,1613,1274,1632,1310,1460,1295,1462,1325,1464,1354,1466,1386,1402,1436,1429,1441,1458,1447,1484,1445,1509,1443,1305,1301,1333,1284,1363,1287,1388,1313,1360,1311,1330,1307,1514,1326,1543,1306,1572,1308,1593,1330,1570,1332,1541,1329,1352,1524,1392,1494,1432,1482,1459,1490,1486,1488,1517,1504,1539,1540,1511,1550,1479,1557,1450,1556,1422,1551,1386,1540,1368,1521,1429,1511,1456,1515,1484,1515,1525,1534,1481,1528,1453,1527,1426,1523
57,h,1,1,1228,1178,1673,1624,1.9,1178,1341,1179,1403,1184,1464,1194,1523,1217,1579,1259,1620,1315,1646,1373,1663,1435,1672,1493,1670,1543,1650,1588,1619,1617,1576,1635,1526,1649,1473,1656,1420,1656,1367,1254,1272,1288,1239,1336,1227,1386,1230,1434,1243,1488,1251,1530,1247,1574,1253,1612,1271,1631,1307,1459,1292,1460,1321,1462,1349,1465,1380,1400,1432,1427,1437,1456,1443,1482,1441,1507,1439,1300,1300,1329,1283,1359,1285,1385,1310,1356,1308,1326,1305,1514,1323,1543,1304,1571,1306,1594,1327,1570,1329,1541,1326,1349,1524,1388,1491,1429,1478,1457,1486,1485,1482,1516,1499,1538,1537,1510,1547,1478,1554,1449,1554,1420,1550,1383,1539,1364,1521,1427,1507,1454,1511,1482,1511,1524,1531,1480,1525,1452,1525,1424,1522
58,h,1,1,1228,1178,1673,1624,1.9333333333333333,1176,1339,1177,1399,1182,1458,1191,1517,1213,1571,1254,1613,1311,1638,1369,1657,1432,1667,1491,1665,1541,1647,1586,1616,1616,1572,1634,1522,1646,1469,1652,1415,1652,1363,1253,1269,1287,1236,1335,1224,1385,1226,1432,1240,1488,1248,1529,1244,1572,1250,1608,1268,1627,1304,1458,1289,1459,1318,1461,1346,1463,1377,1399,1429,1426,1433,1454,1439,1481,1437,1506,1435,1301,1296,1329,1279,1359,1281,1385,1306,1356,1304,1326,1301,1511,1319,1540,1299,1568,1302,1590,1323,1566,1325,1537,1322,1349,1518,1388,1486,1429,1473,1456,1481,1484,1478,1515,1495,1537,1531,1509,1542,1477,1548,1448,1549,1419,1544,1382,1534,1364,1515,1426,1502,1454,1505,1481,1506,1523,1526,1479,1520,1451,1520,1423,1516
59,h,1,1,1228,1178,1673,1624,1.9666666666666666,1185,1338,1187,1397,1193,1456,1202,1514,1223,1569,1262,1608,1315,1634,1370,1652,1433,1662,1493,1660,1544,1642,1589,1614,1618,1570,1637,1521,1649,1470,1656,1417,1655,1366,1254,1267,1287,1235,1333,1223,1382,1225,1428,1238,1488,1247,1529,1243,1572,1249,1608,1266,1627,1300,1455,1285,1457,1314,1458,1342,1460,1372,1398,1424,1425,1429,1453,1435,1479,1433,1504,1431,1299,1294,1327,1277,1358,1279,1383,1304,1355,1303,1324,1300,1510,1317,1539,1296,1568,1299,1591,1322,1567,1323,1537,1320,1348,1513,1387,1481,1427,1469,1454,1477,1480,1474,1513,1491,1538,1527,1508,1538,1475,1543,1447,1543,1419,1538,1382,1528,1363,1510,1425,1500,1452,1503,1478,1504,1524,1522,1477,1514,1450,1513,1422,1510
60,h,1,1,1228,1178,1673,1624,2.0,1185,1338,1187,1397,1193,1456,1202,1514,1223,1569,1262,1608,1315,1634,1370,1652,1433,1662,1493,1660,1544,1642,1589,1614,1618,1570,1637,1521,1649,1470,1656,1417,1655,1366,1254,1267,1287,1235,1333,1223,1382,1225,1428,1238,1488,1247,1529,1243,1572,1249,1608,1266,1627,1300,1455,1285,1457,1314,1458,1342,1460,1372,1398,1424,1425,1429,1453,1435,1479,1433,1504,1431,1299,1294,1327,1277,1358,1279,1383,1304,1355,1303,1324,1300,1510,1317,1539,1296,1568,1299,1591,1322,1567,1323,1537,1320,1348,1513,1387,1481,1427,1469,1454,1477,1480,1474,1513,1491,1538,1527,1508,1538,1475,1543,1447,1543,1419,1538,1382,1528,1363,1510,1425,1500,1452,1503,1478,1504,1524,1522,1477,1514,1450,1513,1422,1510
61,h,1,1,1228,1178,1673,1624,2.033333333333333,1186,1330,1185,1389,1190,1447,1199,1506,1218,1560,1256,1601,1309,1626,1366,1643,1429,1651,1488,1650,1541,1634,1587,1605,1617,1563,1635,1515,1648,1465,1656,1413,1655,1362,1257,1260,1290,1230,1335,1219,1382,1222,1427,1234,1487,1243,1529,1241,1571,1245,1608,1262,1631,1293,1454,1282,1455,1311,1457,1339,1458,1370,1396,1422,1423,1426,1451,1432,1477,1430,1502,1429,1297,1290,1326,1274,1357,1276,1383,1301,1354,1299,1323,1296,1509,1314,1539,1294,1568,1297,1590,1319,1566,1320,1536,1316,1344,1508,1384,1478,1424,1466,1451,1473,1478,1471,1509,1487,1534,1521,1503,1530,1472,1534,1443,1534,1415,1530,1378,1521,1359,1505,1421,1496,1448,1499,1476,1500,1520,1515,1474,1505,1446,1504,1419,1501
62,h,1,1,1228,1178,1673,1624,2.066666666666667,1177,1334,1176,1393,1180,1452,1188,1510,1208,1564,1248,1604,1302,1627,1361,1642,1425,1651,1485,1649,1537,1636,1582,1608,1613,1567,1631,1519,1644,1468,1651,1417,1652,1365,1253,1259,1287,1230,1332,1219,1380,1221,1426,1233,1488,1244,1530,1241,1572,1246,1609,1262,1630,1295,1453,1280,1454,1309,1456,1337,1457,1368,1394,1420,1421,1424,1449,1430,1475,1428,1500,1427,1295,1289,1324,1272,1354,1275,1381,1300,1351,1298,1321,1295,1508,1313,1539,1293,1568,1296,1590,1319,1565,1319,1536,1316,1341,1505,1382,1475,1422,1464,1450,1471,1477,1468,1507,1484,1531,1518,1501,1524,1470,1529,1441,1528,1412,1524,1376,1516,1356,1502,1419,1493,1447,1496,1474,1497,1518,1513,1472,1502,1445,1502,1416,1498
63,h,1,1,1228,1178,1673,1624,2.1,1177,1336,1176,1396,1180,1456,1189,1515,1209,1569,1249,1608,1303,1631,1361,1646,1424,1654,1484,1653,1537,1638,1584,1611,1614,1569,1633,1521,1646,1470,1653,1418,1654,1367,1251,1259,1285,1230,1330,1219,1378,1221,1425,1233,1486,1243,1528,1240,1571,1246,1608,1263,1629,1296,1452,1280,1453,1309,1454,1336,1456,1367,1393,1419,1419,1423,1448,1429,1474,1427,1499,1427,1294,1290,1322,1274,1353,1275,1380,1299,1350,1297,1320,1294,1508,1313,1538,1294,1566,1297,1589,1319,1564,1319,1535,1315,1339,1505,1380,1474,1420,1462,1449,1469,1476,1467,1506,1483,1532,1519,1500,1525,1468,1528,1439,1528,1410,1524,1373,1516,1354,1502,1418,1492,1446,1495,1473,1496,1519,1514,1470,1502,1442,1501,1414,1497
64,h,1,1,1228,1178,1673,1624,2.1333333333333333,1177,1336,1176,1396,1180,1456,1189,1515,1209,1569,1249,1608,1303,1631,1361,1646,1424,1654,1484,1653,1537,1638,1584,1611,1614,1569,1633,1521,1646,1470,1653,1418,1654,1367,1251,1259,1285,1230,1330,1219,1378,1221,1425,1233,1486,1243,1528,1240,1571,1246,1608,1263,1629,1296,1452,1280,1453,1309,1454,1336,1456,1367,1393,1419,1419,1423,1448,1429,1474,1427,1499,1427,1294,1290,1322,1274,1353,1275,1380,1299,1350,1297,1320,1294,1508,1313,1538,1294,1566,1297,1589,1319,1564,1319,1535,1315,1339,1505,1380,1474,1420,1462,1449,1469,1476,1467,1506,1483,1532,1519,1500,1525,1468,1528,1439,1528,1410,1524,1373,1516,1354,1502,1418,1492,1446,1495,1473,1496,1519,1514,1470,1502,1442,1501,1414,1497
65,h,1,1,1228,1178,1673,1624,2.1666666666666665,1181,1325,1178,1385,1182,1446,1189,1505,1210,1560,1249,1602,1303,1627,1360,1644,1423,1653,1483,1651,1536,1636,1582,1608,1612,1567,1629,1517,1643,1466,1651,1413,1651,1362,1254,1255,1289,1228,1333,1218,1381,1221,1426,1234,1487,1244,1527,1241,1569,1246,1605,1262,1627,1293,1454,1282,1454,1311,1455,1338,1456,1368,1392,1419,1419,1424,1448,1430,1474,1428,1499,1427,1297,1288,1326,1272,1356,1275,1382,1300,1353,1297,1322,1294,1507,1313,1536,1294,1565,1297,1587,1319,1563,1319,1534,1316,1341,1506,1381,1474,1420,1463,1449,1471,1476,1468,1507,1485,1531,1521,1500,1529,1469,1533,1440,1532,1410,1528,1374,1518,1357,1503,1417,1493,1446,1497,1473,1498,1517,1516,1471,1505,1444,1504,1414,1500
66,h,1,1,1228,1178,1673,1624,2.2,1172,1339,1173,1399,1179,1458,1188,1516,1210,1568,1251,1606,1305,1629,1362,1645,1425,1653,1483,1652,1534,1635,1577,1606,1606,1564,1623,1516,1636,1466,1643,1415,1644,1366,1250,1261,1284,1232,1329,1221,1377,1223,1424,1235,1484,1245,1525,1242,1567,1248,1603,1263,1625,1296,1451,1284,1452,1312,1454,1339,1455,1369,1392,1421,1419,1426,1447,1431,1473,1429,1498,1428,1292,1293,1320,1275,1351,1276,1377,1302,1348,1301,1317,1298,1505,1315,1534,1295,1563,1298,1586,1320,1561,1321,1532,1318,1338,1510,1379,1478,1420,1465,1448,1473,1475,1470,1505,1487,1528,1523,1500,1532,1468,1537,1440,1537,1410,1533,1373,1523,1354,1508,1417,1495,1445,1498,1472,1499,1515,1518,1470,1509,1443,1508,1414,1505
67,h,1,1,1228,1178,1673,1624,2.2333333333333334,1172,1339,1173,1399,1179,1458,1188,1516,1210,1568,1251,1606,1305,1629,1362,1645,1425,1653,1483,1652,1534,1635,1577,1606,1606,1564,1623,1516,1636,1466,1643,1415,1644,1366,1250,1261,1284,1232,1329,1221,1377,1223,1424,1235,1484,1245,1525,1242,1567,1248,1603,1263,1625,1296,1451,1284,1452,1312,1454,1339,1455,1369,1392,1421,1419,1426,1447,1431,1473,1429,1498,1428,1292,1293,1320,1275,1351,1276,1377,1302,1348,1301,1317,1298,1505,1315,1534,1295,1563,1298,1586,1320,1561,1321,1532,1318,1338,1510,1379,1478,1420,1465,1448,1473,1475,1470,1505,1487,1528,1523,1500,1532,1468,1537,1440,1537,1410,1533,1373,1523,1354,1508,1417,1495,1445,1498,1472,1499,1515,1518,1470,1509,1443,1508,1414,1505
68,h,1,1,1228,1178,1673,1624,2.2666666666666666,1173,1335,1173,1396,1179,1455,1188,1513,1209,1567,1249,1606,1304,1631,1362,1648,1426,1657,1485,1655,1536,1638,1581,1610,1611,1569,1629,1521,1642,1470,1649,1419,1649,1369,1249,1260,1284,1231,1329,1220,1378,1223,1423,1236,1484,1247,1526,1244,1569,1249,1606,1265,1629,1298,1451,1284,1452,1313,1453,1340,1455,1371,1391,1421,1418,1426,1447,1432,1473,1430,1498,1428,1292,1292,1321,1275,1351,1277,1378,1302,1348,1300,1318,1297,1506,1316,1536,1297,1565,1300,1587,1322,1562,1322,1533,1319,1339,1510,1379,1478,1419,1467,1448,1474,1475,1471,1506,1488,1529,1525,1500,1535,1468,1541,1439,1540,1409,1536,1373,1525,1354,1507,1417,1496,1445,1500,1472,1500,1516,1519,1470,1512,1442,1511,1413,1507
69,h,1,1,1228,1178,1673,1624,2.3,1173,1337,1173,1397,1178,1456,1187,1515,1208,1568,1248,1608,1303,1632,1360,1650,1422,1660,1480,1658,1532,1643,1577,1616,1608,1573,1627,1525,1641,1473,1649,1421,1650,1370,1250,1262,1284,1232,1330,1221,1379,1224,1425,1237,1483,1246,1525,1244,1568,1250,1605,1267,1627,1300,1450,1286,1451,1314,1452,1341,1454,1371,1390,1423,1417,1428,1446,1434,1472,1433,1498,1431,1291,1293,1321,1276,1352,1278,1377,1303,1348,1301,1318,1298,1505,1318,1535,1298,1564,1302,1587,1324,1561,1324,1532,1321,1337,1513,1378,1479,1418,1467,1447,1475,1474,1472,1506,1490,1530,1528,1500,1537,1468,1543,1438,1542,1409,1538,1372,1528,1353,1510,1416,1497,1444,1501,1472,1501,1517,1523,1470,1514,1442,1513,1413,1510
70,h,1,1,1228,1178,1673,1624,2.3333333333333335,1170,1339,1169,1400,1174,1460,1183,1519,1205,1573,1247,1612,1303,1635,1361,1653,1424,1663,1482,1661,1533,1644,1577,1614,1607,1570,1625,1519,1639,1467,1645,1415,1643,1364,1249,1260,1284,1232,1329,1222,1378,1225,1423,1238,1482,1248,1522,1245,1564,1251,1599,1268,1619,1301,1449,1287,1450,1315,1452,1342,1454,1372,1390,1424,1417,1429,1445,1435,1471,1433,1496,1432,1292,1293,1320,1276,1351,1279,1376,1303,1348,1301,1318,1298,1502,1317,1532,1299,1560,1302,1582,1324,1558,1324,1529,1321,1337,1515,1377,1481,1419,1468,1447,1476,1474,1473,1504,1490,1527,1528,1498,1537,1467,1543,1438,1543,1409,1538,1372,1529,1352,1512,1416,1498,1444,1502,1471,1503,1514,1522,1469,1515,1442,1514,1413,1511
71,h,1,1,1228,1178,1673,1624,2.3666666666666667,1170,1339,1169,1400,1174,1460,1183,1519,1205,1573,1247,1612,1303,1635,1361,1653,1424,1663,1482,1661,1533,1644,1577,1614,1607,1570,1625,1519,1639,1467,1645,1415,1643,1364,1249,1260,1284,1232,1329,1222,1378,1225,1423,1238,1482,1248,1522,1245,1564,1251,1599,1268,1619,1301,1449,1287,1450,1315,1452,1342,1454,1372,1390,1424,1417,1429,1445,1435,1471,1433,1496,1432,1292,1293,1320,1276,1351,1279,1376,1303,1348,1301,1318,1298,1502,1317,1532,1299,1560,1302,1582,1324,1558,1324,1529,1321,1337,1515,1377,1481,1419,1468,1447,1476,1474,1473,1504,1490,1527,1528,1498,1537,1467,1543,1438,1543,1409,1538,1372,1529,1352,1512,1416,1498,1444,1502,1471,1503,1514,1522,1469,1515,1442,1514,1413,1511
72,h,1,1,1228,1178,1673,1624,2.4,1169,1339,1168,1399,1172,1459,1181,1518,1204,1572,1247,1610,1303,1634,1361,1651,1423,1660,1480,1659,1530,1644,1574,1615,1604,1573,1622,1523,1636,1471,1643,1417,1643,1366,1249,1261,1283,1232,1329,1222,1377,1225,1423,1237,1482,1247,1523,1245,1564,1251,1600,1268,1619,1301,1449,1288,1451,1316,1452,1343,1454,1373,1390,1424,1417,1429,1445,1435,1471,1433,1496,1433,1291,1293,1320,1277,1350,1279,1376,1304,1347,1302,1317,1299,1503,1319,1532,1299,1561,1303,1583,1325,1558,1325,1529,1322,1336,1515,1377,1481,1419,1468,1447,1476,1474,1473,1505,1491,1528,1529,1498,1539,1467,1544,1438,1544,1408,1539,1371,1530,1351,1512,1416,1498,1444,1502,1471,1502,1514,1523,1469,1515,1441,1514,1413,1511
73,h,1,1,1228,1178,1673,1624,2.433333333333333,1167,1340,1168,1400,1172,1460,1182,1519,1205,1572,1247,1611,1303,1634,1361,1650,1423,1659,1481,1656,1532,1641,1577,1613,1606,1570,1624,1521,1637,1470,1644,1417,1643,1365,1245,1265,1279,1235,1326,1224,1375,1227,1422,1240,1479,1249,1519,1246,1561,1251,1597,1267,1617,1300,1447,1288,1449,1317,1451,1344,1453,1374,1389,1426,1416,1431,1444,1436,1470,1435,1495,1434,1288,1295,1318,1278,1348,1280,1374,1305,1345,1303,1315,1299,1500,1318,1529,1299,1558,1302,1580,1323,1556,1323,1527,1321,1337,1513,1376,1481,1416,1470,1445,1477,1472,1475,1502,1491,1526,1528,1497,1537,1465,1542,1437,1542,1407,1537,1371,1528,1352,1511,1413,1498,1443,1502,1469,1503,1513,1522,1468,1514,1440,1514,1410,1510
74,h,1,1,1228,1178,1673,1624,2.466666666666667,1169,1339,1168,1399,1173,1458,1182,1517,1204,1571,1245,1610,1300,1633,1358,1650,1421,1658,1479,1656,1532,1641,1577,1613,1608,1571,1625,1522,1638,1470,1645,1418,1645,1367,1246,1265,1280,1235,1326,1224,1375,1227,1421,1240,1479,1249,1519,1247,1562,1253,1597,1270,1618,1302,1446,1290,1447,1318,1449,1345,1451,1374,1387,1427,1414,1432,1442,1437,1468,1436,1493,1434,1288,1294,1318,1279,1348,1281,1374,1306,1345,1303,1314,1300,1500,1320,1530,1301,1559,1304,1582,1325,1556,1325,1527,1322,1334,1516,1373,1484,1414,1471,1443,1478,1469,1475,1500,1492,1523,1529,1494,1537,1462,1543,1434,1543,1405,1539,1368,1530,1349,1513,1412,1501,1440,1504,1466,1505,1510,1523,1465,1515,1438,1514,1409,1511
75,h,1,1,1228,1178,1673,1624,2.5,1169,1339,1168,1399,1173,1458,1182,1517,1204,1571,1245,1610,1300,1633,1358,1650,1421,1658,1479,1656,1532,1641,1577,1613,1608,1571,1625,1522,1638,1470,1645,1418,1645,1367,1246,1265,1280,1235,1326,1224,1375,1227,1421,1240,1479,1249,1519,1247,1562,1253,1597,1270,1618,1302,1446,1290,1447,1318,1449,1345,1451,1374,1387,1427,1414,1432,1442,1437,1468,1436,1493,1434,1288,1294,1318,1279,1348,1281,1374,1306,1345,1303,1314,1300,1500,1320,1530,1301,1559,1304,1582,1325,1556,1325,1527,1322,1334,1516,1373,1484,1414,1471,1443,1478,1469,1475,1500,1492,1523,1529,1494,1537,1462,1543,1434,1543,1405,1539,1368,1530,1349,1513,1412,1501,1440,1504,1466,1505,1510,1523,1465,1515,1438,1514,1409,1511
76,h,1,1,1228,1178,1673,1624,2.533333333333333,1163,1342,1163,1402,1167,1461,1176,1520,1198,1574,1240,1613,1297,1636,1355,1653,1416,1663,1475,1660,1526,1643,1570,1614,1600,1572,1618,1523,1631,1470,1638,1418,1639,1367,1243,1265,1279,1236,1326,1226,1374,1229,1420,1242,1478,1251,1518,1248,1560,1253,1594,1270,1614,1302,1445,1292,1447,1320,1448,1347,1450,1377,1387,1429,1414,1434,1442,1439,1467,1438,1492,1437,1287,1296,1316,1280,1347,1282,1372,1308,1343,1305,1313,1302,1498,1321,1527,1301,1556,1304,1577,1325,1553,1326,1525,1324,1331,1518,1372,1486,1414,1474,1441,1481,1468,1478,1498,1495,1521,1530,1493,1539,1461,1545,1433,1545,1404,1541,1366,1533,1346,1515,1411,1503,1439,1507,1465,1507,1508,1525,1463,1517,1436,1516,1408,1513
77,h,1,1,1228,1178,1673,1624,2.566666666666667,1167,1337,1166,1397,1170,1457,1180,1516,1202,1570,1244,1610,1299,1634,1357,1652,1419,1661,1477,1659,1529,1643,1573,1615,1603,1573,1623,1526,1638,1475,1645,1423,1645,1373,1243,1263,1278,1235,1325,1226,1374,1229,1421,1241,1480,1251,1522,1250,1565,1256,1602,1272,1625,1304,1446,1294,1446,1322,1447,1349,1448,1379,1385,1431,1412,1436,1440,1441,1466,1440,1492,1439,1287,1297,1316,1280,1347,1282,1373,1308,1344,1307,1313,1303,1501,1323,1530,1303,1560,1306,1583,1328,1557,1330,1528,1327,1331,1519,1371,1487,1412,1475,1440,1482,1466,1480,1498,1497,1522,1533,1492,1542,1460,1547,1432,1547,1403,1543,1365,1533,1347,1516,1409,1504,1437,1508,1463,1509,1509,1527,1462,1518,1435,1517,1407,1514
78,h,1,1,1228,1178,1673,1624,2.6,1164,1336,1163,1397,1167,1456,1175,1514,1197,1569,1237,1609,1293,1633,1351,1650,1413,1659,1471,1658,1522,1643,1566,1615,1597,1573,1616,1525,1630,1473,1638,1421,1639,1370,1244,1265,1280,1236,1326,1227,1374,1229,1420,1242,1480,1253,1521,1251,1563,1257,1598,1273,1618,1305,1446,1295,1447,1324,1447,1351,1448,1381,1385,1432,1412,1437,1439,1443,1465,1441,1490,1440,1287,1298,1316,1281,1347,1283,1372,1310,1343,1308,1312,1304,1500,1325,1528,1304,1558,1307,1580,1330,1555,1331,1526,1328,1331,1519,1371,1488,1411,1477,1439,1485,1466,1482,1496,1498,1518,1533,1490,1542,1459,1548,1431,1548,1401,1544,1364,1534,1346,1517,1408,1506,1437,1509,1463,1510,1505,1528,1462,1520,1434,1519,1406,1516
79,h,1,1,1228,1178,1673,1624,2.6333333333333333,1164,1336,1163,1397,1167,1456,1175,1514,1197,1569,1237,1609,1293,1633,1351,1650,1413,1659,1471,1658,1522,1643,1566,1615,1597,1573,1616,1525,1630,1473,1638,1421,1639,1370,1244,1265,1280,1236,1326,1227,1374,1229,1420,1242,1480,1253,1521,1251,1563,1257,1598,1273,1618,1305,1446,1295,1447,1324,1447,1351,1448,1381,1385,1432,1412,1437,1439,1443,1465,1441,1490,1440,1287,1298,1316,1281,1347,1283,1372,1310,1343,1308,1312,1304,1500,1325,1528,1304,1558,1307,1580,1330,1555,1331,1526,1328,1331,1519,1371,1488,1411,1477,1439,1485,1466,1482,1496,1498,1518,1533,1490,1542,1459,1548,1431,1548,1401,1544,1364,1534,1346,1517,1408,1506,1437,1509,1463,1510,1505,1528,1462,1520,1434,1519,1406,1516
80,h,1,1,1228,1178,1673,1624,2.6666666666666665,1165,1338,1165,1399,1168,1459,1177,1519,1200,1573,1240,1613,1295,1638,1351,1655,1412,1664,1469,1663,1521,1649,1566,1622,1598,1581,1618,1533,1634,1482,1642,1429,1644,1376,1241,1268,1277,1239,1324,1229,1374,1232,1420,1244,1479,1256,1520,1253,1563,1260,1599,1276,1621,1308,1445,1296,1445,1325,1446,1353,1447,1383,1384,1435,1410,1440,1439,1446,1465,1444,1490,1443,1286,1300,1315,1283,1346,1286,1371,1312,1342,1310,1311,1306,1500,1327,1529,1306,1558,1309,1581,1333,1556,1333,1526,1330,1330,1522,1370,1491,1410,1479,1438,1487,1464,1484,1495,1500,1520,1536,1489,1544,1457,1550,1429,1550,1401,1546,1364,1537,1346,1519,1407,1508,1435,1511,1461,1512,1506,1531,1460,1522,1433,1521,1405,1518
81,h,1,1,1178,1178,1624,1624,2.7,1163,1341,1160,1401,1163,1463,1171,1523,1192,1578,1234,1619,1291,1642,1349,1659,1410,1668,1468,1665,1519,1648,1564,1620,1596,1579,1616,1530,1631,1478,1639,1426,1641,1374,1244,1268,1279,1239,1325,1229,1373,1233,1418,1245,1477,1254,1519,1253,1561,1259,1597,1276,1617,1306,1444,1296,1445,1326,1446,1354,1447,1385,1383,1435,1410,1440,1438,1446,1464,1444,1488,1444,1287,1298,1316,1281,1346,1284,1370,1311,1343,1309,1312,1305,1498,1325,1527,1303,1556,1307,1577,1330,1554,1331,1525,1329,1328,1524,1369,1492,1410,1481,1435,1488,1464,1486,1495,1503,1518,1537,1488,1546,1456,1552,1427,1551,1399,1548,1362,1539,1343,1521,1407,1510,1433,1512,1461,1513,1505,1532,1459,1524,1430,1523,1403,1521
82,h,1,1,1178,1178,1624,1624,2.7333333333333334,1163,1341,1160,1401,1163,1463,1171,1523,1192,1578,1234,1619,1291,1642,1349,1659,1410,1668,1468,1665,1519,1648,1564,1620,1596,1579,1616,1530,1631,1478,1639,1426,1641,1374,1244,1268,1279,1239,1325,1229,1373,1233,1418,1245,1477,1254,1519,1253,1561,1259,1597,1276,1617,1306,1444,1296,1445,1326,1446,1354,1447,1385,1383,1435,1410,1440,1438,1446,1464,1444,1488,1444,1287,1298,1316,1281,1346,1284,1370,1311,1343,1309,1312,1305,1498,1325,1527,1303,1556,1307,1577,1330,1554,1331,1525,1329,1328,1524,1369,1492,1410,1481,1435,1488,1464,1486,1495,1503,1518,1537,1488,1546,1456,1552,1427,1551,1399,1548,1362,1539,1343,1521,1407,1510,1433,1512,1461,1513,1505,1532,1459,1524,1430,1523,1403,1521
83,h,1,1,1178,1178,1624,1624,2.7666666666666666,1162,1343,1161,1405,1166,1465,1175,1525,1198,1578,1240,1618,1296,1642,1354,1657,1415,1666,1472,1663,1522,1646,1566,1617,1595,1574,1614,1525,1628,1474,1636,1423,1637,1371,1241,1269,1276,1239,1322,1230,1371,1233,1416,1247,1475,1255,1516,1253,1558,1259,1593,1277,1613,1309,1442,1296,1443,1326,1445,1354,1447,1386,1382,1436,1409,1441,1437,1446,1463,1445,1487,1445,1283,1300,1312,1282,1343,1285,1367,1312,1340,1309,1309,1306,1495,1326,1525,1304,1554,1308,1575,1330,1552,1331,1523,1329,1329,1525,1369,1493,1410,1482,1437,1490,1465,1487,1496,1504,1517,1539,1489,1548,1458,1554,1427,1554,1399,1550,1362,1541,1343,1523,1407,1511,1434,1514,1462,1514,1504,1534,1460,1525,1431,1525,1403,1521
84,h,1,1,1178,1178,1624,1624,2.8,1160,1343,1160,1405,1163,1467,1172,1527,1194,1582,1235,1622,1291,1647,1349,1663,1411,1673,1468,1670,1519,1654,1564,1624,1593,1582,1612,1532,1626,1480,1634,1427,1637,1375,1239,1270,1276,1240,1322,1231,1372,1234,1416,1248,1475,1257,1517,1255,1558,1261,1593,1278,1613,1310,1442,1298,1443,1327,1444,1356,1446,1387,1381,1437,1408,1442,1436,1448,1463,1446,1487,1445,1283,1301,1312,1282,1343,1285,1367,1313,1340,1310,1309,1307,1495,1327,1525,1305,1554,1308,1575,1332,1552,1333,1524,1330,1327,1526,1368,1494,1409,1482,1436,1490,1465,1487,1496,1504,1517,1540,1489,1550,1457,1554,1427,1555,1399,1551,1361,1542,1342,1523,1407,1512,1433,1514,1462,1515,1504,1534,1459,1526,1430,1526,1403,1523
85,h,1,1,1178,1178,1624,1624,2.8333333333333335,1163,1343,1161,1405,1166,1467,1175,1527,1198,1581,1239,1621,1294,1646,1350,1661,1410,1670,1467,1667,1518,1651,1562,1622,1593,1580,1613,1531,1628,1479,1637,1428,1639,1376,1240,1270,1276,1240,1322,1230,1372,1233,1418,1247,1475,1257,1517,1255,1559,1260,1595,1277,1616,1310,1442,1298,1443,1328,1444,1357,1446,1388,1381,1437,1408,1443,1437,1449,1463,1447,1487,1446,1283,1301,1313,1283,1344,1286,1368,1313,1341,1311,1309,1308,1495,1328,1525,1306,1554,1310,1575,1333,1552,1334,1524,1332,1328,1526,1369,1495,1409,1483,1436,1491,1465,1488,1496,1505,1517,1539,1489,1548,1457,1554,1427,1554,1399,1550,1362,1542,1343,1523,1406,1512,1433,1515,1462,1515,1504,1534,1460,1526,1430,1525,1403,1523
86,h,1,1,1178,1178,1624,1624,2.8666666666666667,1163,1343,1161,1405,1166,1467,1175,1527,1198,1581,1239,1621,1294,1646,1350,1661,1410,1670,1467,1667,1518,1651,1562,1622,1593,1580,1613,1531,1628,1479,1637,1428,1639,1376,1240,1270,1276,1240,1322,1230,1372,1233,1418,1247,1475,1257,1517,1255,1559,1260,1595,1277,1616,1310,1442,1298,1443,1328,1444,1357,1446,1388,1381,1437,1408,1443,1437,1449,1463,1447,1487,1446,1283,1301,1313,1283,1344,1286,1368,1313,1341,1311,1309,1308,1495,1328,1525,1306,1554,1310,1575,1333,1552,1334,1524,1332,1328,1526,1369,1495,1409,1483,1436,1491,1465,1488,1496,1505,1517,1539,1489,1548,1457,1554,1427,1554,1399,1550,1362,1542,1343,1523,1406,1512,1433,1515,1462,1515,1504,1534,1460,1526,1430,1525,1403,1523
87,h,1,1,1178,1178,1624,1624,2.9,1161,1343,1159,1405,1162,1466,1171,1526,1194,1580,1235,1619,1290,1643,1346,1659,1407,1667,1465,1664,1516,1648,1562,1619,1592,1577,1612,1529,1627,1478,1635,1427,1637,1375,1242,1269,1277,1240,1323,1230,1371,1234,1415,1247,1474,1257,1515,1254,1556,1259,1592,1276,1612,1307,1441,1298,1442,1328,1443,1357,1444,1388,1378,1438,1407,1443,1435,1448,1462,1447,1487,1447,1284,1301,1313,1285,1343,1288,1367,1314,1340,1311,1310,1308,1494,1328,1523,1307,1552,1310,1573,1331,1550,1334,1522,1331,1327,1525,1367,1495,1408,1484,1434,1491,1463,1489,1493,1505,1514,1539,1486,1549,1455,1555,1425,1555,1397,1551,1360,1542,1342,1523,1405,1512,1432,1515,1460,1516,1501,1534,1457,1527,1428,1526,1401,1523
88,h,1,1,1178,1178,1624,1624,2.933333333333333,1158,1345,1157,1406,1161,1467,1169,1526,1192,1580,1234,1620,1290,1644,1349,1659,1411,1668,1468,1664,1519,1648,1562,1619,1591,1577,1610,1528,1624,1477,1632,1427,1634,1377,1238,1271,1273,1241,1319,1231,1368,1235,1413,1248,1474,1257,1515,1255,1557,1261,1592,1278,1612,1310,1440,1298,1441,1328,1443,1357,1444,1388,1378,1438,1406,1443,1434,1449,1461,1447,1486,1447,1280,1302,1309,1284,1340,1287,1365,1315,1337,1312,1306,1309,1493,1329,1523,1306,1552,1309,1574,1333,1551,1334,1522,1332,1327,1526,1367,1495,1408,1483,1434,1492,1464,1488,1494,1505,1515,1540,1487,1550,1456,1555,1426,1555,1398,1551,1361,1542,1342,1523,1405,1513,1432,1516,1461,1516,1502,1535,1459,1527,1429,1526,1402,1523
89,h,1,1,1178,1178,1624,1624,2.966666666666667,1158,1344,1158,1404,1163,1465,1171,1524,1193,1578,1234,1619,1290,1644,1348,1662,1410,1671,1468,1668,1519,1650,1563,1620,1593,1578,1612,1528,1625,1476,1633,1425,1634,1373,1236,1271,1271,1241,1317,1231,1366,1234,1411,1247,1471,1256,1513,1253,1555,1259,1592,1277,1611,1311,1438,1298,1439,1328,1441,1357,1443,1389,1378,1438,1406,1444,1434,1450,1460,1448,1485,1447,1279,1303,1308,1285,1339,1288,1364,1315,1336,1313,1305,1309,1492,1329,1521,1307,1551,1309,1572,1333,1549,1334,1520,1332,1326,1527,1366,1495,1407,1484,1433,1492,1462,1490,1493,1506,1515,1541,1486,1550,1455,1556,1425,1556,1397,1551,1359,1542,1341,1524,1404,1513,1431,1516,1460,1517,1501,1536,1457,1528,1428,1527,1401,1524
90,h,1,1,1178,1178,1624,1624,3.0,1158,1344,1158,1404,1163,1465,1171,1524,1193,1578,1234,1619,1290,1644,1348,1662,1410,1671,1468,1668,1519,1650,1563,1620,1593,1578,1612,1528,1625,1476,1633,1425,1634,1373,1236,1271,1271,1241,1317,1231,1366,1234,1411,1247,1471,1256,1513,1253,1555,1259,1592,1277,1611,1311,1438,1298,1439,1328,1441,1357,1443,1389,1378,1438,1406,1444,1434,1450,1460,1448,1485,1447,1279,1303,1308,1285,1339,1288,1364,1315,1336,1313,1305,1309,1492,1329,1521,1307,1551,1309,1572,1333,1549,1334,1520,1332,1326,1527,1366,1495,1407,1484,1433,1492,1462,1490,1493,1506,1515,1541,1486,1550,1455,1556,1425,1556,1397,1551,1359,1542,1341,1524,1404,1513,1431,1516,1460,1517,1501,1536,1457,1528,1428,1527,1401,1524
91,h,1,1,1178,1178,1624,1624,3.033333333333333,1159,1347,1157,1407,1160,1469,1168,1527,1190,1580,1231,1620,1288,1643,1345,1660,1406,1669,1464,1666,1515,1649,1560,1621,1591,1578,1611,1529,1625,1477,1633,1425,1635,1373,1237,1273,1272,1242,1319,1233,1367,1237,1413,1250,1471,1259,1512,1257,1554,1262,1590,1279,1611,1311,1438,1299,1439,1329,1441,1358,1442,1390,1377,1438,1405,1443,1433,1449,1459,1447,1484,1447,1279,1302,1308,1284,1339,1287,1364,1315,1336,1312,1305,1308,1492,1328,1522,1306,1550,1310,1572,1332,1549,1334,1520,1332,1324,1526,1364,1496,1405,1484,1431,1492,1459,1489,1490,1506,1512,1541,1483,1550,1451,1555,1422,1555,1394,1551,1358,1543,1339,1524,1402,1513,1429,1516,1456,1517,1499,1536,1454,1527,1425,1526,1398,1523
92,h,1,1,1178,1178,1624,1624,3.066666666666667,1158,1345,1155,1406,1158,1467,1166,1525,1188,1579,1230,1619,1287,1644,1347,1660,1410,1668,1468,1664,1518,1647,1563,1617,1594,1575,1612,1525,1625,1474,1632,1422,1633,1370,1238,1269,1273,1241,1319,1232,1367,1237,1411,1250,1470,1259,1511,1256,1552,1261,1589,1276,1609,1308,1438,1299,1439,1329,1440,1357,1442,1389,1377,1437,1405,1443,1433,1449,1459,1447,1483,1446,1280,1302,1309,1285,1340,1288,1364,1315,1337,1312,1306,1308,1490,1328,1520,1306,1549,1310,1570,1332,1547,1333,1519,1331,1325,1525,1365,1495,1406,1484,1432,1492,1460,1489,1491,1506,1512,1540,1484,1550,1453,1556,1424,1556,1396,1552,1359,1543,1340,1523,1403,1513,1430,1516,1458,1517,1499,1535,1455,1527,1427,1526,1400,1524
93,h,1,1,1178,1178,1624,1624,3.1,1156,1346,1153,1406,1156,1467,1164,1526,1186,1579,1226,1620,1283,1644,1342,1660,1404,1669,1462,1666,1513,1649,1559,1619,1590,1577,1610,1527,1623,1476,1631,1425,1632,1374,1235,1272,1271,1243,1317,1233,1366,1236,1412,1250,1470,1259,1512,1257,1554,1262,1589,1279,1609,1311,1438,1299,1439,1329,1440,1357,1442,1389,1377,1438,1404,1443,1432,1449,1458,1448,1482,1447,1279,1302,1308,1284,1340,1287,1365,1315,1336,1313,1305,1309,1490,1329,1520,1306,1549,1310,1571,1333,1548,1335,1518,1332,1322,1525,1364,1496,1405,1484,1430,1492,1457,1489,1489,1506,1510,1540,1482,1549,1451,1555,1422,1555,1395,1552,1357,1543,1337,1523,1402,1513,1428,1517,1455,1517,1497,1535,1453,1527,1425,1526,1399,1524
94,h,1,1,1178,1178,1624,1624,3.1333333333333333,1156,1346,1153,1406,1156,1467,1164,1526,1186,1579,1226,1620,1283,1644,1342,1660,1404,1669,1462,1666,1513,1649,1559,1619,1590,1577,1610,1527,1623,1476,1631,1425,1632,1374,1235,1272,1271,1243,1317,1233,1366,1236,1412,1250,1470,1259,1512,1257,1554,1262,1589,1279,1609,1311,1438,1299,1439,1329,1440,1357,1442,1389,1377,1438,1404,1443,1432,1449,1458,1448,1482,1447,1279,1302,1308,1284,1340,1287,1365,1315,1336,1313,1305,1309,1490,1329,1520,1306,1549,1310,1571,1333,1548,1335,1518,1332,1322,1525,1364,1496,1405,1484,1430,1492,1457,1489,1489,1506,1510,1540,1482,1549,1451,1555,1422,1555,1395,1552,1357,1543,1337,1523,1402,1513,1428,1517,1455,1517,1497,1535,1453,1527,1425,1526,1399,1524
95,h,1,1,1178,1178,1624,1624,3.1666666666666665,1161,1340,1158,1402,1161,1463,1167,1523,1188,1577,1228,1619,1284,1643,1343,1660,1406,1669,1466,1665,1517,1648,1563,1618,1593,1576,1611,1526,1625,1475,1632,1423,1634,1372,1237,1270,1273,1241,1319,1232,1367,1236,1411,1250,1470,1260,1511,1257,1553,1262,1589,1277,1609,1309,1438,1298,1439,1329,1440,1358,1442,1390,1377,1438,1405,1443,1433,1450,1459,1448,1482,1446,1280,1302,1309,1284,1340,1287,1365,1315,1337,1312,1305,1309,1490,1329,1520,1307,1549,1310,1571,1333,1548,1335,1518,1332,1324,1525,1365,1496,1405,1485,1431,1493,1458,1490,1489,1507,1510,1541,1482,1550,1451,1556,1422,1556,1395,1552,1358,1543,1339,1523,1403,1514,1428,1517,1455,1518,1497,1536,1453,1527,1425,1526,1399,1524
96,h,1,1,1178,1178,1624,1624,3.2,1158,1343,1155,1403,1159,1464,1166,1523,1187,1578,1228,1619,1285,1644,1343,1662,1404,1671,1464,1668,1515,1650,1562,1620,1594,1577,1613,1527,1626,1474,1633,1422,1634,1370,1234,1271,1269,1243,1315,1233,1363,1238,1408,1251,1468,1260,1510,1258,1552,1262,1589,1279,1609,1312,1435,1299,1436,1330,1438,1359,1439,1391,1375,1441,1403,1446,1430,1452,1456,1450,1481,1449,1277,1303,1306,1285,1337,1289,1362,1315,1334,1313,1303,1310,1489,1330,1519,1308,1548,1312,1570,1334,1546,1336,1517,1334,1323,1527,1363,1498,1403,1487,1429,1495,1457,1491,1487,1508,1511,1542,1481,1550,1450,1557,1421,1557,1393,1553,1357,1545,1338,1525,1401,1515,1427,1518,1454,1518,1497,1537,1452,1529,1424,1528,1397,1526
97,h,1,1,1178,1178,1624,1624,3.2333333333333334,1155,1346,1154,1407,1158,1469,1167,1527,1190,1581,1231,1622,1287,1647,1345,1665,1406,1675,1463,1672,1513,1655,1559,1627,1591,1584,1612,1534,1627,1481,1633,1428,1633,1376,1232,1275,1267,1245,1313,1236,1362,1239,1406,1253,1466,1262,1508,1259,1550,1263,1587,1280,1607,1314,1434,1302,1435,1332,1437,1361,1438,1393,1374,1442,1401,1448,1429,1454,1455,1452,1480,1451,1275,1305,1304,1287,1336,1290,1360,1318,1332,1316,1301,1313,1488,1332,1518,1310,1547,1312,1568,1336,1545,1338,1517,1336,1322,1530,1362,1500,1403,1488,1429,1496,1457,1493,1489,1510,1511,1546,1482,1554,1450,1560,1420,1560,1393,1556,1356,1547,1337,1528,1400,1518,1427,1521,1454,1522,1498,1540,1452,1531,1424,1530,1397,1527
98,h,1,1,1178,1178,1624,1624,3.2666666666666666,1155,1346,1154,1407,1158,1469,1167,1527,1190,1581,1231,1622,1287,1647,1345,1665,1406,1675,1463,1672,1513,1655,1559,1627,1591,1584,1612,1534,1627,1481,1633,1428,1633,1376,1232,1275,1267,1245,1313,1236,1362,1239,1406,1253,1466,1262,1508,1259,1550,1263,1587,1280,1607,1314,1434,1302,1435,1332,1437,1361,1438,1393,1374,1442,1401,1448,1429,1454,1455,1452,1480,1451,1275,1305,1304,1287,1336,1290,1360,1318,1332,1316,1301,1313,1488,1332,1518,1310,1547,1312,1568,1336,1545,1338,1517,1336,1322,1530,1362,1500,1403,1488,1429,1496,1457,1493,1489,1510,1511,1546,1482,1554,1450,1560,1420,1560,1393,1556,1356,1547,1337,1528,1400,1518,1427,1521,1454,1522,1498,1540,1452,1531,1424,1530,1397,1527
99,h,1,1,1178,1178,1624,1624,3.3,1157,1347,1156,1407,1161,1468,1170,1527,1194,1580,1234,1621,1289,1647,1345,1665,1405,1675,1462,1671,1512,1652,1557,1624,1589,1582,1610,1534,1624,1483,1631,1430,1632,1378,1232,1280,1266,1249,1313,1239,1363,1242,1408,1256,1464,1264,1506,1261,1549,1266,1586,1284,1606,1318,1433,1306,1434,1337,1435,1366,1437,1398,1372,1447,1400,1452,1428,1458,1455,1456,1480,1455,1276,1308,1305,1290,1336,1293,1361,1321,1333,1319,1302,1315,1487,1335,1517,1312,1546,1315,1567,1338,1544,1340,1515,1338,1320,1535,1360,1506,1401,1495,1427,1503,1454,1499,1485,1515,1507,1547,1479,1557,1448,1564,1419,1564,1391,1560,1355,1551,1335,1532,1399,1522,1425,1525,1452,1526,1494,1542,1450,1535,1422,1534,1395,1532
100,h,1,1,1178,1228,1624,1673,3.3333333333333335,1162,1351,1162,1412,1168,1473,1176,1532,1197,1586,1235,1629,1286,1657,1341,1676,1402,1685,1460,1682,1511,1664,1555,1635,1586,1592,1606,1543,1620,1492,1629,1438,1631,1384,1231,1287,1265,1257,1311,1248,1360,1252,1404,1267,1468,1276,1508,1271,1549,1274,1585,1290,1605,1322,1431,1314,1432,1346,1433,1377,1434,1411,1369,1456,1398,1462,1426,1468,1453,1466,1478,1465,1273,1318,1302,1300,1334,1303,1359,1331,1330,1328,1299,1324,1486,1343,1515,1321,1545,1323,1567,1346,1544,1349,1514,1346,1318,1542,1358,1514,1397,1505,1424,1513,1452,1510,1482,1525,1505,1557,1476,1569,1444,1576,1415,1576,1386,1572,1351,1562,1333,1540,1394,1532,1421,1536,1449,1537,1492,1553,1447,1546,1418,1545,1391,1542
101,h,1,1,1178,1228,1624,1673,3.3666666666666667,1162,1351,1162,1412,1168,1473,1176,1532,1197,1586,1235,1629,1286,1657,1341,1676,1402,1685,1460,1682,1511,1664,1555,1635,1586,1592,1606,1543,1620,1492,1629,1438,1631,1384,1231,1287,1265,1257,1311,1248,1360,1252,1404,1267,1468,1276,1508,1271,1549,1274,1585,1290,1605,1322,1431,1314,1432,1346,1433,1377,1434,1411,1369,1456,1398,1462,1426,1468,1453,1466,1478,1465,1273,1318,1302,1300,1334,1303,1359,1331,1330,1328,1299,1324,1486,1343,1515,1321,1545,1323,1567,1346,1544,1349,1514,1346,1318,1542,1358,1514,1397,1505,1424,1513,1452,1510,1482,1525,1505,1557,1476,1569,1444,1576,1415,1576,1386,1572,1351,1562,1333,1540,1394,1532,1421,1536,1449,1537,1492,1553,1447,1546,1418,1545,1391,1542
102,h,1,1,1178,1228,1624,1673,3.4,1158,1355,1156,1418,1161,1480,1170,1539,1192,1594,1230,1639,1279,1670,1333,1692,1395,1703,1454,1700,1506,1681,1551,1650,1583,1606,1605,1555,1621,1501,1631,1447,1634,1392,1231,1292,1267,1264,1312,1256,1360,1262,1403,1276,1468,1286,1508,1283,1550,1285,1586,1300,1607,1332,1430,1327,1430,1360,1430,1392,1429,1426,1366,1472,1394,1477,1422,1484,1449,1481,1474,1480,1273,1325,1302,1308,1333,1313,1358,1341,1329,1338,1298,1333,1487,1354,1515,1332,1545,1334,1567,1356,1543,1360,1514,1357,1315,1555,1354,1528,1393,1519,1419,1527,1447,1524,1478,1539,1502,1570,1472,1582,1441,1590,1411,1590,1383,1586,1348,1575,1329,1554,1390,1547,1417,1550,1445,1551,1489,1566,1443,1560,1415,1561,1387,1557
103,h,1,1,1178,1228,1624,1673,3.433333333333333,1157,1358,1156,1420,1161,1481,1169,1541,1191,1597,1230,1642,1281,1672,1336,1695,1396,1707,1453,1704,1505,1683,1550,1651,1583,1605,1606,1553,1621,1499,1631,1443,1634,1388,1227,1301,1262,1271,1310,1263,1359,1269,1403,1284,1464,1293,1506,1288,1549,1290,1587,1304,1609,1338,1430,1331,1430,1365,1429,1397,1430,1432,1367,1476,1394,1482,1422,1489,1449,1487,1474,1485,1271,1331,1300,1313,1333,1317,1358,1346,1328,1344,1296,1339,1486,1358,1515,1335,1545,1337,1568,1360,1545,1364,1515,1362,1316,1560,1354,1534,1393,1525,1420,1533,1448,1530,1479,1545,1503,1575,1473,1589,1442,1597,1412,1597,1384,1593,1349,1581,1330,1559,1390,1552,1417,1556,1446,1557,1489,1571,1444,1567,1415,1568,1388,1563
104,h,1,1,1178,1228,1624,1673,3.466666666666667,1157,1355,1155,1419,1160,1482,1169,1541,1190,1598,1229,1644,1280,1674,1335,1697,1396,1710,1453,1707,1504,1686,1549,1654,1581,1609,1604,1556,1620,1501,1630,1444,1633,1388,1227,1298,1263,1269,1309,1261,1358,1267,1402,1282,1466,1291,1507,1287,1550,1289,1588,1304,1610,1337,1429,1331,1429,1365,1430,1397,1430,1432,1367,1477,1395,1483,1422,1490,1449,1488,1474,1486,1272,1330,1300,1313,1333,1317,1358,1345,1328,1343,1296,1338,1486,1358,1515,1335,1546,1337,1568,1360,1545,1365,1515,1362,1316,1560,1355,1534,1394,1525,1420,1534,1449,1530,1479,1545,1503,1576,1474,1588,1443,1597,1413,1597,1384,1593,1349,1581,1331,1559,1391,1552,1418,1556,1446,1556,1490,1572,1445,1567,1416,1567,1388,1563
105,h,1,1,1178,1228,1624,1673,3.5,1157,1355,1155,1419,1160,1482,1169,1541,1190,1598,1229,1644,1280,1674,1335,1697,1396,1710,1453,1707,1504,1686,1549,1654,1581,1609,1604,1556,1620,1501,1630,1444,1633,1388,1227,1298,1263,1269,1309,1261,1358,1267,1402,1282,1466,1291,1507,1287,1550,1289,1588,1304,1610,1337,1429,1331,1429,1365,1430,1397,1430,1432,1367,1477,1395,1483,1422,1490,1449,1488,1474,1486,1272,1330,1300,1313,1333,1317,1358,1345,1328,1343,1296,1338,1486,1358,1515,1335,1546,1337,1568,1360,1545,1365,1515,1362,1316,1560,1355,1534,1394,1525,1420,1534,1449,1530,1479,1545,1503,1576,1474,1588,1443,1597,1413,1597,1384,1593,1349,1581,1331,1559,1391,1552,1418,1556,1446,1556,1490,1572,1445,1567,1416,1567,1388,1563
106,h,1,1,1178,1228,1624,1673,3.533333333333333,1161,1352,1160,1415,1164,1477,1173,1537,1194,1593,1232,1639,1282,1671,1337,1694,1398,1705,1456,1702,1506,1681,1550,1649,1581,1605,1603,1554,1618,1500,1627,1445,1630,1389,1229,1295,1265,1266,1311,1258,1359,1264,1402,1278,1466,1287,1506,1282,1549,1285,1586,1300,1606,1333,1430,1327,1431,1360,1431,1392,1432,1427,1367,1472,1396,1478,1424,1485,1450,1482,1476,1481,1272,1328,1300,1310,1332,1314,1357,1342,1327,1340,1296,1336,1486,1354,1514,1331,1544,1333,1567,1356,1544,1359,1514,1357,1315,1557,1355,1530,1394,1521,1421,1529,1449,1526,1480,1540,1504,1572,1475,1586,1444,1594,1414,1595,1385,1591,1349,1579,1330,1556,1392,1548,1419,1552,1447,1552,1490,1568,1446,1563,1417,1564,1389,1560
107,h,1,1,1178,1228,1624,1673,3.566666666666667,1160,1354,1159,1416,1164,1478,1173,1537,1194,1593,1231,1638,1280,1668,1335,1691,1396,1702,1454,1699,1506,1679,1551,1648,1583,1603,1605,1553,1620,1499,1629,1443,1632,1388,1229,1290,1264,1262,1310,1254,1358,1259,1401,1274,1465,1283,1506,1279,1548,1282,1585,1297,1607,1329,1429,1323,1429,1356,1429,1388,1430,1422,1366,1467,1394,1474,1422,1481,1449,1478,1474,1476,1270,1324,1299,1307,1331,1310,1356,1338,1327,1335,1295,1332,1486,1351,1515,1329,1546,1332,1569,1354,1544,1357,1515,1354,1317,1552,1355,1525,1394,1515,1420,1523,1448,1520,1479,1535,1504,1567,1474,1581,1442,1589,1412,1589,1384,1584,1349,1573,1331,1551,1391,1543,1418,1546,1446,1547,1490,1563,1444,1559,1415,1559,1388,1555
108,h,1,1,1178,1228,1624,1673,3.6,1160,1353,1160,1416,1166,1476,1176,1535,1198,1591,1235,1635,1283,1665,1338,1686,1397,1696,1455,1693,1506,1674,1551,1644,1582,1601,1605,1553,1622,1499,1631,1444,1634,1389,1230,1287,1265,1259,1310,1250,1358,1255,1400,1269,1464,1278,1505,1274,1547,1276,1583,1292,1606,1324,1429,1318,1429,1351,1430,1382,1430,1417,1366,1462,1394,1468,1423,1475,1450,1472,1476,1470,1271,1320,1300,1302,1332,1306,1357,1334,1328,1332,1296,1328,1485,1346,1514,1324,1544,1325,1568,1348,1543,1352,1514,1350,1316,1549,1354,1520,1393,1510,1421,1518,1449,1515,1480,1530,1505,1563,1474,1575,1442,1583,1413,1584,1384,1580,1348,1569,1331,1548,1391,1538,1418,1541,1446,1541,1491,1558,1444,1553,1416,1554,1388,1550
109,h,1,1,1178,1228,1624,1673,3.6333333333333333,1160,1353,1160,1416,1166,1476,1176,1535,1198,1591,1235,1635,1283,1665,1338,1686,1397,1696,1455,1693,1506,1674,1551,1644,1582,1601,1605,1553,1622,1499,1631,1444,1634,1389,1230,1287,1265,1259,1310,1250,1358,1255,1400,1269,1464,1278,1505,1274,1547,1276,1583,1292,1606,1324,1429,1318,1429,1351,1430,1382,1430,1417,1366,1462,1394,1468,1423,1475,1450,1472,1476,1470,1271,1320,1300,1302,1332,1306,1357,1334,1328,1332,1296,1328,1485,1346,1514,1324,1544,1325,1568,1348,1543,1352,1514,1350,1316,1549,1354,1520,1393,1510,1421,1518,1449,1515,1480,1530,1505,1563,1474,1575,1442,1583,1413,1584,1384,1580,1348,1569,1331,1548,1391,1538,1418,1541,1446,1541,1491,1558,1444,1553,1416,1554,1388,1550
110,h,1,1,1178,1228,1624,1673,3.6666666666666665,1157,1350,1158,1414,1166,1475,1176,1533,1197,1589,1234,1632,1284,1660,1339,1679,1399,1689,1457,1686,1508,1669,1553,1640,1585,1597,1606,1548,1621,1496,1630,1441,1633,1386,1226,1289,1260,1259,1305,1248,1354,1252,1398,1266,1465,1276,1506,1270,1549,1274,1586,1291,1608,1324,1429,1314,1429,1346,1430,1377,1431,1411,1367,1457,1395,1463,1423,1469,1450,1467,1474,1466,1268,1318,1297,1299,1329,1303,1355,1331,1325,1329,1294,1325,1486,1343,1514,1320,1545,1322,1568,1346,1544,1348,1514,1346,1315,1546,1354,1516,1393,1505,1420,1513,1448,1510,1479,1526,1505,1558,1474,1571,1442,1579,1413,1579,1384,1575,1349,1564,1330,1544,1391,1533,1418,1536,1446,1536,1491,1554,1444,1548,1416,1549,1388,1546
111,h,1,1,1117,1176,1652,1711,3.7,1158,1349,1155,1412,1158,1475,1167,1534,1191,1588,1232,1630,1284,1657,1339,1676,1397,1687,1453,1683,1504,1665,1550,1635,1583,1592,1608,1543,1624,1489,1632,1434,1633,1379,1231,1284,1267,1254,1312,1245,1361,1251,1405,1265,1462,1275,1504,1271,1547,1275,1583,1291,1604,1323,1430,1313,1430,1345,1431,1375,1432,1408,1366,1456,1395,1462,1423,1468,1450,1466,1476,1465,1271,1315,1300,1297,1331,1302,1356,1329,1328,1326,1297,1322,1485,1343,1514,1320,1544,1323,1567,1345,1543,1348,1513,1346,1316,1544,1357,1514,1397,1503,1422,1512,1451,1509,1482,1525,1505,1557,1476,1569,1443,1576,1414,1576,1387,1572,1350,1562,1330,1542,1395,1531,1419,1534,1448,1535,1492,1553,1446,1547,1416,1547,1391,1544
112,h,1,1,1117,1176,1652,1711,3.7333333333333334,1157,1354,1155,1416,1159,1479,1168,1539,1192,1593,1232,1635,1285,1661,1341,1678,1399,1688,1455,1684,1506,1666,1554,1639,1588,1597,1612,1548,1629,1495,1636,1441,1637,1389,1230,1284,1265,1254,1310,1245,1359,1250,1402,1265,1466,1275,1507,1270,1549,1274,1586,1290,1608,1322,1431,1314,1431,1345,1432,1375,1432,1408,1367,1456,1396,1462,1424,1468,1451,1466,1477,1464,1270,1315,1299,1296,1331,1301,1356,1329,1328,1326,1296,1322,1487,1344,1515,1320,1546,1323,1570,1347,1545,1349,1515,1347,1316,1544,1358,1515,1398,1504,1422,1512,1451,1509,1482,1525,1505,1558,1475,1569,1444,1576,1414,1576,1387,1572,1351,1561,1331,1542,1395,1531,1420,1534,1448,1535,1492,1552,1446,1548,1417,1547,1392,1544
113,h,1,1,1117,1176,1652,1711,3.7666666666666666,1157,1354,1155,1416,1159,1479,1168,1539,1192,1593,1232,1635,1285,1661,1341,1678,1399,1688,1455,1684,1506,1666,1554,1639,1588,1597,1612,1548,1629,1495,1636,1441,1637,1389,1230,1284,1265,1254,1310,1245,1359,1250,1402,1265,1466,1275,1507,1270,1549,1274,1586,1290,1608,1322,1431,1314,1431,1345,1432,1375,1432,1408,1367,1456,1396,1462,1424,1468,1451,1466,1477,1464,1270,1315,1299,1296,1331,1301,1356,1329,1328,1326,1296,1322,1487,1344,1515,1320,1546,1323,1570,1347,1545,1349,1515,1347,1316,1544,1358,1515,1398,1504,1422,1512,1451,1509,1482,1525,1505,1558,1475,1569,1444,1576,1414,1576,1387,1572,1351,1561,1331,1542,1395,1531,1420,1534,1448,1535,1492,1552,1446,1548,1417,1547,1392,1544
114,h,1,1,1178,1228,1624,1673,3.8,1158,1351,1159,1415,1165,1475,1174,1534,1195,1588,1233,1630,1284,1657,1337,1676,1397,1687,1454,1684,1506,1667,1551,1638,1583,1596,1604,1547,1619,1494,1628,1439,1632,1385,1228,1287,1263,1258,1309,1248,1357,1252,1401,1267,1466,1276,1506,1271,1549,1274,1586,1291,1607,1324,1430,1313,1431,1345,1431,1376,1432,1410,1368,1456,1396,1462,1425,1468,1451,1466,1477,1465,1270,1317,1299,1299,1331,1303,1357,1330,1328,1328,1296,1324,1487,1343,1515,1320,1545,1323,1568,1346,1545,1349,1515,1346,1317,1543,1358,1515,1396,1505,1422,1513,1450,1510,1481,1525,1506,1558,1475,1570,1443,1576,1413,1576,1386,1572,1351,1562,1332,1541,1394,1532,1420,1536,1447,1536,1492,1553,1445,1547,1417,1547,1390,1543
115,h,1,1,1178,1228,1624,1673,3.8333333333333335,1158,1353,1156,1415,1162,1476,1171,1534,1194,1588,1233,1630,1285,1657,1339,1675,1398,1685,1455,1682,1506,1665,1551,1636,1583,1593,1606,1544,1621,1491,1630,1437,1632,1385,1230,1286,1265,1258,1310,1248,1359,1253,1403,1267,1466,1277,1507,1272,1549,1274,1586,1289,1608,1321,1431,1315,1432,1347,1433,1378,1434,1411,1370,1458,1398,1463,1427,1469,1453,1467,1478,1466,1272,1318,1301,1300,1333,1303,1357,1331,1329,1329,1297,1325,1488,1343,1516,1321,1546,1323,1569,1346,1545,1350,1515,1347,1318,1546,1358,1517,1397,1507,1423,1514,1451,1511,1482,1527,1506,1559,1476,1571,1444,1577,1415,1578,1387,1574,1352,1564,1333,1544,1395,1534,1421,1537,1448,1537,1493,1555,1446,1549,1418,1548,1391,1546
116,h,1,1,1178,1228,1624,1673,3.8666666666666667,1158,1353,1156,1415,1162,1476,1171,1534,1194,1588,1233,1630,1285,1657,1339,1675,1398,1685,1455,1682,1506,1665,1551,1636,1583,1593,1606,1544,1621,1491,1630,1437,1632,1385,1230,1286,1265,1258,1310,1248,1359,1253,1403,1267,1466,1277,1507,1272,1549,1274,1586,1289,1608,1321,1431,1315,1432,1347,1433,1378,1434,1411,1370,1458,1398,1463,1427,1469,1453,1467,1478,1466,1272,1318,1301,1300,1333,1303,1357,1331,1329,1329,1297,1325,1488,1343,1516,1321,1546,1323,1569,1346,1545,1350,1515,1347,1318,1546,1358,1517,1397,1507,1423,1514,1451,1511,1482,1527,1506,1559,1476,1571,1444,1577,1415,1578,1387,1574,1352,1564,1333,1544,1395,1534,1421,1537,1448,1537,1493,1555,1446,1549,1418,1548,1391,1546
117,h,1,1,1178,1228,1624,1673,3.9,1153,1360,1153,1423,1158,1484,1168,1543,1192,1597,1233,1638,1285,1664,1341,1682,1401,1691,1459,1687,1510,1668,1555,1639,1586,1595,1607,1545,1621,1494,1630,1440,1632,1388,1230,1285,1266,1258,1312,1250,1360,1254,1404,1267,1466,1277,1506,1272,1548,1276,1584,1291,1606,1323,1432,1316,1432,1349,1433,1379,1434,1413,1370,1460,1398,1465,1426,1471,1453,1469,1478,1468,1270,1321,1300,1303,1331,1306,1356,1333,1327,1332,1296,1328,1486,1346,1514,1324,1544,1326,1568,1348,1544,1352,1514,1350,1318,1549,1358,1519,1398,1508,1425,1516,1453,1512,1483,1528,1508,1561,1478,1572,1447,1579,1417,1579,1389,1576,1352,1566,1333,1547,1396,1535,1422,1538,1450,1539,1495,1557,1448,1551,1420,1551,1393,1548
118,h,1,1,1178,1228,1624,1673,3.933333333333333,1157,1354,1156,1416,1160,1477,1169,1537,1191,1592,1231,1634,1283,1662,1339,1682,1400,1692,1458,1688,1510,1670,1556,1640,1588,1597,1609,1547,1624,1494,1633,1439,1635,1386,1230,1286,1266,1258,1312,1249,1361,1254,1405,1268,1466,1278,1507,1274,1548,1278,1585,1293,1607,1324,1432,1317,1433,1349,1434,1380,1435,1413,1369,1461,1397,1466,1426,1472,1453,1470,1479,1469,1271,1322,1300,1304,1332,1308,1358,1335,1329,1333,1297,1329,1486,1348,1515,1326,1545,1328,1569,1350,1544,1354,1514,1352,1318,1549,1358,1519,1398,1509,1424,1516,1451,1513,1482,1529,1507,1562,1477,1573,1445,1580,1416,1580,1389,1576,1353,1566,1333,1547,1395,1536,1421,1539,1449,1540,1493,1557,1447,1552,1420,1551,1393,1548
119,h,1,1,1178,1228,1624,1673,3.966666666666667,1161,1350,1159,1413,1163,1475,1171,1535,1194,1590,1234,1633,1286,1660,1342,1681,1401,1691,1459,1688,1509,1667,1554,1637,1585,1594,1607,1544,1621,1491,1630,1437,1633,1384,1231,1288,1266,1258,1312,1249,1361,1255,1405,1268,1467,1279,1508,1275,1551,1279,1588,1294,1609,1326,1433,1319,1433,1350,1434,1380,1435,1414,1370,1460,1398,1466,1427,1472,1454,1470,1479,1469,1273,1321,1301,1305,1332,1309,1358,1334,1329,1333,1298,1329,1487,1348,1516,1327,1546,1329,1569,1350,1545,1354,1515,1352,1319,1548,1359,1520,1399,1510,1425,1517,1453,1514,1483,1529,1507,1561,1477,1573,1446,1580,1418,1581,1390,1577,1354,1566,1334,1547,1397,1536,1423,1539,1450,1540,1494,1557,1448,1551,1420,1552,1394,1549
120,h,1,1,1178,1228,1624,1673,4.0,1161,1350,1159,1413,1163,1475,1171,1535,1194,1590,1234,1633,1286,1660,1342,1681,1401,1691,1459,1688,1509,1667,1554,1637,1585,1594,1607,1544,1621,1491,1630,1437,1633,1384,1231,1288,1266,1258,1312,1249,1361,1255,1405,1268,1467,1279,1508,1275,1551,1279,1588,1294,1609,1326,1433,1319,1433,1350,1434,1380,1435,1414,1370,1460,1398,1466,1427,1472,1454,1470,1479,1469,1273,1321,1301,1305,1332,1309,1358,1334,1329,1333,1298,1329,1487,1348,1516,1327,1546,1329,1569,1350,1545,1354,1515,1352,1319,1548,1359,1520,1399,1510,1425,1517,1453,1514,1483,1529,1507,1561,1477,1573,1446,1580,1418,1581,1390,1577,1354,1566,1334,1547,1397,1536,1423,1539,1450,1540,1494,1557,1448,1551,1420,1552,1394,1549
121,h,1,1,1178,1228,1624,1673,4.033333333333333,1160,1352,1158,1414,1162,1476,1170,1536,1193,1592,1232,1635,1286,1663,1342,1682,1403,1691,1460,1687,1512,1668,1557,1639,1588,1596,1609,1546,1624,1494,1633,1440,1635,1386,1234,1285,1270,1258,1315,1249,1363,1254,1406,1268,1470,1277,1510,1273,1552,1278,1588,1294,1609,1324,1435,1318,1435,1349,1436,1380,1436,1413,1372,1461,1400,1466,1428,1473,1454,1471,1479,1469,1274,1321,1303,1304,1334,1308,1360,1334,1331,1333,1299,1329,1488,1348,1516,1326,1547,1329,1570,1351,1546,1355,1516,1352,1321,1547,1360,1519,1399,1509,1425,1517,1453,1513,1483,1529,1507,1561,1478,1573,1446,1579,1417,1580,1390,1576,1354,1566,1336,1546,1396,1536,1422,1540,1450,1540,1494,1557,1448,1550,1420,1551,1393,1548
122,h,1,1,1178,1228,1624,1673,4.066666666666666,1161,1354,1159,1417,1164,1477,1173,1537,1196,1591,1236,1634,1289,1662,1345,1680,1405,1689,1461,1686,1511,1668,1556,1639,1588,1596,1610,1547,1624,1495,1633,1440,1636,1387,1234,1284,1270,1257,1316,1249,1363,1254,1406,1267,1469,1276,1509,1272,1551,1276,1587,1292,1608,1324,1435,1317,1435,1349,1436,1380,1436,1413,1372,1461,1400,1466,1428,1473,1455,1470,1480,1469,1274,1321,1303,1305,1334,1308,1360,1334,1331,1332,1299,1329,1488,1347,1517,1326,1547,1329,1570,1350,1546,1354,1516,1352,1321,1547,1361,1518,1400,1508,1425,1516,1453,1513,1484,1529,1509,1561,1478,1572,1447,1579,1418,1580,1390,1576,1355,1565,1336,1546,1397,1535,1423,1539,1451,1539,1495,1556,1449,1551,1421,1551,1394,1548
123,h,1,1,1178,1228,1624,1673,4.1,1159,1352,1157,1415,1162,1476,1171,1537,1193,1592,1233,1635,1286,1663,1343,1683,1405,1692,1462,1688,1512,1669,1557,1640,1588,1598,1610,1549,1625,1497,1635,1442,1637,1388,1235,1284,1271,1257,1316,1250,1364,1254,1407,1268,1470,1278,1511,1273,1551,1277,1587,1292,1609,1322,1436,1316,1436,1348,1437,1379,1438,1413,1372,1460,1400,1466,1429,1472,1456,1470,1480,1469,1275,1320,1304,1304,1335,1308,1361,1333,1331,1331,1300,1328,1489,1347,1518,1326,1547,1329,1571,1350,1547,1353,1518,1352,1320,1547,1360,1518,1400,1508,1426,1516,1454,1513,1485,1528,1510,1561,1479,1574,1448,1580,1419,1581,1391,1577,1354,1566,1335,1545,1398,1535,1424,1539,1451,1539,1496,1557,1450,1551,1422,1551,1395,1548
124,h,1,1,1178,1228,1624,1673,4.133333333333334,1159,1352,1157,1415,1162,1476,1171,1537,1193,1592,1233,1635,1286,1663,1343,1683,1405,1692,1462,1688,1512,1669,1557,1640,1588,1598,1610,1549,1625,1497,1635,1442,1637,1388,1235,1284,1271,1257,1316,1250,1364,1254,1407,1268,1470,1278,1511,1273,1551,1277,1587,1292,1609,1322,1436,1316,1436,1348,1437,1379,1438,1413,1372,1460,1400,1466,1429,1472,1456,1470,1480,1469,1275,1320,1304,1304,1335,1308,1361,1333,1331,1331,1300,1328,1489,1347,1518,1326,1547,1329,1571,1350,1547,1353,1518,1352,1320,1547,1360,1518,1400,1508,1426,1516,1454,1513,1485,1528,1510,1561,1479,1574,1448,1580,1419,1581,1391,1577,1354,1566,1335,1545,1398,1535,1424,1539,1451,1539,1496,1557,1450,1551,1422,1551,1395,1548
125,h,1,1,1178,1228,1624,1673,4.166666666666667,1162,1350,1160,1413,1164,1475,1172,1536,1195,1592,1234,1635,1287,1664,1342,1683,1403,1693,1461,1690,1512,1672,1556,1641,1587,1597,1609,1547,1624,1495,1633,1441,1636,1387,1233,1285,1269,1257,1315,1248,1363,1253,1407,1267,1469,1278,1510,1273,1551,1277,1588,1293,1610,1324,1435,1316,1435,1348,1436,1380,1437,1413,1372,1460,1400,1466,1429,1472,1456,1470,1481,1469,1274,1320,1303,1304,1333,1308,1359,1333,1330,1332,1299,1328,1489,1347,1517,1327,1547,1329,1571,1350,1546,1353,1517,1351,1319,1546,1359,1518,1399,1508,1426,1516,1453,1512,1484,1528,1509,1560,1479,1572,1447,1579,1418,1580,1390,1576,1353,1565,1335,1545,1396,1535,1423,1538,1451,1539,1495,1556,1449,1551,1421,1551,1394,1548
126,h,1,1,1178,1228,1624,1673,4.2,1159,1352,1157,1415,1161,1476,1169,1536,1191,1593,1229,1637,1282,1664,1339,1684,1401,1694,1461,1690,1512,1672,1557,1641,1587,1597,1608,1546,1621,1493,1631,1438,1634,1384,1233,1286,1270,1258,1315,1250,1364,1254,1407,1269,1471,1280,1511,1275,1552,1278,1588,1294,1608,1327,1435,1318,1436,1349,1437,1380,1437,1414,1372,1460,1400,1466,1429,1473,1456,1471,1481,1469,1274,1321,1303,1304,1334,1308,1360,1334,1331,1332,1299,1328,1489,1347,1518,1326,1547,1329,1570,1350,1547,1354,1517,1352,1320,1547,1360,1518,1400,1508,1426,1517,1455,1514,1486,1529,1509,1562,1480,1574,1448,1581,1418,1581,1390,1577,1353,1567,1335,1546,1397,1536,1424,1540,1452,1540,1496,1557,1450,1552,1421,1552,1394,1549
127,h,1,1,1178,1228,1624,1673,4.233333333333333,1158,1355,1157,1417,1162,1478,1171,1538,1194,1593,1233,1636,1285,1664,1341,1684,1403,1693,1461,1690,1511,1670,1554,1639,1585,1596,1606,1546,1621,1494,1629,1441,1631,1388,1232,1287,1269,1259,1315,1251,1363,1256,1406,1270,1469,1279,1509,1274,1551,1278,1587,1294,1607,1326,1434,1317,1434,1350,1435,1381,1436,1415,1370,1462,1399,1468,1427,1474,1454,1472,1479,1471,1273,1322,1302,1306,1332,1309,1358,1334,1329,1332,1298,1329,1487,1347,1515,1326,1545,1329,1568,1350,1544,1353,1515,1351,1319,1548,1358,1520,1397,1510,1424,1518,1452,1515,1483,1530,1508,1562,1478,1575,1446,1582,1416,1582,1388,1578,1352,1567,1333,1547,1395,1537,1422,1541,1450,1541,1494,1558,1448,1553,1419,1553,1392,1550
128,h,1,1,1178,1228,1624,1673,4.266666666666667,1158,1355,1157,1417,1162,1478,1171,1538,1194,1593,1233,1636,1285,1664,1341,1684,1403,1693,1461,1690,1511,1670,1554,1639,1585,1596,1606,1546,1621,1494,1629,1441,1631,1388,1232,1287,1269,1259,1315,1251,1363,1256,1406,1270,1469,1279,1509,1274,1551,1278,1587,1294,1607,1326,1434,1317,1434,1350,1435,1381,1436,1415,1370,1462,1399,1468,1427,1474,1454,1472,1479,1471,1273,1322,1302,1306,1332,1309,1358,1334,1329,1332,1298,1329,1487,1347,1515,1326,1545,1329,1568,1350,1544,1353,1515,1351,1319,1548,1358,1520,1397,1510,1424,1518,1452,1515,1483,1530,1508,1562,1478,1575,1446,1582,1416,1582,1388,1578,1352,1567,1333,1547,1395,1537,1422,1541,1450,1541,1494,1558,1448,1553,1419,1553,1392,1550
129,h,1,1,1178,1228,1624,1673,4.3,1159,1356,1158,1419,1162,1481,1172,1541,1194,1596,1233,1639,1286,1667,1343,1687,1403,1696,1461,1691,1512,1672,1556,1642,1587,1598,1609,1548,1625,1496,1634,1441,1636,1387,1231,1287,1267,1259,1313,1251,1361,1255,1405,1269,1468,1278,1508,1274,1550,1278,1587,1293,1609,1323,1433,1320,1433,1352,1434,1383,1434,1416,1369,1463,1398,1469,1426,1476,1453,1473,1478,1472,1271,1324,1300,1307,1332,1311,1359,1337,1329,1335,1297,1332,1487,1350,1516,1329,1547,1331,1571,1353,1546,1357,1516,1355,1316,1551,1357,1521,1397,1510,1423,1519,1451,1515,1483,1532,1509,1565,1477,1577,1445,1585,1415,1585,1387,1581,1350,1570,1332,1549,1394,1539,1421,1543,1449,1544,1495,1560,1447,1554,1418,1554,1391,1551
130,h,1,1,1178,1228,1624,1673,4.333333333333333,1157,1353,1155,1417,1160,1479,1170,1539,1193,1594,1233,1637,1284,1665,1340,1685,1400,1694,1456,1690,1507,1672,1552,1642,1583,1598,1606,1547,1621,1494,1630,1440,1632,1386,1230,1288,1266,1260,1312,1251,1361,1256,1405,1270,1466,1280,1506,1275,1548,1278,1585,1293,1608,1324,1431,1320,1431,1352,1432,1383,1433,1416,1367,1464,1396,1469,1424,1476,1451,1474,1477,1472,1270,1324,1299,1307,1331,1311,1356,1337,1327,1335,1296,1332,1486,1350,1515,1328,1545,1331,1569,1352,1545,1356,1514,1355,1316,1550,1356,1521,1395,1511,1422,1519,1450,1516,1481,1532,1506,1564,1475,1575,1444,1583,1414,1583,1385,1579,1350,1568,1332,1548,1392,1539,1419,1542,1447,1543,1492,1560,1446,1554,1417,1554,1389,1551
131,h,1,1,1178,1228,1624,1673,4.366666666666666,1157,1353,1155,1417,1160,1479,1170,1539,1193,1594,1233,1637,1284,1665,1340,1685,1400,1694,1456,1690,1507,1672,1552,1642,1583,1598,1606,1547,1621,1494,1630,1440,1632,1386,1230,1288,1266,1260,1312,1251,1361,1256,1405,1270,1466,1280,1506,1275,1548,1278,1585,1293,1608,1324,1431,1320,1431,1352,1432,1383,1433,1416,1367,1464,1396,1469,1424,1476,1451,1474,1477,1472,1270,1324,1299,1307,1331,1311,1356,1337,1327,1335,1296,1332,1486,1350,1515,1328,1545,1331,1569,1352,1545,1356,1514,1355,1316,1550,1356,1521,1395,1511,1422,1519,1450,1516,1481,1532,1506,1564,1475,1575,1444,1583,1414,1583,1385,1579,1350,1568,1332,1548,1392,1539,1419,1542,1447,1543,1492,1560,1446,1554,1417,1554,1389,1551
132,h,1,1,1178,1228,1624,1673,4.4,1157,1357,1156,1420,1160,1482,1170,1541,1193,1596,1233,1639,1285,1666,1340,1686,1400,1696,1457,1692,1507,1673,1552,1643,1584,1601,1607,1552,1622,1499,1631,1445,1634,1390,1229,1286,1265,1258,1311,1250,1359,1254,1403,1269,1464,1279,1505,1274,1547,1277,1585,1292,1607,1325,1430,1319,1430,1352,1431,1383,1431,1417,1367,1464,1395,1469,1423,1476,1450,1474,1476,1472,1270,1321,1300,1304,1331,1308,1357,1336,1327,1333,1296,1329,1486,1349,1514,1327,1545,1329,1568,1351,1544,1355,1514,1353,1315,1549,1354,1522,1394,1511,1421,1520,1449,1516,1481,1531,1506,1563,1475,1577,1444,1584,1414,1585,1385,1581,1349,1570,1330,1548,1391,1539,1419,1542,1447,1542,1492,1559,1445,1555,1416,1555,1388,1552
133,h,1,1,1178,1228,1624,1673,4.433333333333334,1160,1354,1160,1416,1166,1476,1176,1535,1197,1590,1234,1633,1283,1661,1336,1682,1396,1692,1455,1689,1507,1672,1552,1641,1583,1598,1603,1549,1618,1496,1626,1443,1629,1390,1228,1287,1264,1259,1310,1250,1358,1256,1402,1270,1465,1280,1506,1275,1548,1279,1585,1296,1606,1329,1429,1319,1430,1352,1430,1384,1431,1418,1366,1464,1395,1469,1423,1476,1450,1474,1476,1472,1268,1322,1298,1304,1329,1308,1355,1336,1325,1333,1294,1329,1486,1349,1515,1327,1545,1329,1568,1352,1544,1355,1514,1352,1315,1550,1354,1522,1393,1512,1420,1521,1449,1517,1480,1533,1504,1564,1474,1577,1443,1584,1413,1584,1384,1580,1348,1569,1330,1549,1390,1539,1418,1543,1447,1543,1490,1560,1445,1554,1416,1555,1387,1551
134,h,1,1,1178,1228,1624,1673,4.466666666666667,1159,1353,1158,1416,1163,1477,1172,1536,1194,1591,1231,1634,1282,1662,1336,1681,1397,1691,1455,1688,1506,1670,1551,1641,1582,1597,1603,1548,1619,1496,1628,1442,1632,1388,1229,1287,1265,1259,1311,1251,1359,1256,1403,1270,1464,1279,1506,1275,1548,1279,1585,1295,1606,1327,1430,1319,1430,1351,1431,1383,1432,1416,1367,1464,1395,1469,1423,1476,1451,1473,1476,1472,1270,1321,1299,1304,1331,1309,1356,1337,1327,1334,1295,1330,1486,1349,1514,1327,1545,1329,1568,1352,1544,1355,1514,1353,1315,1549,1355,1521,1394,1511,1420,1520,1449,1516,1480,1532,1504,1563,1473,1575,1442,1582,1412,1583,1384,1578,1349,1568,1330,1548,1391,1539,1418,1543,1446,1544,1490,1559,1444,1554,1415,1553,1388,1550
135,h,1,1,1178,1228,1624,1673,4.5,1159,1353,1158,1416,1163,1477,1172,1536,1194,1591,1231,1634,1282,1662,1336,1681,1397,1691,1455,1688,1506,1670,1551,1641,1582,1597,1603,1548,1619,1496,1628,1442,1632,1388,1229,1287,1265,1259,1311,1251,1359,1256,1403,1270,1464,1279,1506,1275,1548,1279,1585,1295,1606,1327,1430,1319,1430,1351,1431,1383,1432,1416,1367,1464,1395,1469,1423,1476,1451,1473,1476,1472,1270,1321,1299,1304,1331,1309,1356,1337,1327,1334,1295,1330,1486,1349,1514,1327,1545,1329,1568,1352,1544,1355,1514,1353,1315,1549,1355,1521,1394,1511,1420,1520,1449,1516,1480,1532,1504,1563,1473,1575,1442,1582,1412,1583,1384,1578,1349,1568,1330,1548,1391,1539,1418,1543,1446,1544,1490,1559,1444,1554,1415,1553,1388,1550
136,h,1,1,1178,1228,1624,1673,4.533333333333333,1159,1356,1159,1418,1165,1479,1175,1537,1196,1592,1232,1636,1281,1663,1335,1683,1396,1693,1454,1689,1505,1672,1550,1643,1581,1600,1602,1551,1617,1499,1627,1445,1630,1391,1226,1288,1262,1260,1308,1252,1356,1256,1400,1270,1465,1280,1506,1275,1548,1279,1584,1296,1606,1328,1428,1319,1428,1351,1429,1383,1430,1417,1366,1463,1394,1468,1422,1475,1449,1473,1474,1471,1268,1322,1297,1304,1329,1307,1354,1336,1325,1334,1293,1330,1485,1349,1514,1325,1545,1328,1569,1351,1544,1355,1514,1352,1313,1549,1353,1521,1392,1511,1419,1519,1447,1516,1478,1531,1502,1563,1472,1574,1441,1582,1411,1582,1383,1578,1346,1567,1327,1548,1390,1539,1417,1542,1445,1543,1489,1559,1443,1553,1414,1553,1387,1550
137,h,1,1,1178,1228,1624,1673,4.566666666666666,1157,1354,1156,1416,1161,1475,1170,1535,1192,1590,1229,1634,1280,1663,1335,1684,1397,1694,1456,1691,1508,1673,1552,1643,1582,1599,1602,1548,1617,1496,1627,1442,1629,1387,1229,1286,1265,1258,1310,1251,1358,1256,1401,1269,1464,1279,1505,1274,1547,1278,1584,1293,1605,1325,1429,1318,1429,1351,1429,1383,1430,1417,1366,1464,1393,1469,1422,1476,1449,1473,1475,1472,1269,1321,1298,1304,1329,1308,1354,1335,1325,1333,1294,1329,1485,1348,1514,1326,1544,1328,1567,1351,1543,1354,1513,1352,1314,1550,1354,1521,1392,1511,1419,1520,1448,1517,1479,1532,1503,1564,1473,1576,1441,1583,1411,1583,1383,1578,1347,1568,1329,1548,1390,1539,1417,1543,1445,1543,1489,1560,1443,1554,1414,1554,1387,1550
138,h,1,1,1178,1228,1624,1673,4.6,1152,1355,1151,1417,1156,1477,1164,1536,1185,1592,1223,1636,1274,1665,1331,1686,1392,1697,1451,1694,1502,1676,1547,1645,1578,1601,1599,1550,1614,1497,1624,1442,1627,1388,1225,1287,1261,1260,1307,1252,1355,1256,1399,1270,1463,1280,1503,1275,1546,1279,1583,1295,1604,1328,1428,1318,1428,1351,1429,1383,1430,1418,1365,1464,1393,1469,1422,1476,1448,1474,1474,1472,1266,1321,1295,1303,1328,1307,1353,1335,1323,1333,1291,1329,1484,1348,1512,1325,1543,1328,1566,1351,1542,1355,1512,1352,1312,1550,1352,1522,1392,1512,1420,1521,1449,1517,1479,1532,1502,1564,1473,1576,1441,1583,1411,1584,1381,1579,1346,1569,1327,1549,1389,1540,1417,1544,1446,1544,1488,1560,1443,1554,1414,1554,1386,1551
139,h,1,1,1178,1228,1624,1673,4.633333333333334,1152,1355,1151,1417,1156,1477,1164,1536,1185,1592,1223,1636,1274,1665,1331,1686,1392,1697,1451,1694,1502,1676,1547,1645,1578,1601,1599,1550,1614,1497,1624,1442,1627,1388,1225,1287,1261,1260,1307,1252,1355,1256,1399,1270,1463,1280,1503,1275,1546,1279,1583,1295,1604,1328,1428,1318,1428,1351,1429,1383,1430,1418,1365,1464,1393,1469,1422,1476,1448,1474,1474,1472,1266,1321,1295,1303,1328,1307,1353,1335,1323,1333,1291,1329,1484,1348,1512,1325,1543,1328,1566,1351,1542,1355,1512,1352,1312,1550,1352,1522,1392,1512,1420,1521,1449,1517,1479,1532,1502,1564,1473,1576,1441,1583,1411,1584,1381,1579,1346,1569,1327,1549,1389,1540,1417,1544,1446,1544,1488,1560,1443,1554,1414,1554,1386,1551
140,h,1,1,1178,1228,1624,1673,4.666666666666667,1157,1351,1155,1414,1160,1475,1169,1535,1191,1591,1228,1636,1279,1666,1334,1687,1395,1698,1453,1693,1505,1674,1549,1641,1580,1597,1603,1546,1618,1493,1628,1439,1630,1384,1229,1287,1265,1259,1311,1251,1359,1256,1403,1270,1463,1279,1504,1274,1546,1277,1583,1292,1606,1324,1429,1319,1429,1352,1429,1384,1430,1418,1366,1464,1393,1470,1422,1477,1449,1474,1474,1472,1270,1320,1299,1303,1331,1307,1356,1335,1327,1333,1295,1329,1484,1347,1512,1324,1543,1326,1566,1349,1542,1353,1512,1351,1314,1550,1353,1522,1392,1513,1419,1521,1448,1518,1478,1532,1502,1564,1472,1576,1441,1584,1411,1584,1383,1580,1347,1570,1329,1549,1390,1540,1417,1543,1445,1544,1488,1560,1443,1555,1414,1555,1387,1552
141,h,1,1,1178,1228,1624,1673,4.7,1157,1355,1156,1416,1161,1476,1170,1535,1191,1590,1229,1634,1279,1665,1334,1686,1394,1697,1452,1694,1503,1675,1547,1643,1579,1600,1601,1551,1617,1498,1626,1443,1629,1389,1226,1288,1262,1260,1308,1252,1356,1256,1400,1270,1462,1279,1503,1274,1546,1278,1583,1294,1604,1326,1428,1318,1429,1352,1430,1384,1430,1419,1365,1465,1394,1471,1422,1477,1450,1475,1475,1473,1269,1321,1297,1303,1329,1307,1354,1334,1325,1332,1294,1329,1484,1346,1512,1324,1542,1327,1565,1349,1542,1353,1512,1350,1314,1550,1355,1523,1394,1513,1420,1521,1448,1518,1479,1532,1503,1563,1474,1576,1442,1584,1413,1585,1385,1581,1349,1569,1329,1548,1391,1540,1418,1543,1446,1544,1489,1559,1444,1555,1416,1555,1389,1552
142,h,1,1,1178,1228,1624,1673,4.733333333333333,1155,1350,1152,1414,1156,1476,1164,1536,1186,1592,1223,1635,1275,1664,1330,1686,1392,1696,1451,1693,1503,1674,1548,1642,1580,1598,1601,1547,1617,1494,1627,1440,1630,1386,1232,1285,1268,1258,1313,1251,1361,1256,1404,1270,1466,1281,1505,1276,1547,1279,1584,1293,1605,1325,1430,1320,1430,1353,1431,1385,1431,1419,1367,1465,1394,1470,1422,1477,1450,1475,1475,1473,1271,1320,1300,1302,1332,1307,1356,1335,1327,1332,1296,1328,1486,1348,1514,1325,1544,1327,1566,1349,1543,1353,1514,1351,1315,1553,1355,1524,1394,1514,1420,1522,1448,1519,1479,1534,1502,1566,1473,1578,1442,1586,1412,1586,1385,1582,1349,1572,1330,1551,1392,1540,1418,1544,1446,1544,1489,1562,1444,1558,1416,1557,1389,1554
143,h,1,1,1178,1228,1624,1673,4.766666666666667,1155,1350,1152,1414,1156,1476,1164,1536,1186,1592,1223,1635,1275,1664,1330,1686,1392,1696,1451,1693,1503,1674,1548,1642,1580,1598,1601,1547,1617,1494,1627,1440,1630,1386,1232,1285,1268,1258,1313,1251,1361,1256,1404,1270,1466,1281,1505,1276,1547,1279,1584,1293,1605,1325,1430,1320,1430,1353,1431,1385,1431,1419,1367,1465,1394,1470,1422,1477,1450,1475,1475,1473,1271,1320,1300,1302,1332,1307,1356,1335,1327,1332,1296,1328,1486,1348,1514,1325,1544,1327,1566,1349,1543,1353,1514,1351,1315,1553,1355,1524,1394,1514,1420,1522,1448,1519,1479,1534,1502,1566,1473,1578,1442,1586,1412,1586,1385,1582,1349,1572,1330,1551,1392,1540,1418,1544,1446,1544,1489,1562,1444,1558,1416,1557,1389,1554
144,h,1,1,1178,1228,1624,1673,4.8,1156,1350,1152,1414,1155,1477,1164,1539,1186,1596,1225,1641,1276,1672,1333,1694,1395,1706,1455,1702,1507,1680,1552,1647,1582,1602,1604,1551,1620,1497,1630,1442,1632,1387,1235,1286,1271,1259,1316,1252,1363,1258,1406,1272,1467,1282,1507,1278,1548,1281,1584,1296,1606,1326,1433,1321,1433,1354,1433,1386,1434,1420,1368,1465,1396,1471,1424,1478,1452,1475,1477,1473,1274,1320,1303,1303,1334,1308,1358,1336,1330,1333,1299,1328,1487,1348,1515,1326,1544,1329,1567,1351,1543,1354,1514,1352,1317,1555,1357,1525,1397,1514,1422,1521,1450,1518,1481,1534,1503,1569,1475,1584,1443,1594,1414,1595,1387,1590,1350,1577,1332,1553,1394,1541,1420,1545,1447,1545,1489,1564,1446,1564,1417,1564,1391,1561
145,h,1,1,1178,1228,1624,1673,4.833333333333333,1159,1350,1154,1413,1156,1475,1165,1536,1187,1594,1225,1641,1276,1674,1332,1699,1395,1711,1455,1707,1506,1684,1551,1648,1581,1601,1603,1548,1619,1495,1629,1441,1631,1387,1235,1289,1271,1260,1316,1253,1364,1258,1408,1272,1467,1283,1507,1278,1548,1281,1584,1297,1605,1329,1433,1322,1433,1354,1434,1385,1434,1418,1369,1465,1396,1472,1424,1478,1452,1476,1477,1474,1277,1323,1306,1306,1337,1310,1361,1337,1333,1336,1302,1332,1485,1351,1514,1330,1544,1333,1566,1355,1543,1358,1513,1356,1317,1558,1355,1525,1397,1514,1422,1523,1452,1520,1483,1536,1504,1573,1476,1592,1444,1602,1413,1602,1385,1597,1349,1583,1331,1556,1394,1541,1420,1544,1449,1545,1491,1568,1446,1574,1417,1573,1390,1570
146,h,1,1,1178,1228,1624,1673,4.866666666666666,1159,1350,1154,1413,1156,1475,1165,1536,1187,1594,1225,1641,1276,1674,1332,1699,1395,1711,1455,1707,1506,1684,1551,1648,1581,1601,1603,1548,1619,1495,1629,1441,1631,1387,1235,1289,1271,1260,1316,1253,1364,1258,1408,1272,1467,1283,1507,1278,1548,1281,1584,1297,1605,1329,1433,1322,1433,1354,1434,1385,1434,1418,1369,1465,1396,1472,1424,1478,1452,1476,1477,1474,1277,1323,1306,1306,1337,1310,1361,1337,1333,1336,1302,1332,1485,1351,1514,1330,1544,1333,1566,1355,1543,1358,1513,1356,1317,1558,1355,1525,1397,1514,1422,1523,1452,1520,1483,1536,1504,1573,1476,1592,1444,1602,1413,1602,1385,1597,1349,1583,1331,1556,1394,1541,1420,1544,1449,1545,1491,1568,1446,1574,1417,1573,1390,1570
147,h,1,1,1178,1228,1624,1673,4.9,1159,1350,1155,1413,1157,1475,1164,1536,1185,1595,1223,1644,1275,1677,1332,1703,1395,1716,1456,1711,1507,1686,1551,1651,1581,1603,1602,1550,1618,1497,1628,1442,1631,1388,1236,1288,1273,1259,1319,1250,1367,1256,1411,1272,1467,1282,1508,1278,1550,1281,1586,1298,1605,1332,1434,1322,1434,1353,1436,1384,1437,1418,1371,1465,1399,1472,1427,1478,1453,1476,1478,1474,1278,1321,1307,1304,1338,1308,1362,1336,1334,1334,1302,1330,1485,1350,1514,1328,1543,1331,1565,1354,1542,1358,1513,1355,1316,1559,1356,1525,1398,1514,1424,1522,1454,1519,1485,1536,1506,1575,1479,1595,1446,1605,1415,1605,1387,1601,1349,1587,1331,1558,1395,1542,1422,1546,1451,1547,1493,1571,1449,1575,1419,1575,1392,1571
148,h,1,1,1178,1228,1624,1673,4.933333333333334,1157,1352,1153,1416,1156,1478,1164,1539,1186,1596,1224,1644,1276,1677,1333,1703,1396,1715,1455,1711,1505,1685,1549,1649,1580,1602,1602,1550,1618,1497,1628,1443,1632,1389,1236,1287,1273,1259,1320,1251,1369,1257,1412,1273,1472,1282,1512,1278,1553,1281,1589,1297,1608,1329,1437,1320,1437,1353,1438,1385,1439,1420,1374,1465,1401,1471,1429,1478,1455,1476,1480,1474,1279,1321,1308,1305,1339,1308,1363,1334,1335,1331,1304,1328,1490,1347,1519,1328,1548,1331,1569,1352,1546,1354,1518,1351,1317,1558,1356,1525,1398,1514,1426,1522,1456,1519,1487,1537,1507,1574,1480,1595,1448,1606,1416,1606,1386,1601,1348,1586,1331,1557,1395,1542,1423,1546,1453,1547,1494,1571,1451,1575,1420,1575,1391,1570
149,h,1,1,1178,1228,1624,1673,4.966666666666667,1160,1350,1156,1413,1158,1475,1166,1536,1187,1594,1225,1641,1277,1675,1334,1701,1397,1715,1456,1711,1507,1687,1550,1650,1580,1603,1602,1551,1618,1497,1629,1442,1632,1388,1240,1284,1278,1258,1323,1251,1370,1257,1412,1272,1474,1283,1514,1279,1554,1282,1590,1298,1609,1329,1438,1320,1438,1353,1439,1384,1440,1419,1376,1465,1403,1471,1430,1477,1455,1475,1480,1474,1281,1319,1311,1302,1342,1305,1365,1333,1338,1330,1307,1326,1491,1347,1519,1326,1549,1329,1570,1351,1547,1354,1518,1351,1320,1557,1360,1525,1402,1513,1427,1522,1456,1518,1487,1537,1509,1574,1481,1595,1448,1605,1417,1606,1389,1601,1352,1586,1335,1557,1398,1542,1425,1546,1453,1547,1495,1570,1451,1574,1421,1573,1395,1569
150,h,1,1,1178,1228,1624,1673,5.0,1160,1350,1156,1413,1158,1475,1166,1536,1187,1594,1225,1641,1277,1675,1334,1701,1397,1715,1456,1711,1507,1687,1550,1650,1580,1603,1602,1551,1618,1497,1629,1442,1632,1388,1240,1284,1278,1258,1323,1251,1370,1257,1412,1272,1474,1283,1514,1279,1554,1282,1590,1298,1609,1329,1438,1320,1438,1353,1439,1384,1440,1419,1376,1465,1403,1471,1430,1477,1455,1475,1480,1474,1281,1319,1311,1302,1342,1305,1365,1333,1338,1330,1307,1326,1491,1347,1519,1326,1549,1329,1570,1351,1547,1354,1518,1351,1320,1557,1360,1525,1402,1513,1427,1522,1456,1518,1487,1537,1509,1574,1481,1595,1448,1605,1417,1606,1389,1601,1352,1586,1335,1557,1398,1542,1425,1546,1453,1547,1495,1570,1451,1574,1421,1573,1395,1569
151,h,1,1,1178,1228,1624,1673,5.033333333333333,1160,1351,1157,1415,1160,1478,1168,1538,1190,1595,1229,1642,1281,1673,1337,1698,1398,1711,1456,1707,1506,1684,1550,1648,1582,1602,1605,1550,1622,1496,1632,1441,1636,1387,1240,1286,1277,1259,1323,1252,1371,1257,1414,1271,1479,1281,1518,1278,1558,1282,1593,1298,1612,1328,1442,1319,1442,1352,1443,1384,1444,1419,1379,1463,1406,1469,1434,1476,1459,1474,1483,1473,1282,1319,1312,1302,1343,1306,1366,1332,1339,1330,1308,1326,1496,1346,1524,1325,1553,1328,1574,1350,1551,1353,1523,1350,1322,1556,1361,1524,1403,1512,1429,1521,1459,1518,1490,1536,1510,1573,1482,1593,1450,1603,1419,1603,1390,1598,1353,1584,1337,1555,1400,1541,1427,1545,1456,1546,1497,1569,1453,1572,1423,1572,1396,1568
152,h,1,1,1178,1228,1624,1673,5.066666666666666,1164,1347,1160,1412,1161,1476,1168,1537,1189,1595,1228,1642,1280,1674,1336,1698,1398,1711,1458,1707,1509,1684,1552,1650,1583,1603,1605,1551,1622,1497,1632,1442,1636,1387,1241,1286,1278,1258,1324,1250,1373,1255,1417,1270,1478,1281,1518,1278,1559,1281,1595,1298,1614,1331,1442,1319,1442,1352,1442,1384,1443,1418,1377,1464,1405,1470,1433,1477,1460,1475,1484,1473,1283,1317,1313,1301,1344,1305,1368,1333,1340,1330,1308,1325,1496,1348,1525,1326,1554,1329,1576,1351,1553,1354,1524,1352,1322,1554,1363,1523,1404,1513,1430,1521,1459,1518,1490,1535,1512,1572,1483,1589,1451,1598,1420,1598,1392,1593,1355,1581,1338,1553,1401,1541,1428,1544,1456,1545,1498,1567,1453,1568,1424,1568,1397,1564
153,h,1,1,1178,1228,1624,1673,5.1,1164,1343,1160,1408,1162,1472,1169,1533,1190,1592,1230,1638,1282,1669,1338,1692,1401,1704,1459,1700,1509,1678,1553,1645,1584,1600,1607,1549,1624,1497,1634,1444,1638,1390,1243,1283,1281,1256,1327,1248,1376,1254,1418,1270,1481,1280,1521,1276,1561,1280,1596,1297,1615,1328,1444,1319,1444,1352,1444,1383,1444,1417,1378,1462,1406,1468,1434,1476,1461,1473,1485,1472,1284,1315,1314,1299,1346,1303,1369,1330,1341,1328,1309,1324,1498,1345,1526,1324,1556,1327,1577,1350,1554,1352,1525,1350,1324,1552,1364,1522,1404,1511,1431,1520,1461,1516,1491,1533,1512,1569,1484,1585,1452,1594,1421,1595,1393,1590,1357,1577,1338,1551,1402,1539,1428,1542,1457,1543,1499,1565,1455,1565,1425,1564,1398,1561
154,h,1,1,1178,1228,1624,1673,5.133333333333334,1164,1343,1160,1408,1162,1472,1169,1533,1190,1592,1230,1638,1282,1669,1338,1692,1401,1704,1459,1700,1509,1678,1553,1645,1584,1600,1607,1549,1624,1497,1634,1444,1638,1390,1243,1283,1281,1256,1327,1248,1376,1254,1418,1270,1481,1280,1521,1276,1561,1280,1596,1297,1615,1328,1444,1319,1444,1352,1444,1383,1444,1417,1378,1462,1406,1468,1434,1476,1461,1473,1485,1472,1284,1315,1314,1299,1346,1303,1369,1330,1341,1328,1309,1324,1498,1345,1526,1324,1556,1327,1577,1350,1554,1352,1525,1350,1324,1552,1364,1522,1404,1511,1431,1520,1461,1516,1491,1533,1512,1569,1484,1585,1452,1594,1421,1595,1393,1590,1357,1577,1338,1551,1402,1539,1428,1542,1457,1543,1499,1565,1455,1565,1425,1564,1398,1561
155,h,1,1,1176,1176,1711,1711,5.166666666666667,1166,1346,1161,1409,1162,1472,1169,1534,1191,1591,1230,1635,1285,1664,1342,1685,1402,1697,1460,1696,1512,1676,1558,1644,1590,1599,1613,1548,1630,1495,1640,1441,1643,1388,1244,1282,1282,1255,1328,1248,1376,1253,1422,1266,1482,1279,1521,1277,1562,1282,1598,1296,1621,1327,1446,1318,1445,1350,1445,1381,1445,1414,1381,1462,1408,1469,1436,1476,1462,1474,1488,1472,1286,1315,1315,1298,1348,1302,1372,1331,1342,1328,1310,1323,1500,1349,1528,1326,1559,1329,1581,1353,1557,1355,1526,1352,1326,1551,1364,1521,1405,1510,1434,1519,1462,1515,1492,1532,1514,1568,1486,1583,1454,1591,1425,1591,1394,1586,1358,1572,1340,1550,1402,1538,1431,1542,1458,1544,1501,1564,1457,1562,1428,1561,1400,1557
156,h,1,1,1176,1176,1711,1711,5.2,1163,1345,1159,1409,1161,1472,1167,1534,1189,1592,1230,1636,1285,1664,1341,1685,1402,1698,1460,1698,1511,1679,1556,1647,1588,1601,1611,1551,1630,1497,1640,1442,1644,1388,1245,1281,1282,1254,1328,1246,1375,1252,1420,1265,1485,1278,1525,1277,1566,1282,1602,1297,1624,1329,1446,1318,1445,1350,1445,1380,1445,1413,1382,1461,1409,1467,1436,1474,1462,1473,1488,1471,1286,1314,1315,1297,1348,1302,1372,1331,1342,1329,1310,1323,1501,1349,1529,1327,1560,1329,1582,1354,1558,1357,1528,1354,1326,1549,1366,1519,1406,1508,1435,1517,1463,1514,1494,1532,1516,1569,1486,1581,1455,1588,1425,1588,1394,1582,1359,1569,1341,1548,1403,1537,1432,1542,1460,1543,1502,1564,1458,1559,1429,1558,1400,1553
157,h,1,1,1176,1176,1711,1711,5.233333333333333,1169,1341,1163,1404,1164,1468,1171,1529,1192,1586,1233,1631,1287,1660,1343,1682,1404,1695,1460,1694,1510,1675,1555,1644,1588,1598,1610,1547,1627,1494,1637,1439,1639,1386,1248,1282,1284,1254,1329,1246,1377,1252,1421,1265,1482,1279,1522,1277,1563,1281,1599,1296,1620,1328,1445,1316,1445,1348,1445,1379,1444,1412,1381,1460,1408,1466,1436,1473,1462,1472,1488,1470,1287,1313,1315,1296,1348,1300,1372,1330,1342,1327,1311,1322,1500,1347,1528,1325,1559,1328,1581,1352,1556,1355,1526,1352,1326,1547,1365,1518,1406,1508,1434,1517,1463,1513,1493,1530,1515,1564,1486,1577,1456,1585,1425,1585,1395,1580,1359,1567,1341,1545,1403,1536,1431,1540,1460,1541,1501,1560,1458,1555,1429,1555,1400,1551
158,h,1,1,1176,1176,1711,1711,5.266666666666667,1169,1341,1163,1404,1164,1468,1171,1529,1192,1586,1233,1631,1287,1660,1343,1682,1404,1695,1460,1694,1510,1675,1555,1644,1588,1598,1610,1547,1627,1494,1637,1439,1639,1386,1248,1282,1284,1254,1329,1246,1377,1252,1421,1265,1482,1279,1522,1277,1563,1281,1599,1296,1620,1328,1445,1316,1445,1348,1445,1379,1444,1412,1381,1460,1408,1466,1436,1473,1462,1472,1488,1470,1287,1313,1315,1296,1348,1300,1372,1330,1342,1327,1311,1322,1500,1347,1528,1325,1559,1328,1581,1352,1556,1355,1526,1352,1326,1547,1365,1518,1406,1508,1434,1517,1463,1513,1493,1530,1515,1564,1486,1577,1456,1585,1425,1585,1395,1580,1359,1567,1341,1545,1403,1536,1431,1540,1460,1541,1501,1560,1458,1555,1429,1555,1400,1551
159,h,1,1,1176,1176,1711,1711,5.3,1167,1346,1162,1408,1163,1472,1169,1533,1191,1590,1231,1634,1286,1663,1343,1684,1404,1696,1461,1695,1513,1675,1558,1644,1591,1600,1613,1550,1630,1497,1640,1442,1643,1390,1247,1281,1283,1253,1329,1245,1376,1250,1421,1264,1483,1277,1523,1276,1563,1281,1599,1295,1621,1325,1446,1316,1446,1347,1446,1378,1446,1411,1381,1459,1408,1465,1436,1472,1462,1470,1488,1469,1286,1312,1315,1295,1347,1300,1372,1330,1342,1326,1310,1321,1502,1348,1530,1325,1560,1328,1583,1353,1558,1355,1529,1352,1325,1545,1366,1517,1408,1506,1435,1515,1463,1512,1492,1529,1517,1565,1485,1576,1454,1582,1424,1581,1395,1576,1359,1565,1340,1543,1404,1535,1432,1539,1459,1540,1503,1560,1457,1554,1429,1553,1400,1549
160,h,1,1,1176,1176,1711,1711,5.333333333333333,1165,1346,1161,1408,1163,1471,1170,1533,1193,1588,1233,1631,1287,1659,1343,1682,1405,1695,1462,1694,1514,1674,1558,1643,1591,1598,1613,1547,1631,1495,1641,1440,1643,1388,1246,1279,1283,1252,1328,1246,1376,1252,1420,1267,1484,1281,1522,1278,1561,1282,1597,1295,1619,1326,1446,1315,1446,1347,1447,1376,1447,1409,1381,1457,1409,1464,1437,1471,1463,1469,1488,1468,1285,1313,1315,1296,1347,1301,1371,1329,1342,1326,1310,1321,1501,1348,1529,1326,1559,1329,1581,1353,1557,1355,1527,1352,1325,1545,1367,1515,1409,1506,1436,1514,1464,1512,1493,1528,1517,1563,1485,1575,1455,1581,1425,1581,1396,1575,1359,1564,1340,1544,1405,1534,1433,1538,1460,1540,1502,1558,1458,1552,1430,1551,1401,1547
161,h,1,1,1176,1176,1711,1711,5.366666666666666,1165,1346,1161,1408,1163,1471,1170,1533,1193,1588,1233,1631,1287,1659,1343,1682,1405,1695,1462,1694,1514,1674,1558,1643,1591,1598,1613,1547,1631,1495,1641,1440,1643,1388,1246,1279,1283,1252,1328,1246,1376,1252,1420,1267,1484,1281,1522,1278,1561,1282,1597,1295,1619,1326,1446,1315,1446,1347,1447,1376,1447,1409,1381,1457,1409,1464,1437,1471,1463,1469,1488,1468,1285,1313,1315,1296,1347,1301,1371,1329,1342,1326,1310,1321,1501,1348,1529,1326,1559,1329,1581,1353,1557,1355,1527,1352,1325,1545,1367,1515,1409,1506,1436,1514,1464,1512,1493,1528,1517,1563,1485,1575,1455,1581,1425,1581,1396,1575,1359,1564,1340,1544,1405,1534,1433,1538,1460,1540,1502,1558,1458,1552,1430,1551,1401,1547
162,h,1,1,1176,1176,1711,1711,5.4,1166,1342,1163,1404,1164,1466,1170,1528,1191,1584,1231,1628,1284,1656,1340,1679,1403,1692,1462,1691,1513,1671,1558,1640,1590,1596,1613,1546,1630,1493,1640,1438,1643,1385,1246,1280,1282,1252,1327,1245,1375,1250,1419,1264,1484,1278,1524,1277,1565,1282,1601,1296,1622,1328,1446,1315,1445,1346,1445,1376,1444,1408,1380,1457,1407,1463,1435,1471,1462,1469,1487,1468,1285,1311,1313,1294,1346,1299,1371,1327,1341,1325,1309,1320,1500,1347,1529,1325,1559,1328,1582,1353,1557,1355,1527,1351,1325,1542,1366,1514,1407,1504,1435,1513,1463,1511,1493,1527,1516,1562,1486,1574,1454,1581,1424,1581,1395,1575,1358,1563,1340,1541,1404,1533,1432,1537,1459,1539,1502,1557,1457,1551,1429,1549,1401,1545
163,h,1,1,1176,1176,1711,1711,5.433333333333334,1163,1347,1161,1410,1162,1472,1169,1533,1190,1590,1230,1634,1285,1662,1342,1682,1404,1695,1462,1693,1514,1674,1559,1643,1591,1598,1612,1549,1628,1496,1638,1442,1641,1390,1245,1280,1282,1252,1329,1243,1377,1249,1421,1265,1482,1278,1522,1275,1563,1281,1598,1296,1620,1327,1447,1315,1446,1346,1446,1375,1446,1408,1381,1457,1409,1463,1436,1471,1462,1469,1487,1468,1285,1312,1315,1295,1348,1299,1372,1328,1342,1325,1310,1320,1501,1347,1529,1325,1559,1328,1581,1352,1557,1354,1527,1351,1325,1543,1367,1514,1408,1504,1435,1512,1463,1510,1493,1527,1516,1562,1485,1573,1454,1579,1425,1579,1396,1574,1359,1562,1341,1541,1405,1533,1432,1537,1460,1539,1502,1557,1457,1551,1429,1550,1401,1546
164,h,1,1,1176,1176,1711,1711,5.466666666666667,1161,1348,1158,1411,1160,1473,1167,1534,1190,1590,1232,1632,1287,1659,1343,1679,1404,1691,1461,1689,1512,1672,1556,1641,1589,1597,1611,1547,1628,1495,1638,1440,1639,1388,1245,1276,1282,1249,1327,1243,1373,1249,1417,1264,1483,1276,1521,1274,1560,1278,1595,1292,1618,1320,1444,1315,1443,1346,1443,1375,1443,1407,1379,1456,1406,1462,1434,1469,1461,1467,1486,1466,1284,1311,1314,1295,1346,1299,1370,1327,1340,1324,1309,1319,1500,1345,1527,1324,1557,1326,1580,1350,1555,1352,1525,1349,1323,1543,1365,1514,1406,1503,1434,1512,1462,1509,1492,1526,1516,1563,1485,1572,1454,1579,1424,1578,1394,1573,1357,1562,1339,1542,1403,1532,1431,1536,1458,1537,1501,1557,1457,1549,1428,1548,1400,1545
165,h,1,1,1176,1176,1711,1711,5.5,1161,1348,1158,1411,1160,1473,1167,1534,1190,1590,1232,1632,1287,1659,1343,1679,1404,1691,1461,1689,1512,1672,1556,1641,1589,1597,1611,1547,1628,1495,1638,1440,1639,1388,1245,1276,1282,1249,1327,1243,1373,1249,1417,1264,1483,1276,1521,1274,1560,1278,1595,1292,1618,1320,1444,1315,1443,1346,1443,1375,1443,1407,1379,1456,1406,1462,1434,1469,1461,1467,1486,1466,1284,1311,1314,1295,1346,1299,1370,1327,1340,1324,1309,1319,1500,1345,1527,1324,1557,1326,1580,1350,1555,1352,1525,1349,1323,1543,1365,1514,1406,1503,1434,1512,1462,1509,1492,1526,1516,1563,1485,1572,1454,1579,1424,1578,1394,1573,1357,1562,1339,1542,1403,1532,1431,1536,1458,1537,1501,1557,1457,1549,1428,1548,1400,1545
166,h,1,1,1176,1176,1711,1711,5.533333333333333,1162,1347,1158,1409,1159,1471,1166,1533,1188,1589,1228,1632,1283,1659,1341,1679,1402,1692,1460,1691,1512,1674,1556,1644,1587,1600,1610,1550,1627,1498,1638,1442,1642,1388,1246,1274,1283,1249,1327,1243,1374,1249,1417,1263,1482,1275,1521,1275,1561,1279,1597,1293,1620,1321,1445,1313,1444,1345,1444,1374,1444,1407,1380,1456,1407,1462,1434,1469,1460,1467,1485,1466,1285,1310,1313,1294,1345,1298,1370,1327,1340,1324,1308,1318,1499,1345,1527,1323,1557,1325,1580,1349,1555,1352,1525,1348,1324,1544,1365,1513,1406,1503,1434,1511,1461,1509,1491,1525,1514,1561,1484,1573,1452,1580,1424,1579,1394,1574,1358,1563,1339,1542,1403,1533,1431,1537,1457,1538,1499,1556,1456,1549,1428,1548,1400,1544
167,h,1,1,1117,1176,1652,1711,5.566666666666666,1166,1349,1163,1413,1165,1478,1171,1539,1195,1593,1236,1634,1289,1661,1344,1680,1404,1690,1460,1686,1510,1667,1555,1636,1588,1595,1612,1546,1628,1494,1636,1442,1638,1389,1244,1277,1282,1249,1328,1241,1375,1248,1417,1263,1479,1275,1520,1273,1560,1277,1595,1294,1616,1324,1444,1315,1444,1346,1445,1375,1445,1408,1378,1455,1407,1460,1435,1467,1462,1466,1487,1465,1282,1311,1312,1294,1344,1300,1368,1327,1340,1323,1309,1319,1497,1344,1525,1322,1555,1326,1577,1348,1554,1349,1525,1347,1323,1541,1367,1513,1409,1503,1433,1511,1462,1509,1492,1526,1512,1559,1483,1571,1452,1578,1422,1579,1395,1574,1358,1564,1338,1540,1405,1532,1430,1536,1458,1537,1499,1554,1455,1550,1425,1549,1401,1547
168,h,1,1,1117,1176,1652,1711,5.6,1169,1343,1164,1407,1166,1471,1171,1532,1193,1588,1233,1631,1285,1658,1340,1677,1400,1688,1456,1685,1507,1667,1554,1637,1587,1596,1611,1546,1629,1494,1638,1441,1641,1389,1245,1274,1282,1248,1327,1240,1374,1247,1416,1261,1479,1275,1520,1273,1560,1277,1596,1294,1618,1324,1444,1314,1443,1345,1444,1375,1444,1408,1378,1455,1407,1461,1434,1468,1461,1467,1486,1466,1282,1310,1311,1294,1343,1300,1368,1327,1339,1323,1307,1319,1497,1344,1526,1323,1556,1327,1579,1350,1554,1351,1525,1348,1322,1539,1365,1513,1406,1504,1431,1513,1460,1510,1489,1526,1509,1559,1480,1570,1449,1577,1419,1577,1393,1572,1357,1562,1336,1539,1403,1532,1428,1536,1456,1537,1496,1554,1453,1549,1423,1548,1398,1545
169,h,1,1,1117,1176,1652,1711,5.633333333333334,1169,1343,1164,1407,1166,1471,1171,1532,1193,1588,1233,1631,1285,1658,1340,1677,1400,1688,1456,1685,1507,1667,1554,1637,1587,1596,1611,1546,1629,1494,1638,1441,1641,1389,1245,1274,1282,1248,1327,1240,1374,1247,1416,1261,1479,1275,1520,1273,1560,1277,1596,1294,1618,1324,1444,1314,1443,1345,1444,1375,1444,1408,1378,1455,1407,1461,1434,1468,1461,1467,1486,1466,1282,1310,1311,1294,1343,1300,1368,1327,1339,1323,1307,1319,1497,1344,1526,1323,1556,1327,1579,1350,1554,1351,1525,1348,1322,1539,1365,1513,1406,1504,1431,1513,1460,1510,1489,1526,1509,1559,1480,1570,1449,1577,1419,1577,1393,1572,1357,1562,1336,1539,1403,1532,1428,1536,1456,1537,1496,1554,1453,1549,1423,1548,1398,1545
170,h,1,1,1117,1176,1652,1711,5.666666666666667,1170,1341,1164,1403,1165,1467,1171,1529,1192,1585,1231,1629,1283,1656,1338,1676,1399,1687,1456,1683,1507,1663,1553,1633,1586,1592,1610,1544,1629,1493,1638,1440,1640,1389,1247,1270,1286,1247,1330,1241,1375,1249,1416,1264,1479,1275,1518,1273,1558,1277,1593,1292,1615,1318,1443,1314,1443,1345,1444,1374,1444,1407,1378,1455,1406,1461,1434,1468,1460,1467,1485,1466,1284,1310,1313,1295,1343,1301,1368,1327,1340,1323,1309,1319,1497,1343,1525,1323,1554,1327,1577,1349,1553,1350,1524,1347,1320,1537,1364,1513,1405,1504,1431,1512,1461,1510,1490,1526,1510,1560,1480,1572,1449,1579,1418,1579,1391,1574,1354,1563,1334,1538,1402,1532,1427,1535,1457,1537,1496,1555,1453,1550,1423,1549,1397,1546
171,h,1,1,1117,1176,1652,1711,5.7,1170,1347,1166,1409,1168,1471,1172,1531,1193,1587,1231,1631,1283,1659,1338,1679,1398,1691,1455,1688,1506,1670,1553,1641,1586,1599,1609,1550,1626,1499,1636,1448,1638,1396,1245,1274,1282,1248,1327,1242,1372,1248,1414,1263,1480,1276,1520,1274,1561,1279,1597,1295,1620,1323,1443,1314,1442,1346,1443,1376,1443,1409,1377,1455,1405,1461,1433,1469,1460,1467,1485,1467,1284,1310,1312,1294,1343,1300,1368,1326,1339,1322,1308,1318,1497,1343,1526,1322,1555,1327,1578,1349,1554,1350,1525,1347,1320,1538,1364,1513,1405,1504,1431,1513,1461,1510,1490,1527,1510,1561,1481,1572,1449,1579,1418,1579,1390,1574,1354,1563,1335,1539,1401,1533,1427,1537,1457,1538,1497,1556,1453,1550,1423,1549,1396,1546
172,h,1,1,1178,1228,1624,1673,5.733333333333333,1164,1339,1161,1404,1165,1468,1173,1528,1195,1585,1234,1629,1286,1658,1341,1677,1402,1687,1460,1684,1510,1666,1555,1636,1585,1594,1606,1546,1622,1495,1632,1441,1635,1388,1238,1282,1275,1253,1322,1245,1371,1251,1415,1266,1480,1277,1521,1274,1562,1278,1598,1294,1617,1326,1443,1315,1443,1347,1443,1377,1444,1411,1378,1456,1406,1461,1434,1468,1460,1466,1484,1466,1281,1312,1311,1296,1343,1300,1367,1328,1338,1325,1307,1320,1496,1344,1525,1322,1555,1325,1577,1348,1554,1351,1524,1348,1322,1543,1364,1514,1405,1505,1430,1513,1458,1511,1488,1526,1509,1560,1481,1573,1450,1579,1420,1579,1393,1575,1356,1564,1338,1541,1402,1532,1428,1536,1455,1537,1495,1556,1453,1550,1424,1549,1398,1546
173,h,1,1,1178,1228,1624,1673,5.766666666666667,1164,1339,1161,1404,1165,1468,1173,1528,1195,1585,1234,1629,1286,1658,1341,1677,1402,1687,1460,1684,1510,1666,1555,1636,1585,1594,1606,1546,1622,1495,1632,1441,1635,1388,1238,1282,1275,1253,1322,1245,1371,1251,1415,1266,1480,1277,1521,1274,1562,1278,1598,1294,1617,1326,1443,1315,1443,1347,1443,1377,1444,1411,1378,1456,1406,1461,1434,1468,1460,1466,1484,1466,1281,1312,1311,1296,1343,1300,1367,1328,1338,1325,1307,1320,1496,1344,1525,1322,1555,1325,1577,1348,1554,1351,1524,1348,1322,1543,1364,1514,1405,1505,1430,1513,1458,1511,1488,1526,1509,1560,1481,1573,1450,1579,1420,1579,1393,1575,1356,1564,1338,1541,1402,1532,1428,1536,1455,1537,1495,1556,1453,1550,1424,1549,1398,1546
174,h,1,1,1117,1176,1652,1711,5.8,1164,1349,1161,1412,1165,1476,1171,1537,1195,1591,1237,1632,1288,1658,1342,1678,1401,1688,1456,1685,1506,1667,1552,1639,1586,1598,1609,1550,1625,1498,1634,1444,1637,1392,1243,1276,1281,1250,1326,1244,1374,1251,1416,1266,1479,1277,1519,1276,1558,1281,1593,1297,1615,1326,1443,1317,1443,1348,1443,1378,1444,1411,1376,1457,1405,1463,1433,1470,1460,1469,1485,1468,1281,1313,1311,1297,1342,1302,1367,1329,1339,1325,1307,1321,1496,1346,1525,1325,1555,1329,1578,1352,1553,1353,1524,1350,1320,1542,1364,1515,1406,1506,1431,1514,1460,1512,1490,1529,1511,1562,1481,1574,1450,1580,1420,1579,1393,1574,1356,1564,1335,1542,1403,1534,1428,1538,1457,1540,1498,1558,1453,1551,1423,1550,1398,1547
175,h,1,1,1178,1228,1624,1673,5.833333333333333,1159,1348,1158,1410,1162,1471,1171,1531,1194,1585,1235,1628,1288,1655,1343,1676,1403,1687,1459,1686,1509,1668,1553,1639,1584,1597,1606,1549,1622,1497,1633,1444,1636,1390,1236,1283,1272,1253,1320,1245,1370,1251,1415,1266,1478,1277,1519,1274,1561,1278,1598,1295,1618,1328,1442,1315,1443,1347,1444,1378,1445,1411,1378,1457,1406,1463,1434,1471,1461,1469,1485,1468,1278,1314,1308,1296,1341,1300,1365,1329,1336,1326,1304,1322,1496,1345,1525,1323,1556,1325,1577,1349,1554,1352,1524,1349,1321,1545,1364,1516,1405,1507,1431,1515,1460,1513,1490,1529,1511,1563,1482,1574,1451,1580,1421,1579,1394,1574,1357,1564,1337,1544,1402,1534,1428,1537,1456,1538,1497,1558,1454,1551,1425,1550,1398,1547
176,h,1,1,1178,1228,1624,1673,5.866666666666666,1159,1348,1158,1410,1162,1471,1171,1531,1194,1585,1235,1628,1288,1655,1343,1676,1403,1687,1459,1686,1509,1668,1553,1639,1584,1597,1606,1549,1622,1497,1633,1444,1636,1390,1236,1283,1272,1253,1320,1245,1370,1251,1415,1266,1478,1277,1519,1274,1561,1278,1598,1295,1618,1328,1442,1315,1443,1347,1444,1378,1445,1411,1378,1457,1406,1463,1434,1471,1461,1469,1485,1468,1278,1314,1308,1296,1341,1300,1365,1329,1336,1326,1304,1322,1496,1345,1525,1323,1556,1325,1577,1349,1554,1352,1524,1349,1321,1545,1364,1516,1405,1507,1431,1515,1460,1513,1490,1529,1511,1563,1482,1574,1451,1580,1421,1579,1394,1574,1357,1564,1337,1544,1402,1534,1428,1537,1456,1538,1497,1558,1454,1551,1425,1550,1398,1547
177,h,1,1,1176,1176,1711,1711,5.9,1159,1348,1156,1410,1157,1472,1164,1532,1187,1587,1228,1630,1284,1657,1341,1679,1402,1691,1458,1690,1508,1671,1553,1639,1586,1594,1608,1545,1625,1493,1635,1440,1638,1389,1242,1279,1279,1251,1326,1243,1374,1250,1419,1265,1481,1279,1521,1277,1561,1282,1596,1296,1618,1328,1445,1317,1444,1348,1444,1378,1443,1411,1377,1458,1405,1465,1433,1472,1461,1471,1486,1469,1282,1312,1312,1296,1345,1301,1370,1331,1339,1327,1307,1322,1498,1349,1526,1327,1557,1330,1578,1354,1554,1357,1524,1354,1323,1545,1363,1516,1404,1506,1433,1515,1461,1512,1491,1528,1513,1564,1483,1575,1452,1581,1422,1581,1392,1575,1355,1564,1338,1544,1401,1534,1430,1538,1458,1539,1499,1559,1456,1553,1427,1551,1398,1547
178,h,1,1,1117,1176,1652,1711,5.933333333333334,1164,1344,1161,1407,1163,1471,1170,1532,1192,1587,1232,1630,1283,1657,1336,1677,1395,1689,1451,1686,1504,1668,1551,1640,1585,1599,1609,1551,1627,1500,1638,1448,1642,1397,1244,1275,1282,1249,1328,1244,1375,1251,1419,1266,1484,1281,1525,1278,1565,1283,1601,1297,1624,1326,1446,1318,1445,1350,1444,1379,1444,1411,1377,1458,1405,1465,1433,1472,1460,1471,1486,1470,1282,1313,1312,1296,1344,1302,1369,1331,1340,1326,1308,1321,1499,1349,1528,1327,1559,1331,1582,1355,1557,1356,1527,1353,1319,1542,1365,1516,1406,1507,1431,1515,1461,1513,1492,1530,1512,1565,1482,1575,1449,1582,1419,1581,1392,1577,1354,1565,1334,1542,1402,1535,1428,1539,1457,1540,1499,1559,1453,1552,1424,1551,1398,1548
179,h,1,1,1176,1176,1711,1711,5.966666666666667,1161,1350,1157,1414,1158,1476,1166,1538,1188,1594,1230,1635,1286,1661,1343,1683,1404,1695,1461,1694,1512,1676,1557,1645,1589,1601,1611,1551,1628,1498,1638,1445,1640,1393,1244,1278,1282,1251,1328,1245,1376,1251,1420,1265,1480,1279,1520,1279,1561,1284,1597,1299,1619,1330,1445,1317,1444,1348,1444,1378,1444,1411,1378,1459,1406,1465,1435,1473,1462,1471,1487,1469,1284,1313,1313,1296,1346,1301,1370,1331,1340,1328,1308,1322,1498,1350,1527,1328,1557,1331,1580,1356,1555,1358,1525,1355,1322,1547,1364,1517,1406,1507,1434,1516,1462,1513,1492,1530,1514,1567,1484,1576,1452,1582,1423,1581,1393,1576,1356,1565,1337,1546,1402,1535,1431,1539,1458,1541,1500,1561,1456,1554,1427,1552,1399,1548
180,h,1,1,1176,1176,1711,1711,6.0,1161,1350,1157,1414,1158,1476,1166,1538,1188,1594,1230,1635,1286,1661,1343,1683,1404,1695,1461,1694,1512,1676,1557,1645,1589,1601,1611,1551,1628,1498,1638,1445,1640,1393,1244,1278,1282,1251,1328,1245,1376,1251,1420,1265,1480,1279,1520,1279,1561,1284,1597,1299,1619,1330,1445,1317,1444,1348,1444,1378,1444,1411,1378,1459,1406,1465,1435,1473,1462,1471,1487,1469,1284,1313,1313,1296,1346,1301,1370,1331,1340,1328,1308,1322,1498,1350,1527,1328,1557,1331,1580,1356,1555,1358,1525,1355,1322,1547,1364,1517,1406,1507,1434,1516,1462,1513,1492,1530,1514,1567,1484,1576,1452,1582,1423,1581,1393,1576,1356,1565,1337,1546,1402,1535,1431,1539,1458,1541,1500,1561,1456,1554,1427,1552,1399,1548
181,h,1,1,1176,1176,1711,1711,6.033333333333333,1161,1351,1158,1414,1160,1476,1167,1536,1190,1591,1231,1633,1287,1660,1344,1680,1402,1692,1458,1692,1508,1674,1554,1644,1587,1600,1610,1550,1628,1497,1639,1441,1642,1388,1242,1282,1278,1253,1326,1245,1375,1252,1420,1269,1482,1282,1522,1280,1564,1284,1601,1299,1623,1331,1447,1318,1446,1350,1446,1380,1447,1413,1381,1458,1407,1465,1436,1473,1462,1472,1486,1470,1284,1312,1314,1295,1346,1300,1371,1330,1340,1327,1308,1321,1499,1350,1528,1327,1558,1330,1580,1354,1556,1357,1526,1354,1325,1547,1365,1518,1407,1508,1435,1517,1463,1514,1491,1531,1512,1565,1483,1575,1454,1582,1424,1582,1395,1576,1357,1565,1340,1545,1404,1535,1432,1540,1459,1541,1498,1560,1457,1553,1429,1552,1400,1548
182,h,1,1,1176,1176,1711,1711,6.066666666666666,1162,1350,1158,1413,1160,1475,1167,1536,1189,1591,1230,1634,1286,1660,1343,1681,1403,1694,1459,1694,1510,1675,1554,1643,1586,1598,1609,1547,1626,1494,1635,1439,1637,1386,1245,1281,1282,1253,1329,1245,1377,1252,1422,1267,1481,1280,1520,1279,1561,1282,1597,1297,1618,1329,1446,1318,1446,1349,1447,1378,1447,1411,1381,1458,1409,1465,1437,1472,1464,1471,1489,1469,1285,1313,1314,1296,1346,1301,1371,1330,1340,1327,1309,1321,1500,1349,1527,1327,1557,1330,1579,1354,1555,1356,1526,1353,1327,1546,1367,1517,1408,1507,1436,1516,1464,1514,1492,1531,1514,1565,1485,1576,1455,1582,1425,1581,1396,1576,1360,1564,1342,1544,1405,1534,1433,1538,1460,1540,1500,1560,1458,1554,1430,1553,1402,1549
183,h,1,1,1176,1176,1711,1711,6.1,1165,1350,1162,1412,1165,1474,1171,1535,1192,1591,1232,1634,1286,1662,1342,1683,1403,1697,1461,1697,1513,1678,1557,1646,1589,1602,1612,1551,1629,1498,1639,1443,1641,1390,1246,1282,1282,1252,1329,1244,1377,1251,1421,1266,1482,1279,1521,1277,1562,1282,1599,1297,1620,1330,1447,1317,1447,1349,1447,1378,1447,1411,1381,1458,1409,1465,1437,1473,1464,1471,1489,1470,1286,1313,1315,1296,1347,1301,1372,1330,1342,1327,1310,1321,1501,1349,1528,1327,1559,1330,1581,1354,1557,1357,1527,1354,1326,1546,1365,1516,1407,1507,1435,1516,1464,1513,1493,1529,1514,1565,1485,1575,1455,1581,1425,1581,1394,1575,1358,1563,1340,1544,1403,1534,1432,1539,1460,1540,1500,1559,1458,1552,1429,1551,1400,1546
184,h,1,1,1176,1176,1711,1711,6.133333333333334,1165,1350,1162,1412,1165,1474,1171,1535,1192,1591,1232,1634,1286,1662,1342,1683,1403,1697,1461,1697,1513,1678,1557,1646,1589,1602,1612,1551,1629,1498,1639,1443,1641,1390,1246,1282,1282,1252,1329,1244,1377,1251,1421,1266,1482,1279,1521,1277,1562,1282,1599,1297,1620,1330,1447,1317,1447,1349,1447,1378,1447,1411,1381,1458,1409,1465,1437,1473,1464,1471,1489,1470,1286,1313,1315,1296,1347,1301,1372,1330,1342,1327,1310,1321,1501,1349,1528,1327,1559,1330,1581,1354,1557,1357,1527,1354,1326,1546,1365,1516,1407,1507,1435,1516,1464,1513,1493,1529,1514,1565,1485,1575,1455,1581,1425,1581,1394,1575,1358,1563,1340,1544,1403,1534,1432,1539,1460,1540,1500,1559,1458,1552,1429,1551,1400,1546
185,h,1,1,1176,1176,1711,1711,6.166666666666667,1169,1348,1164,1411,1166,1474,1172,1535,1193,1591,1233,1634,1287,1661,1343,1681,1404,1694,1461,1693,1511,1674,1556,1643,1588,1599,1612,1549,1629,1497,1638,1440,1639,1387,1246,1279,1284,1252,1330,1244,1378,1250,1423,1264,1482,1278,1522,1277,1563,1283,1598,1298,1620,1329,1448,1316,1448,1348,1448,1378,1449,1412,1381,1458,1409,1465,1438,1472,1464,1471,1489,1469,1288,1311,1317,1295,1349,1300,1373,1328,1344,1325,1312,1320,1501,1348,1529,1326,1559,1330,1581,1353,1557,1356,1527,1352,1326,1546,1367,1516,1408,1507,1436,1516,1464,1513,1492,1529,1512,1565,1484,1575,1454,1582,1424,1581,1395,1576,1359,1564,1342,1543,1405,1534,1433,1539,1460,1540,1498,1558,1458,1553,1429,1552,1401,1548
186,h,1,1,1176,1176,1711,1711,6.2,1166,1346,1162,1408,1163,1471,1169,1532,1191,1587,1232,1631,1287,1657,1343,1678,1402,1692,1457,1691,1506,1673,1551,1643,1583,1599,1608,1549,1626,1497,1637,1441,1640,1389,1247,1280,1283,1252,1330,1244,1379,1250,1424,1265,1483,1279,1523,1278,1565,1283,1602,1299,1622,1333,1449,1317,1448,1348,1448,1378,1447,1411,1381,1458,1409,1465,1437,1472,1464,1471,1490,1469,1288,1311,1317,1295,1350,1299,1374,1329,1344,1326,1312,1321,1501,1349,1529,1326,1559,1329,1581,1354,1557,1357,1527,1354,1328,1546,1367,1518,1407,1507,1435,1516,1464,1514,1492,1529,1511,1563,1484,1573,1455,1580,1425,1579,1395,1574,1360,1563,1342,1543,1404,1534,1432,1538,1460,1540,1497,1557,1458,1551,1429,1550,1400,1546
187,h,1,1,1176,1176,1711,1711,6.233333333333333,1164,1347,1160,1410,1161,1474,1168,1535,1191,1590,1232,1633,1287,1659,1343,1680,1401,1692,1457,1691,1507,1673,1552,1643,1585,1599,1609,1550,1627,1497,1637,1442,1640,1390,1246,1280,1283,1252,1331,1244,1379,1251,1424,1266,1483,1279,1523,1278,1565,1283,1601,1298,1622,1331,1449,1318,1449,1350,1449,1379,1449,1412,1382,1460,1409,1466,1438,1473,1464,1472,1489,1471,1288,1312,1317,1296,1349,1301,1374,1330,1343,1327,1311,1322,1501,1349,1529,1327,1559,1330,1581,1354,1557,1357,1527,1354,1328,1545,1369,1518,1409,1508,1437,1516,1465,1514,1493,1530,1513,1565,1484,1574,1455,1581,1425,1581,1396,1576,1360,1563,1343,1544,1406,1535,1434,1540,1461,1541,1500,1559,1458,1552,1430,1551,1402,1547
188,h,1,1,1176,1176,1711,1711,6.266666666666667,1164,1347,1160,1410,1161,1474,1168,1535,1191,1590,1232,1633,1287,1659,1343,1680,1401,1692,1457,1691,1507,1673,1552,1643,1585,1599,1609,1550,1627,1497,1637,1442,1640,1390,1246,1280,1283,1252,1331,1244,1379,1251,1424,1266,1483,1279,1523,1278,1565,1283,1601,1298,1622,1331,1449,1318,1449,1350,1449,1379,1449,1412,1382,1460,1409,1466,1438,1473,1464,1472,1489,1471,1288,1312,1317,1296,1349,1301,1374,1330,1343,1327,1311,1322,1501,1349,1529,1327,1559,1330,1581,1354,1557,1357,1527,1354,1328,1545,1369,1518,1409,1508,1437,1516,1465,1514,1493,1530,1513,1565,1484,1574,1455,1581,1425,1581,1396,1576,1360,1563,1343,1544,1406,1535,1434,1540,1461,1541,1500,1559,1458,1552,1430,1551,1402,1547
189,h,1,1,1176,1176,1711,1711,6.3,1164,1349,1160,1411,1161,1475,1168,1537,1192,1593,1234,1636,1290,1662,1347,1682,1406,1694,1463,1694,1513,1676,1556,1645,1589,1601,1613,1551,1631,1498,1641,1443,1642,1390,1248,1279,1285,1252,1332,1245,1380,1251,1425,1266,1486,1280,1524,1278,1565,1283,1600,1298,1622,1329,1450,1318,1449,1350,1449,1380,1449,1413,1384,1460,1411,1467,1439,1474,1466,1473,1491,1471,1288,1314,1318,1297,1350,1301,1374,1331,1344,1328,1313,1323,1502,1350,1530,1327,1560,1330,1583,1355,1558,1358,1528,1354,1329,1547,1371,1519,1411,1509,1439,1518,1466,1515,1495,1531,1516,1566,1487,1576,1457,1582,1428,1581,1399,1576,1363,1564,1345,1545,1408,1537,1436,1541,1462,1542,1502,1561,1460,1553,1432,1552,1404,1548
190,h,1,1,1176,1176,1711,1711,6.333333333333333,1165,1347,1161,1409,1161,1472,1168,1534,1190,1591,1230,1635,1286,1663,1342,1685,1402,1699,1459,1699,1511,1680,1556,1648,1589,1603,1613,1553,1631,1501,1641,1446,1644,1393,1248,1279,1286,1252,1333,1245,1381,1252,1425,1267,1487,1281,1527,1280,1568,1283,1605,1296,1627,1327,1451,1319,1450,1350,1451,1380,1451,1413,1384,1461,1411,1467,1440,1475,1466,1473,1491,1472,1289,1314,1318,1296,1351,1301,1376,1332,1346,1329,1313,1323,1503,1351,1532,1328,1563,1331,1584,1356,1560,1359,1530,1356,1328,1547,1370,1519,1411,1509,1438,1518,1465,1515,1494,1532,1516,1567,1486,1577,1456,1582,1427,1581,1399,1577,1362,1566,1343,1546,1407,1537,1435,1542,1461,1543,1503,1562,1459,1553,1432,1552,1405,1548
191,h,1,1,1176,1176,1711,1711,6.366666666666666,1165,1347,1161,1409,1161,1472,1168,1534,1190,1591,1230,1635,1286,1663,1342,1685,1402,1699,1459,1699,1511,1680,1556,1648,1589,1603,1613,1553,1631,1501,1641,1446,1644,1393,1248,1279,1286,1252,1333,1245,1381,1252,1425,1267,1487,1281,1527,1280,1568,1283,1605,1296,1627,1327,1451,1319,1450,1350,1451,1380,1451,1413,1384,1461,1411,1467,1440,1475,1466,1473,1491,1472,1289,1314,1318,1296,1351,1301,1376,1332,1346,1329,1313,1323,1503,1351,1532,1328,1563,1331,1584,1356,1560,1359,1530,1356,1328,1547,1370,1519,1411,1509,1438,1518,1465,1515,1494,1532,1516,1567,1486,1577,1456,1582,1427,1581,1399,1577,1362,1566,1343,1546,1407,1537,1435,1542,1461,1543,1503,1562,1459,1553,1432,1552,1405,1548
192,h,1,1,1176,1176,1711,1711,6.4,1166,1349,1161,1411,1162,1474,1167,1534,1189,1590,1229,1633,1285,1660,1342,1682,1402,1696,1460,1696,1510,1677,1554,1646,1587,1603,1612,1553,1630,1501,1640,1446,1642,1394,1249,1279,1287,1253,1333,1246,1381,1252,1425,1267,1488,1281,1526,1280,1567,1285,1602,1298,1625,1327,1450,1318,1450,1350,1450,1380,1450,1413,1385,1460,1412,1467,1440,1474,1466,1473,1491,1471,1290,1314,1319,1298,1350,1302,1375,1331,1345,1328,1314,1323,1504,1350,1531,1328,1561,1331,1584,1356,1559,1358,1530,1355,1329,1544,1370,1519,1412,1509,1438,1519,1465,1516,1494,1533,1516,1566,1486,1578,1455,1584,1427,1583,1399,1578,1362,1565,1344,1543,1408,1537,1435,1542,1461,1543,1503,1561,1459,1554,1432,1553,1405,1548
193,h,1,1,1176,1176,1711,1711,6.433333333333334,1164,1356,1161,1418,1163,1480,1171,1539,1193,1595,1232,1638,1287,1666,1343,1687,1403,1701,1459,1701,1510,1682,1555,1651,1587,1606,1612,1557,1630,1504,1639,1449,1640,1396,1247,1281,1283,1253,1330,1246,1378,1252,1423,1266,1487,1280,1526,1279,1567,1284,1602,1300,1623,1331,1449,1319,1449,1350,1449,1381,1449,1414,1384,1461,1411,1467,1439,1475,1466,1473,1491,1472,1288,1315,1316,1298,1349,1303,1375,1332,1344,1329,1312,1324,1504,1351,1531,1329,1561,1332,1584,1357,1560,1359,1530,1356,1328,1546,1369,1520,1411,1510,1437,1519,1464,1517,1493,1532,1515,1566,1486,1578,1455,1584,1427,1583,1398,1578,1361,1567,1342,1545,1407,1539,1434,1543,1460,1544,1502,1561,1458,1555,1431,1554,1404,1550
194,h,1,1,1176,1176,1711,1711,6.466666666666667,1165,1350,1162,1412,1163,1474,1170,1534,1192,1590,1232,1634,1287,1661,1343,1682,1404,1695,1461,1695,1511,1677,1556,1646,1588,1603,1611,1554,1628,1502,1638,1447,1641,1395,1247,1281,1284,1254,1332,1248,1380,1254,1425,1268,1487,1282,1526,1282,1566,1286,1602,1301,1624,1331,1450,1317,1450,1349,1450,1380,1450,1414,1385,1460,1412,1467,1440,1474,1465,1473,1490,1471,1288,1315,1316,1298,1349,1303,1374,1332,1344,1330,1312,1325,1503,1350,1531,1329,1562,1332,1584,1356,1560,1359,1530,1356,1327,1548,1368,1520,1410,1510,1438,1519,1466,1516,1494,1532,1515,1567,1487,1577,1457,1584,1427,1583,1398,1578,1360,1567,1342,1546,1407,1537,1434,1542,1462,1543,1501,1561,1460,1555,1431,1553,1403,1549
195,h,1,1,1176,1176,1711,1711,6.5,1165,1350,1162,1412,1163,1474,1170,1534,1192,1590,1232,1634,1287,1661,1343,1682,1404,1695,1461,1695,1511,1677,1556,1646,1588,1603,1611,1554,1628,1502,1638,1447,1641,1395,1247,1281,1284,1254,1332,1248,1380,1254,1425,1268,1487,1282,1526,1282,1566,1286,1602,1301,1624,1331,1450,1317,1450,1349,1450,1380,1450,1414,1385,1460,1412,1467,1440,1474,1465,1473,1490,1471,1288,1315,1316,1298,1349,1303,1374,1332,1344,1330,1312,1325,1503,1350,1531,1329,1562,1332,1584,1356,1560,1359,1530,1356,1327,1548,1368,1520,1410,1510,1438,1519,1466,1516,1494,1532,1515,1567,1487,1577,1457,1584,1427,1583,1398,1578,1360,1567,1342,1546,1407,1537,1434,1542,1462,1543,1501,1561,1460,1555,1431,1553,1403,1549
196,h,1,1,1176,1176,1711,1711,6.533333333333333,1166,1347,1162,1409,1163,1472,1170,1534,1192,1590,1234,1633,1290,1658,1346,1679,1403,1692,1459,1691,1509,1673,1555,1642,1588,1599,1612,1550,1630,1498,1640,1444,1642,1393,1249,1279,1286,1252,1333,1245,1382,1252,1426,1267,1487,1280,1526,1279,1567,1284,1602,1299,1624,1330,1451,1320,1450,1351,1449,1381,1449,1414,1383,1461,1410,1468,1438,1475,1464,1474,1490,1473,1288,1315,1318,1298,1351,1302,1376,1333,1345,1331,1313,1325,1504,1352,1532,1329,1562,1332,1584,1358,1560,1361,1530,1358,1330,1548,1370,1520,1410,1510,1437,1519,1465,1517,1493,1533,1515,1567,1486,1577,1456,1582,1427,1581,1399,1576,1363,1565,1345,1547,1407,1537,1434,1541,1461,1543,1501,1562,1459,1554,1432,1553,1404,1549
197,h,1,1,1176,1176,1711,1711,6.566666666666666,1161,1353,1158,1415,1159,1477,1167,1537,1191,1592,1233,1634,1287,1660,1342,1681,1401,1695,1457,1695,1508,1676,1554,1646,1588,1601,1612,1551,1629,1499,1639,1444,1641,1393,1247,1282,1284,1255,1331,1248,1380,1254,1425,1269,1484,1282,1524,1281,1564,1286,1599,1300,1621,1331,1449,1321,1448,1352,1448,1382,1448,1414,1384,1461,1411,1468,1438,1476,1465,1475,1490,1473,1288,1316,1316,1298,1348,1303,1374,1333,1343,1330,1312,1324,1502,1352,1529,1329,1560,1332,1582,1357,1558,1359,1528,1356,1328,1547,1368,1520,1409,1510,1437,1519,1465,1517,1493,1534,1515,1568,1485,1578,1455,1584,1426,1583,1397,1578,1360,1566,1343,1546,1406,1538,1433,1543,1461,1544,1502,1563,1458,1554,1430,1553,1402,1549
198,h,1,1,1176,1176,1711,1711,6.6,1162,1350,1158,1412,1158,1475,1165,1535,1189,1591,1231,1633,1285,1660,1341,1682,1400,1694,1455,1693,1506,1674,1550,1644,1584,1602,1608,1553,1626,1501,1636,1447,1639,1394,1247,1281,1285,1255,1332,1248,1380,1254,1425,1270,1487,1285,1525,1282,1565,1285,1600,1300,1622,1330,1449,1321,1449,1353,1448,1383,1448,1416,1384,1463,1410,1469,1438,1477,1464,1476,1489,1474,1288,1316,1317,1299,1349,1304,1374,1334,1344,1331,1312,1325,1503,1353,1530,1330,1561,1332,1583,1357,1559,1360,1529,1357,1328,1549,1369,1522,1410,1512,1437,1521,1465,1518,1493,1535,1516,1568,1486,1578,1455,1584,1427,1584,1397,1579,1361,1567,1343,1547,1406,1539,1434,1544,1461,1545,1503,1563,1459,1555,1431,1554,1403,1549
199,h,1,1,1176,1176,1711,1711,6.633333333333334,1162,1350,1158,1412,1158,1475,1165,1535,1189,1591,1231,1633,1285,1660,1341,1682,1400,1694,1455,1693,1506,1674,1550,1644,1584,1602,1608,1553,1626,1501,1636,1447,1639,1394,1247,1281,1285,1255,1332,1248,1380,1254,1425,1270,1487,1285,1525,1282,1565,1285,1600,1300,1622,1330,1449,1321,1449,1353,1448,1383,1448,1416,1384,1463,1410,1469,1438,1477,1464,1476,1489,1474,1288,1316,1317,1299,1349,1304,1374,1334,1344,1331,1312,1325,1503,1353,1530,1330,1561,1332,1583,1357,1559,1360,1529,1357,1328,1549,1369,1522,1410,1512,1437,1521,1465,1518,1493,1535,1516,1568,1486,1578,1455,1584,1427,1584,1397,1579,1361,1567,1343,1547,1406,1539,1434,1544,1461,1545,1503,1563,1459,1555,1431,1554,1403,1549
200,h,1,1,1176,1176,1711,1711,6.666666666666667,1164,1354,1161,1415,1162,1476,1169,1536,1192,1591,1233,1632,1287,1660,1341,1682,1399,1696,1455,1696,1506,1677,1550,1647,1584,1604,1609,1555,1626,1502,1638,1447,1641,1393,1247,1283,1284,1256,1331,1249,1379,1256,1424,1271,1487,1286,1525,1284,1565,1288,1599,1301,1622,1331,1448,1321,1447,1353,1447,1384,1447,1417,1382,1463,1409,1469,1437,1477,1463,1475,1489,1475,1286,1318,1315,1300,1347,1305,1373,1334,1342,1331,1310,1326,1503,1353,1530,1330,1560,1333,1583,1357,1559,1360,1529,1358,1326,1547,1366,1521,1408,1512,1435,1521,1463,1518,1493,1535,1517,1569,1485,1580,1453,1585,1424,1584,1395,1579,1358,1568,1341,1546,1404,1539,1432,1544,1459,1546,1503,1564,1457,1555,1429,1554,1401,1549
201,h,1,1,1176,1176,1711,1711,6.7,1164,1352,1161,1413,1163,1474,1168,1534,1188,1592,1227,1636,1282,1664,1339,1686,1399,1699,1455,1700,1507,1683,1553,1652,1586,1608,1610,1558,1628,1505,1639,1450,1641,1396,1246,1283,1284,1255,1331,1248,1380,1254,1425,1269,1484,1283,1524,1280,1566,1284,1602,1298,1624,1331,1448,1320,1448,1353,1448,1384,1448,1418,1382,1464,1410,1470,1437,1477,1463,1476,1489,1475,1287,1318,1315,1301,1348,1305,1374,1334,1343,1332,1311,1327,1503,1353,1531,1331,1561,1334,1584,1358,1560,1361,1530,1358,1323,1551,1366,1523,1408,1513,1435,1522,1463,1519,1493,1535,1516,1569,1485,1578,1454,1584,1425,1584,1396,1579,1358,1569,1339,1550,1404,1540,1432,1545,1460,1546,1502,1564,1458,1556,1429,1555,1401,1551
202,h,1,1,1176,1176,1711,1711,6.733333333333333,1166,1350,1162,1411,1163,1473,1169,1533,1191,1589,1232,1632,1286,1659,1340,1681,1399,1695,1454,1695,1506,1677,1552,1646,1587,1602,1612,1552,1630,1499,1640,1444,1643,1391,1248,1283,1285,1254,1331,1247,1378,1254,1423,1269,1487,1284,1526,1282,1566,1286,1601,1300,1622,1332,1450,1322,1449,1354,1449,1384,1448,1417,1382,1463,1410,1470,1438,1478,1464,1477,1490,1476,1288,1316,1317,1300,1349,1305,1374,1335,1344,1332,1312,1326,1504,1355,1531,1333,1561,1336,1584,1360,1560,1363,1530,1360,1327,1547,1368,1522,1408,1512,1436,1522,1464,1519,1493,1536,1515,1570,1484,1580,1453,1586,1423,1584,1394,1579,1359,1568,1342,1546,1405,1540,1432,1545,1460,1547,1502,1565,1457,1557,1428,1555,1400,1551
203,h,1,1,1176,1176,1711,1711,6.766666666666667,1166,1350,1162,1411,1163,1473,1169,1533,1191,1589,1232,1632,1286,1659,1340,1681,1399,1695,1454,1695,1506,1677,1552,1646,1587,1602,1612,1552,1630,1499,1640,1444,1643,1391,1248,1283,1285,1254,1331,1247,1378,1254,1423,1269,1487,1284,1526,1282,1566,1286,1601,1300,1622,1332,1450,1322,1449,1354,1449,1384,1448,1417,1382,1463,1410,1470,1438,1478,1464,1477,1490,1476,1288,1316,1317,1300,1349,1305,1374,1335,1344,1332,1312,1326,1504,1355,1531,1333,1561,1336,1584,1360,1560,1363,1530,1360,1327,1547,1368,1522,1408,1512,1436,1522,1464,1519,1493,1536,1515,1570,1484,1580,1453,1586,1423,1584,1394,1579,1359,1568,1342,1546,1405,1540,1432,1545,1460,1547,1502,1565,1457,1557,1428,1555,1400,1551
204,h,1,1,1176,1176,1711,1711,6.8,1166,1352,1163,1414,1166,1475,1172,1535,1196,1589,1237,1630,1290,1658,1343,1681,1400,1694,1453,1694,1504,1676,1549,1646,1584,1603,1611,1555,1631,1504,1642,1449,1645,1396,1246,1282,1284,1255,1331,1248,1379,1254,1423,1269,1484,1281,1524,1280,1564,1285,1599,1300,1622,1330,1449,1322,1448,1354,1448,1384,1448,1418,1382,1464,1409,1470,1438,1477,1464,1476,1490,1475,1287,1318,1317,1301,1349,1306,1374,1335,1344,1333,1312,1328,1502,1354,1530,1331,1560,1334,1583,1359,1558,1362,1529,1359,1329,1549,1368,1522,1409,1513,1436,1522,1463,1519,1492,1535,1513,1569,1484,1579,1454,1586,1425,1585,1396,1580,1360,1568,1343,1548,1405,1540,1433,1545,1459,1546,1500,1564,1457,1556,1430,1555,1402,1551
205,h,1,1,1176,1176,1711,1711,6.833333333333333,1164,1349,1160,1410,1161,1471,1167,1531,1190,1587,1232,1629,1288,1656,1345,1678,1403,1692,1459,1691,1510,1672,1555,1641,1590,1598,1614,1549,1631,1498,1642,1443,1644,1391,1246,1283,1284,1254,1332,1248,1381,1255,1426,1271,1484,1284,1523,1282,1564,1285,1600,1299,1623,1329,1449,1322,1448,1354,1448,1385,1448,1418,1383,1463,1410,1470,1438,1477,1464,1476,1490,1474,1287,1318,1316,1301,1348,1306,1374,1336,1343,1333,1311,1328,1502,1354,1529,1331,1560,1334,1583,1358,1558,1361,1529,1359,1328,1548,1367,1523,1408,1513,1436,1523,1464,1519,1493,1536,1515,1569,1485,1578,1455,1584,1426,1584,1397,1578,1360,1567,1343,1547,1405,1540,1433,1545,1461,1546,1501,1564,1458,1556,1430,1555,1402,1550
206,h,1,1,1176,1176,1711,1711,6.866666666666666,1164,1349,1160,1410,1161,1471,1167,1531,1190,1587,1232,1629,1288,1656,1345,1678,1403,1692,1459,1691,1510,1672,1555,1641,1590,1598,1614,1549,1631,1498,1642,1443,1644,1391,1246,1283,1284,1254,1332,1248,1381,1255,1426,1271,1484,1284,1523,1282,1564,1285,1600,1299,1623,1329,1449,1322,1448,1354,1448,1385,1448,1418,1383,1463,1410,1470,1438,1477,1464,1476,1490,1474,1287,1318,1316,1301,1348,1306,1374,1336,1343,1333,1311,1328,1502,1354,1529,1331,1560,1334,1583,1358,1558,1361,1529,1359,1328,1548,1367,1523,1408,1513,1436,1523,1464,1519,1493,1536,1515,1569,1485,1578,1455,1584,1426,1584,1397,1578,1360,1567,1343,1547,1405,1540,1433,1545,1461,1546,1501,1564,1458,1556,1430,1555,1402,1550
207,h,1,1,1176,1176,1711,1711,6.9,1163,1355,1160,1417,1162,1479,1170,1540,1193,1596,1235,1638,1291,1665,1349,1686,1408,1699,1465,1699,1516,1680,1560,1649,1592,1603,1615,1553,1632,1500,1641,1445,1642,1394,1245,1283,1283,1254,1331,1247,1380,1254,1424,1269,1486,1283,1525,1281,1566,1285,1600,1300,1622,1331,1449,1321,1449,1353,1449,1383,1449,1416,1383,1463,1411,1470,1439,1477,1466,1476,1491,1474,1286,1317,1316,1300,1348,1305,1373,1334,1343,1331,1311,1326,1503,1353,1531,1331,1562,1334,1585,1359,1560,1361,1530,1358,1326,1551,1368,1522,1410,1512,1437,1521,1465,1518,1494,1535,1516,1569,1487,1579,1456,1585,1427,1584,1398,1578,1361,1567,1341,1549,1407,1541,1434,1545,1462,1546,1502,1564,1459,1556,1431,1555,1403,1550
208,h,1,1,1176,1176,1711,1711,6.933333333333334,1169,1349,1164,1411,1166,1473,1172,1533,1192,1590,1231,1634,1284,1661,1340,1683,1400,1696,1457,1697,1509,1678,1553,1647,1587,1604,1611,1555,1630,1502,1639,1448,1641,1395,1248,1283,1286,1255,1333,1247,1381,1253,1426,1269,1487,1282,1526,1280,1567,1285,1602,1300,1623,1333,1451,1321,1450,1353,1450,1383,1449,1416,1383,1463,1411,1469,1439,1477,1465,1476,1490,1475,1289,1315,1318,1299,1350,1305,1375,1333,1344,1330,1313,1324,1504,1354,1532,1332,1562,1335,1586,1360,1561,1362,1531,1359,1324,1550,1366,1522,1408,1512,1436,1521,1465,1518,1493,1534,1514,1568,1484,1576,1455,1582,1424,1582,1395,1577,1358,1566,1338,1548,1405,1539,1433,1544,1461,1544,1501,1562,1458,1554,1429,1553,1401,1549
209,h,1,1,1176,1176,1711,1711,6.966666666666667,1167,1352,1164,1414,1165,1476,1172,1536,1193,1593,1234,1636,1288,1662,1344,1683,1404,1696,1460,1696,1511,1679,1557,1649,1590,1606,1614,1557,1631,1505,1642,1449,1644,1396,1248,1285,1285,1257,1331,1248,1380,1253,1426,1267,1486,1281,1527,1280,1569,1286,1604,1302,1626,1334,1451,1321,1450,1353,1449,1383,1449,1416,1382,1463,1410,1469,1438,1477,1465,1476,1490,1475,1288,1317,1318,1300,1350,1305,1375,1335,1345,1332,1313,1326,1504,1355,1532,1332,1563,1335,1586,1360,1561,1363,1531,1360,1326,1551,1368,1522,1410,1512,1437,1521,1466,1518,1495,1534,1516,1570,1487,1578,1457,1585,1427,1584,1397,1579,1360,1567,1341,1549,1406,1540,1434,1544,1462,1545,1502,1564,1460,1556,1431,1555,1403,1550
210,h,1,1,1176,1176,1711,1711,7.0,1167,1352,1164,1414,1165,1476,1172,1536,1193,1593,1234,1636,1288,1662,1344,1683,1404,1696,1460,1696,1511,1679,1557,1649,1590,1606,1614,1557,1631,1505,1642,1449,1644,1396,1248,1285,1285,1257,1331,1248,1380,1253,1426,1267,1486,1281,1527,1280,1569,1286,1604,1302,1626,1334,1451,1321,1450,1353,1449,1383,1449,1416,1382,1463,1410,1469,1438,1477,1465,1476,1490,1475,1288,1317,1318,1300,1350,1305,1375,1335,1345,1332,1313,1326,1504,1355,1532,1332,1563,1335,1586,1360,1561,1363,1531,1360,1326,1551,1368,1522,1410,1512,1437,1521,1466,1518,1495,1534,1516,1570,1487,1578,1457,1585,1427,1584,1397,1579,1360,1567,1341,1549,1406,1540,1434,1544,1462,1545,1502,1564,1460,1556,1431,1555,1403,1550
211,h,1,1,1176,1176,1711,1711,7.033333333333333,1166,1351,1162,1413,1164,1476,1171,1536,1194,1592,1235,1635,1290,1662,1346,1684,1407,1696,1463,1695,1513,1676,1557,1645,1591,1602,1614,1553,1631,1502,1640,1449,1642,1398,1248,1281,1285,1255,1331,1248,1379,1254,1423,1268,1485,1281,1526,1281,1567,1287,1602,1304,1623,1335,1449,1320,1449,1353,1449,1383,1448,1417,1383,1463,1410,1470,1438,1477,1465,1476,1491,1475,1288,1316,1318,1300,1350,1305,1374,1334,1344,1331,1312,1325,1504,1354,1532,1332,1562,1335,1584,1360,1560,1362,1531,1359,1325,1549,1368,1522,1409,1512,1437,1522,1465,1519,1494,1534,1515,1569,1486,1579,1455,1585,1426,1584,1397,1579,1359,1568,1341,1548,1406,1540,1434,1544,1461,1545,1502,1564,1458,1557,1430,1555,1402,1551
212,h,1,1,1176,1176,1711,1711,7.066666666666666,1164,1352,1161,1415,1164,1478,1170,1539,1192,1594,1233,1636,1289,1662,1345,1683,1405,1696,1461,1696,1513,1676,1557,1646,1590,1602,1613,1552,1630,1502,1640,1448,1642,1395,1243,1284,1281,1256,1327,1250,1376,1256,1422,1271,1488,1286,1527,1283,1568,1288,1604,1302,1626,1334,1449,1321,1448,1353,1448,1383,1448,1417,1383,1463,1410,1470,1438,1478,1464,1477,1490,1475,1287,1316,1316,1298,1348,1303,1374,1334,1343,1330,1311,1324,1503,1354,1531,1330,1562,1334,1584,1360,1560,1361,1530,1358,1326,1548,1366,1522,1408,1512,1436,1521,1465,1519,1495,1535,1518,1571,1487,1581,1455,1586,1425,1585,1394,1580,1358,1568,1341,1547,1404,1540,1433,1545,1461,1546,1504,1565,1458,1557,1429,1555,1400,1551
213,h,1,1,1176,1176,1711,1711,7.1,1165,1348,1162,1411,1164,1474,1170,1535,1193,1592,1233,1636,1287,1664,1343,1686,1404,1699,1461,1698,1512,1678,1555,1646,1587,1602,1611,1552,1628,1500,1639,1447,1642,1394,1247,1281,1285,1255,1331,1249,1378,1256,1423,1271,1487,1285,1526,1284,1566,1287,1601,1300,1623,1331,1449,1320,1448,1352,1448,1382,1447,1416,1382,1464,1410,1470,1437,1478,1464,1476,1490,1475,1287,1316,1316,1299,1348,1305,1373,1334,1343,1331,1311,1325,1502,1354,1530,1331,1560,1335,1583,1359,1559,1362,1529,1359,1326,1548,1366,1522,1407,1512,1435,1522,1464,1519,1494,1535,1517,1569,1486,1579,1454,1585,1424,1584,1394,1579,1358,1567,1341,1547,1403,1540,1432,1544,1460,1546,1503,1564,1458,1556,1429,1554,1400,1550
214,h,1,1,1176,1176,1711,1711,7.133333333333334,1165,1348,1162,1411,1164,1474,1170,1535,1193,1592,1233,1636,1287,1664,1343,1686,1404,1699,1461,1698,1512,1678,1555,1646,1587,1602,1611,1552,1628,1500,1639,1447,1642,1394,1247,1281,1285,1255,1331,1249,1378,1256,1423,1271,1487,1285,1526,1284,1566,1287,1601,1300,1623,1331,1449,1320,1448,1352,1448,1382,1447,1416,1382,1464,1410,1470,1437,1478,1464,1476,1490,1475,1287,1316,1316,1299,1348,1305,1373,1334,1343,1331,1311,1325,1502,1354,1530,1331,1560,1335,1583,1359,1559,1362,1529,1359,1326,1548,1366,1522,1407,1512,1435,1522,1464,1519,1494,1535,1517,1569,1486,1579,1454,1585,1424,1584,1394,1579,1358,1567,1341,1547,1403,1540,1432,1544,1460,1546,1503,1564,1458,1556,1429,1554,1400,1550
215,h,1,1,1176,1176,1711,1711,7.166666666666667,1165,1349,1160,1412,1160,1476,1167,1537,1191,1591,1234,1634,1290,1661,1345,1683,1404,1696,1459,1695,1509,1675,1553,1645,1586,1602,1611,1552,1628,1501,1639,1447,1641,1395,1247,1282,1285,1255,1332,1249,1380,1256,1425,1272,1488,1287,1526,1285,1566,1288,1601,1301,1623,1331,1450,1322,1449,1354,1449,1383,1448,1416,1383,1463,1410,1470,1438,1477,1464,1476,1490,1475,1288,1316,1316,1300,1348,1305,1373,1334,1342,1331,1311,1325,1502,1353,1529,1331,1559,1334,1582,1358,1557,1361,1528,1358,1327,1547,1368,1522,1408,1513,1435,1522,1462,1519,1492,1535,1515,1568,1484,1578,1453,1585,1424,1583,1395,1578,1360,1567,1343,1546,1405,1541,1432,1545,1459,1547,1501,1563,1456,1556,1429,1554,1401,1550
216,h,1,1,1176,1176,1711,1711,7.2,1163,1351,1160,1413,1161,1476,1168,1536,1191,1590,1233,1632,1289,1660,1345,1682,1405,1693,1460,1691,1511,1672,1555,1642,1589,1599,1613,1549,1629,1498,1638,1445,1640,1393,1245,1280,1284,1255,1330,1249,1378,1255,1422,1270,1486,1283,1525,1283,1565,1287,1600,1299,1621,1329,1448,1322,1448,1353,1448,1383,1448,1417,1382,1463,1409,1470,1438,1478,1464,1476,1490,1474,1286,1317,1315,1301,1347,1306,1372,1335,1341,1331,1311,1325,1501,1353,1528,1332,1558,1335,1581,1358,1556,1361,1527,1358,1326,1548,1367,1522,1409,1513,1436,1523,1463,1520,1492,1536,1514,1570,1483,1579,1452,1585,1424,1583,1395,1578,1358,1567,1342,1547,1405,1541,1433,1545,1459,1547,1500,1565,1456,1556,1429,1554,1401,1550
217,h,1,1,1176,1176,1711,1711,7.233333333333333,1163,1347,1158,1410,1159,1473,1166,1534,1189,1589,1230,1632,1285,1660,1342,1683,1401,1696,1457,1696,1509,1676,1554,1645,1588,1601,1612,1552,1630,1500,1641,1446,1644,1394,1245,1280,1283,1255,1329,1248,1377,1255,1422,1271,1487,1286,1526,1284,1566,1288,1601,1301,1624,1331,1448,1323,1447,1354,1446,1383,1445,1415,1380,1463,1407,1470,1435,1477,1461,1476,1487,1475,1285,1317,1314,1300,1346,1305,1372,1335,1341,1331,1309,1325,1501,1355,1528,1332,1559,1336,1582,1360,1557,1362,1528,1360,1325,1549,1366,1522,1407,1512,1435,1522,1462,1519,1492,1536,1516,1571,1484,1580,1453,1585,1424,1584,1395,1579,1359,1567,1340,1548,1404,1541,1431,1546,1459,1547,1502,1565,1456,1556,1428,1555,1401,1551
218,h,1,1,1176,1176,1711,1711,7.266666666666667,1163,1347,1158,1410,1159,1473,1166,1534,1189,1589,1230,1632,1285,1660,1342,1683,1401,1696,1457,1696,1509,1676,1554,1645,1588,1601,1612,1552,1630,1500,1641,1446,1644,1394,1245,1280,1283,1255,1329,1248,1377,1255,1422,1271,1487,1286,1526,1284,1566,1288,1601,1301,1624,1331,1448,1323,1447,1354,1446,1383,1445,1415,1380,1463,1407,1470,1435,1477,1461,1476,1487,1475,1285,1317,1314,1300,1346,1305,1372,1335,1341,1331,1309,1325,1501,1355,1528,1332,1559,1336,1582,1360,1557,1362,1528,1360,1325,1549,1366,1522,1407,1512,1435,1522,1462,1519,1492,1536,1516,1571,1484,1580,1453,1585,1424,1584,1395,1579,1359,1567,1340,1548,1404,1541,1431,1546,1459,1547,1502,1565,1456,1556,1428,1555,1401,1551
219,h,1,1,1176,1176,1711,1711,7.3,1163,1351,1158,1413,1160,1476,1169,1536,1192,1591,1234,1634,1288,1662,1344,1684,1403,1697,1458,1696,1509,1676,1553,1644,1587,1599,1611,1550,1629,1498,1638,1445,1640,1393,1241,1283,1278,1256,1325,1250,1374,1257,1420,1273,1483,1287,1522,1284,1562,1288,1598,1303,1620,1334,1446,1322,1445,1353,1445,1383,1445,1415,1379,1463,1406,1469,1435,1477,1461,1476,1487,1474,1283,1317,1311,1301,1343,1306,1369,1335,1338,1331,1306,1325,1498,1354,1526,1333,1557,1336,1580,1359,1555,1362,1525,1359,1325,1549,1365,1522,1407,1513,1434,1522,1461,1519,1491,1535,1514,1570,1482,1578,1452,1585,1423,1584,1394,1579,1358,1567,1339,1547,1403,1540,1431,1545,1458,1546,1500,1564,1455,1556,1428,1555,1400,1551
220,h,1,1,1178,1228,1624,1673,7.333333333333333,1165,1348,1163,1412,1167,1475,1174,1536,1197,1592,1238,1635,1289,1663,1345,1682,1406,1691,1463,1688,1513,1670,1557,1642,1588,1602,1610,1554,1626,1504,1636,1450,1640,1396,1242,1281,1279,1254,1326,1246,1375,1253,1418,1269,1480,1281,1521,1277,1562,1281,1598,1298,1617,1331,1445,1320,1445,1353,1445,1384,1446,1417,1379,1463,1407,1469,1436,1476,1462,1475,1486,1474,1283,1317,1312,1301,1343,1306,1369,1334,1339,1331,1308,1326,1496,1351,1524,1328,1555,1332,1578,1354,1554,1358,1524,1355,1324,1548,1366,1522,1406,1513,1432,1522,1461,1519,1489,1535,1511,1568,1482,1577,1452,1583,1423,1583,1395,1578,1359,1568,1339,1547,1403,1540,1429,1544,1457,1545,1497,1563,1455,1554,1426,1554,1400,1550
221,h,1,1,1178,1228,1624,1673,7.366666666666666,1165,1348,1163,1412,1167,1475,1174,1536,1197,1592,1238,1635,1289,1663,1345,1682,1406,1691,1463,1688,1513,1670,1557,1642,1588,1602,1610,1554,1626,1504,1636,1450,1640,1396,1242,1281,1279,1254,1326,1246,1375,1253,1418,1269,1480,1281,1521,1277,1562,1281,1598,1298,1617,1331,1445,1320,1445,1353,1445,1384,1446,1417,1379,1463,1407,1469,1436,1476,1462,1475,1486,1474,1283,1317,1312,1301,1343,1306,1369,1334,1339,1331,1308,1326,1496,1351,1524,1328,1555,1332,1578,1354,1554,1358,1524,1355,1324,1548,1366,1522,1406,1513,1432,1522,1461,1519,1489,1535,1511,1568,1482,1577,1452,1583,1423,1583,1395,1578,1359,1568,1339,1547,1403,1540,1429,1544,1457,1545,1497,1563,1455,1554,1426,1554,1400,1550
222,h,1,1,1176,1176,1711,1711,7.4,1163,1356,1158,1418,1160,1480,1167,1540,1189,1595,1229,1638,1284,1665,1340,1686,1399,1699,1455,1699,1507,1680,1553,1649,1586,1605,1609,1555,1627,1504,1638,1450,1640,1398,1242,1283,1279,1256,1325,1249,1373,1255,1418,1271,1484,1286,1522,1283,1563,1287,1599,1302,1620,1333,1445,1321,1444,1352,1444,1381,1443,1414,1378,1463,1405,1470,1433,1477,1459,1476,1485,1475,1283,1317,1311,1301,1343,1305,1369,1334,1337,1330,1306,1325,1499,1354,1526,1332,1557,1335,1580,1359,1555,1361,1525,1358,1322,1549,1362,1522,1403,1513,1431,1522,1459,1519,1489,1535,1515,1571,1481,1578,1449,1583,1420,1583,1390,1577,1354,1567,1337,1547,1399,1540,1428,1544,1455,1546,1501,1565,1453,1555,1424,1553,1396,1549
223,h,1,1,1178,1228,1624,1673,7.433333333333334,1167,1351,1164,1415,1167,1477,1175,1537,1197,1592,1235,1636,1288,1663,1343,1683,1404,1692,1461,1690,1511,1672,1556,1644,1586,1602,1609,1554,1624,1503,1634,1450,1638,1397,1241,1286,1278,1256,1325,1248,1374,1255,1418,1271,1479,1283,1521,1279,1563,1284,1599,1302,1617,1337,1445,1320,1444,1352,1445,1383,1445,1417,1378,1462,1406,1469,1434,1477,1461,1475,1485,1474,1283,1317,1312,1301,1343,1305,1368,1333,1339,1330,1308,1326,1495,1351,1524,1329,1554,1333,1577,1356,1553,1359,1523,1356,1323,1548,1364,1522,1404,1513,1430,1522,1459,1519,1488,1535,1510,1567,1480,1577,1450,1582,1420,1582,1392,1578,1356,1566,1337,1547,1400,1539,1427,1544,1456,1544,1496,1562,1453,1554,1424,1554,1397,1550
224,h,1,1,1178,1228,1624,1673,7.466666666666667,1161,1350,1159,1415,1164,1477,1173,1537,1195,1593,1235,1636,1287,1664,1343,1683,1404,1692,1461,1690,1510,1673,1553,1644,1584,1602,1607,1554,1624,1502,1634,1450,1637,1397,1241,1285,1278,1256,1325,1248,1374,1255,1418,1270,1481,1282,1521,1279,1562,1284,1597,1302,1615,1335,1444,1320,1444,1352,1445,1383,1446,1417,1378,1462,1406,1468,1434,1475,1460,1474,1485,1473,1283,1317,1311,1301,1342,1306,1367,1333,1338,1330,1307,1326,1495,1351,1523,1330,1553,1333,1575,1356,1552,1358,1522,1355,1322,1548,1364,1522,1404,1513,1430,1523,1459,1520,1488,1535,1509,1567,1479,1577,1449,1582,1420,1582,1392,1578,1356,1567,1337,1547,1401,1539,1427,1543,1455,1544,1496,1562,1452,1556,1424,1555,1397,1552
225,h,1,1,1178,1228,1624,1673,7.5,1161,1350,1159,1415,1164,1477,1173,1537,1195,1593,1235,1636,1287,1664,1343,1683,1404,1692,1461,1690,1510,1673,1553,1644,1584,1602,1607,1554,1624,1502,1634,1450,1637,1397,1241,1285,1278,1256,1325,1248,1374,1255,1418,1270,1481,1282,1521,1279,1562,1284,1597,1302,1615,1335,1444,1320,1444,1352,1445,1383,1446,1417,1378,1462,1406,1468,1434,1475,1460,1474,1485,1473,1283,1317,1311,1301,1342,1306,1367,1333,1338,1330,1307,1326,1495,1351,1523,1330,1553,1333,1575,1356,1552,1358,1522,1355,1322,1548,1364,1522,1404,1513,1430,1523,1459,1520,1488,1535,1509,1567,1479,1577,1449,1582,1420,1582,1392,1578,1356,1567,1337,1547,1401,1539,1427,1543,1455,1544,1496,1562,1452,1556,1424,1555,1397,1552
226,h,1,1,1178,1228,1624,1673,7.533333333333333,1169,1348,1166,1411,1167,1473,1173,1534,1194,1590,1232,1634,1284,1663,1340,1684,1400,1695,1457,1692,1507,1673,1552,1644,1584,1602,1607,1554,1623,1502,1633,1450,1637,1398,1243,1285,1280,1256,1327,1249,1376,1256,1420,1272,1481,1285,1522,1282,1563,1286,1598,1303,1617,1337,1445,1320,1445,1353,1445,1383,1445,1418,1378,1463,1406,1469,1434,1476,1461,1474,1486,1474,1286,1319,1316,1305,1346,1310,1371,1334,1342,1331,1312,1327,1496,1351,1525,1334,1553,1338,1575,1358,1551,1359,1523,1356,1324,1546,1366,1523,1406,1515,1431,1524,1459,1521,1488,1536,1510,1567,1479,1577,1448,1582,1419,1581,1392,1577,1357,1567,1338,1546,1402,1540,1428,1545,1456,1546,1496,1562,1452,1554,1423,1553,1398,1549
227,h,1,1,1176,1176,1711,1711,7.566666666666666,1161,1354,1158,1416,1160,1479,1168,1540,1192,1594,1233,1636,1287,1664,1342,1686,1401,1699,1456,1699,1507,1680,1553,1649,1587,1604,1610,1554,1628,1501,1637,1447,1638,1394,1241,1285,1278,1256,1326,1249,1375,1256,1421,1271,1482,1285,1521,1283,1562,1287,1598,1303,1618,1335,1445,1321,1445,1352,1445,1382,1445,1415,1379,1464,1406,1470,1434,1478,1461,1476,1487,1475,1285,1321,1314,1309,1344,1313,1371,1336,1340,1333,1309,1328,1498,1356,1527,1340,1555,1344,1578,1363,1553,1364,1525,1360,1322,1548,1364,1523,1405,1513,1433,1522,1460,1519,1490,1536,1514,1570,1482,1578,1450,1583,1421,1582,1392,1578,1356,1567,1337,1547,1401,1540,1429,1544,1456,1546,1500,1564,1453,1556,1426,1554,1398,1551
228,h,1,1,1176,1176,1711,1711,7.6,1165,1350,1160,1412,1161,1476,1168,1536,1191,1593,1232,1636,1287,1663,1344,1684,1402,1697,1458,1696,1509,1676,1553,1646,1586,1602,1609,1552,1628,1500,1638,1446,1641,1394,1247,1281,1284,1255,1331,1248,1378,1255,1422,1271,1485,1285,1523,1283,1564,1287,1599,1301,1620,1332,1448,1321,1447,1353,1447,1382,1446,1414,1381,1462,1407,1469,1435,1477,1462,1476,1487,1475,1289,1318,1319,1304,1349,1308,1373,1335,1344,1331,1313,1325,1500,1353,1529,1335,1558,1338,1580,1360,1555,1361,1526,1358,1323,1550,1364,1523,1405,1512,1433,1521,1461,1518,1489,1535,1513,1569,1482,1577,1452,1582,1422,1582,1393,1577,1357,1567,1338,1548,1402,1539,1430,1543,1458,1545,1499,1563,1455,1555,1427,1554,1398,1550
229,h,1,1,1176,1176,1711,1711,7.633333333333334,1165,1350,1160,1412,1161,1476,1168,1536,1191,1593,1232,1636,1287,1663,1344,1684,1402,1697,1458,1696,1509,1676,1553,1646,1586,1602,1609,1552,1628,1500,1638,1446,1641,1394,1247,1281,1284,1255,1331,1248,1378,1255,1422,1271,1485,1285,1523,1283,1564,1287,1599,1301,1620,1332,1448,1321,1447,1353,1447,1382,1446,1414,1381,1462,1407,1469,1435,1477,1462,1476,1487,1475,1289,1318,1319,1304,1349,1308,1373,1335,1344,1331,1313,1325,1500,1353,1529,1335,1558,1338,1580,1360,1555,1361,1526,1358,1323,1550,1364,1523,1405,1512,1433,1521,1461,1518,1489,1535,1513,1569,1482,1577,1452,1582,1422,1582,1393,1577,1357,1567,1338,1548,1402,1539,1430,1543,1458,1545,1499,1563,1455,1555,1427,1554,1398,1550
230,h,1,1,1176,1176,1711,1711,7.666666666666667,1164,1353,1161,1416,1164,1480,1172,1540,1193,1595,1233,1639,1288,1665,1344,1686,1404,1698,1461,1697,1513,1680,1557,1650,1588,1605,1609,1556,1626,1504,1638,1451,1641,1399,1243,1284,1281,1256,1329,1249,1377,1255,1423,1269,1487,1285,1526,1283,1567,1288,1602,1303,1623,1335,1449,1318,1448,1350,1447,1380,1447,1413,1383,1462,1409,1468,1437,1475,1463,1474,1488,1473,1287,1316,1317,1299,1349,1303,1373,1333,1343,1330,1312,1324,1502,1352,1531,1330,1561,1334,1582,1358,1558,1360,1529,1357,1325,1550,1366,1521,1407,1511,1436,1520,1464,1517,1493,1533,1516,1569,1486,1577,1456,1582,1426,1581,1396,1576,1359,1566,1340,1548,1404,1539,1433,1543,1461,1544,1501,1563,1459,1554,1430,1552,1401,1549
231,h,1,1,1176,1176,1711,1711,7.7,1169,1356,1165,1419,1168,1481,1176,1541,1199,1596,1240,1638,1293,1665,1348,1687,1406,1700,1461,1701,1512,1682,1555,1651,1587,1606,1611,1556,1628,1503,1639,1449,1641,1397,1249,1280,1286,1253,1332,1246,1379,1252,1423,1266,1487,1280,1527,1280,1568,1285,1602,1300,1623,1331,1449,1318,1449,1350,1449,1380,1449,1414,1383,1461,1410,1468,1438,1475,1465,1474,1490,1473,1288,1315,1317,1299,1349,1303,1375,1332,1344,1329,1313,1323,1502,1351,1531,1329,1561,1333,1583,1357,1559,1359,1529,1355,1325,1548,1365,1520,1407,1510,1435,1519,1464,1517,1494,1533,1518,1568,1487,1577,1455,1582,1425,1581,1395,1576,1358,1565,1340,1546,1403,1538,1433,1543,1460,1544,1504,1562,1458,1552,1429,1551,1400,1547
232,h,1,1,1176,1176,1711,1711,7.733333333333333,1168,1350,1164,1413,1166,1476,1172,1536,1194,1593,1234,1637,1288,1664,1345,1686,1405,1699,1462,1699,1514,1680,1558,1649,1590,1604,1613,1554,1630,1501,1640,1446,1643,1393,1250,1279,1288,1252,1335,1246,1382,1254,1427,1269,1490,1284,1528,1282,1569,1286,1604,1299,1625,1332,1452,1318,1451,1350,1451,1380,1451,1414,1385,1461,1412,1467,1440,1474,1467,1473,1493,1473,1292,1314,1321,1298,1353,1303,1377,1332,1347,1328,1316,1322,1504,1350,1532,1330,1561,1333,1583,1356,1559,1358,1530,1355,1328,1546,1369,1519,1410,1510,1437,1518,1465,1516,1496,1532,1520,1567,1489,1577,1456,1581,1427,1581,1398,1576,1361,1565,1344,1545,1407,1538,1434,1542,1462,1543,1506,1562,1460,1553,1432,1551,1404,1547
233,h,1,1,1176,1176,1711,1711,7.766666666666667,1168,1350,1164,1413,1166,1476,1172,1536,1194,1593,1234,1637,1288,1664,1345,1686,1405,1699,1462,1699,1514,1680,1558,1649,1590,1604,1613,1554,1630,1501,1640,1446,1643,1393,1250,1279,1288,1252,1335,1246,1382,1254,1427,1269,1490,1284,1528,1282,1569,1286,1604,1299,1625,1332,1452,1318,1451,1350,1451,1380,1451,1414,1385,1461,1412,1467,1440,1474,1467,1473,1493,1473,1292,1314,1321,1298,1353,1303,1377,1332,1347,1328,1316,1322,1504,1350,1532,1330,1561,1333,1583,1356,1559,1358,1530,1355,1328,1546,1369,1519,1410,1510,1437,1518,1465,1516,1496,1532,1520,1567,1489,1577,1456,1581,1427,1581,1398,1576,1361,1565,1344,1545,1407,1538,1434,1542,1462,1543,1506,1562,1460,1553,1432,1551,1404,1547
234,h,1,1,1176,1176,1711,1711,7.8,1171,1346,1167,1409,1168,1473,1174,1534,1195,1590,1237,1634,1292,1661,1348,1682,1407,1695,1463,1695,1514,1676,1559,1646,1591,1603,1614,1554,1632,1502,1642,1449,1646,1397,1253,1279,1290,1252,1337,1245,1385,1252,1430,1267,1494,1283,1533,1281,1574,1285,1609,1300,1630,1332,1456,1318,1455,1350,1455,1379,1456,1412,1388,1460,1416,1466,1444,1473,1470,1472,1496,1471,1294,1313,1324,1297,1356,1302,1380,1332,1350,1328,1318,1322,1508,1351,1536,1330,1566,1333,1588,1358,1563,1359,1534,1356,1330,1546,1371,1519,1412,1509,1441,1518,1469,1516,1499,1532,1521,1567,1491,1577,1460,1582,1430,1581,1400,1575,1363,1564,1345,1545,1409,1537,1438,1542,1465,1543,1507,1562,1463,1553,1435,1551,1406,1547
235,h,1,1,1176,1176,1711,1711,7.833333333333333,1168,1345,1164,1408,1165,1473,1173,1534,1196,1590,1238,1633,1294,1660,1351,1681,1410,1693,1466,1693,1515,1676,1558,1645,1591,1601,1614,1551,1632,1499,1642,1444,1646,1392,1251,1281,1290,1252,1339,1245,1388,1252,1434,1268,1495,1282,1535,1280,1577,1285,1611,1300,1631,1333,1459,1318,1459,1349,1459,1378,1460,1411,1391,1459,1419,1465,1447,1473,1474,1472,1499,1471,1295,1314,1326,1297,1358,1302,1382,1332,1352,1328,1320,1323,1510,1351,1539,1329,1569,1333,1590,1357,1566,1359,1537,1356,1335,1546,1376,1518,1418,1508,1445,1517,1471,1515,1500,1531,1521,1567,1492,1575,1462,1580,1434,1579,1406,1574,1369,1563,1351,1544,1415,1536,1442,1540,1468,1542,1507,1561,1465,1552,1438,1550,1411,1546
236,h,1,1,1176,1176,1711,1711,7.866666666666666,1168,1345,1164,1408,1165,1473,1173,1534,1196,1590,1238,1633,1294,1660,1351,1681,1410,1693,1466,1693,1515,1676,1558,1645,1591,1601,1614,1551,1632,1499,1642,1444,1646,1392,1251,1281,1290,1252,1339,1245,1388,1252,1434,1268,1495,1282,1535,1280,1577,1285,1611,1300,1631,1333,1459,1318,1459,1349,1459,1378,1460,1411,1391,1459,1419,1465,1447,1473,1474,1472,1499,1471,1295,1314,1326,1297,1358,1302,1382,1332,1352,1328,1320,1323,1510,1351,1539,1329,1569,1333,1590,1357,1566,1359,1537,1356,1335,1546,1376,1518,1418,1508,1445,1517,1471,1515,1500,1531,1521,1567,1492,1575,1462,1580,1434,1579,1406,1574,1369,1563,1351,1544,1415,1536,1442,1540,1468,1542,1507,1561,1465,1552,1438,1550,1411,1546
237,h,1,1,1176,1176,1711,1711,7.9,1171,1350,1169,1413,1171,1475,1179,1536,1200,1592,1241,1634,1295,1661,1351,1681,1411,1694,1467,1694,1518,1675,1563,1644,1595,1602,1619,1552,1636,1500,1645,1446,1647,1393,1254,1281,1292,1253,1340,1246,1389,1252,1434,1267,1497,1281,1537,1280,1577,1285,1612,1299,1634,1330,1460,1316,1460,1348,1460,1377,1461,1411,1394,1459,1421,1465,1450,1472,1475,1471,1501,1471,1297,1314,1327,1298,1360,1302,1385,1331,1355,1329,1322,1324,1512,1351,1540,1329,1571,1331,1593,1356,1568,1358,1538,1355,1336,1546,1378,1517,1419,1507,1446,1516,1474,1514,1502,1530,1523,1566,1494,1574,1464,1580,1436,1580,1407,1575,1370,1564,1351,1544,1416,1536,1443,1541,1470,1543,1509,1560,1467,1551,1440,1550,1412,1546
238,h,1,1,1176,1176,1711,1711,7.933333333333334,1174,1347,1172,1409,1173,1472,1179,1532,1201,1589,1242,1630,1297,1656,1353,1677,1413,1690,1469,1689,1518,1671,1562,1642,1595,1599,1619,1551,1638,1500,1649,1446,1652,1394,1259,1277,1297,1250,1344,1243,1392,1250,1436,1265,1501,1280,1540,1278,1579,1282,1614,1296,1635,1326,1463,1316,1462,1348,1462,1378,1462,1412,1396,1458,1423,1465,1451,1472,1477,1472,1503,1471,1299,1313,1330,1296,1362,1302,1386,1331,1357,1328,1325,1323,1515,1351,1544,1328,1574,1332,1596,1356,1572,1359,1543,1355,1340,1544,1383,1516,1424,1507,1450,1516,1477,1514,1505,1530,1525,1565,1496,1573,1467,1579,1438,1579,1411,1573,1374,1562,1356,1542,1421,1535,1447,1539,1473,1541,1511,1559,1470,1551,1443,1550,1417,1545
239,h,1,1,1176,1176,1711,1711,7.966666666666667,1177,1346,1173,1409,1173,1472,1179,1533,1202,1589,1243,1631,1298,1657,1357,1677,1417,1689,1474,1688,1524,1671,1568,1642,1600,1599,1623,1550,1641,1498,1652,1445,1654,1394,1262,1275,1300,1249,1346,1243,1394,1250,1437,1266,1504,1281,1542,1279,1582,1282,1617,1296,1639,1327,1465,1317,1465,1348,1465,1378,1465,1411,1396,1459,1425,1465,1453,1472,1480,1471,1505,1471,1301,1313,1331,1296,1363,1301,1388,1330,1358,1327,1326,1322,1516,1350,1545,1328,1575,1332,1597,1356,1572,1358,1543,1355,1341,1545,1382,1517,1422,1507,1450,1516,1478,1514,1506,1530,1527,1565,1498,1572,1469,1577,1439,1576,1410,1571,1374,1561,1356,1544,1419,1535,1447,1539,1474,1541,1513,1559,1472,1549,1444,1548,1416,1544
240,h,1,1,1176,1176,1711,1711,8.0,1177,1346,1173,1409,1173,1472,1179,1533,1202,1589,1243,1631,1298,1657,1357,1677,1417,1689,1474,1688,1524,1671,1568,1642,1600,1599,1623,1550,1641,1498,1652,1445,1654,1394,1262,1275,1300,1249,1346,1243,1394,1250,1437,1266,1504,1281,1542,1279,1582,1282,1617,1296,1639,1327,1465,1317,1465,1348,1465,1378,1465,1411,1396,1459,1425,1465,1453,1472,1480,1471,1505,1471,1301,1313,1331,1296,1363,1301,1388,1330,1358,1327,1326,1322,1516,1350,1545,1328,1575,1332,1597,1356,1572,1358,1543,1355,1341,1545,1382,1517,1422,1507,1450,1516,1478,1514,1506,1530,1527,1565,1498,1572,1469,1577,1439,1576,1410,1571,1374,1561,1356,1544,1419,1535,1447,1539,1474,1541,1513,1559,1472,1549,1444,1548,1416,1544
241,h,1,1,1176,1176,1711,1711,8.033333333333333,1178,1347,1175,1411,1177,1474,1183,1535,1205,1591,1247,1634,1302,1660,1359,1681,1418,1694,1473,1694,1524,1676,1568,1645,1601,1602,1625,1553,1643,1501,1653,1449,1656,1398,1264,1277,1302,1250,1348,1243,1396,1249,1441,1263,1503,1276,1543,1276,1584,1282,1620,1298,1640,1331,1467,1316,1467,1348,1467,1378,1467,1412,1400,1459,1428,1464,1455,1472,1481,1471,1507,1470,1305,1312,1334,1295,1367,1300,1392,1330,1362,1327,1329,1322,1518,1351,1547,1328,1578,1332,1599,1357,1575,1360,1545,1356,1344,1543,1386,1517,1427,1508,1453,1516,1480,1514,1507,1530,1527,1565,1498,1572,1469,1577,1440,1576,1413,1572,1377,1562,1358,1542,1423,1536,1449,1540,1476,1541,1514,1559,1473,1550,1445,1549,1419,1545
242,h,1,1,1176,1176,1711,1711,8.066666666666666,1178,1347,1174,1411,1177,1476,1183,1537,1205,1594,1247,1636,1303,1663,1360,1684,1420,1698,1476,1698,1527,1678,1572,1646,1604,1601,1626,1551,1644,1500,1656,1447,1658,1395,1262,1279,1300,1250,1348,1243,1397,1249,1442,1263,1505,1276,1546,1276,1588,1282,1624,1298,1644,1333,1468,1316,1468,1347,1469,1377,1469,1410,1402,1458,1429,1464,1458,1472,1484,1471,1509,1470,1305,1312,1335,1295,1367,1301,1392,1331,1362,1328,1329,1322,1520,1351,1549,1328,1579,1332,1600,1357,1577,1360,1547,1356,1344,1543,1387,1517,1430,1507,1456,1516,1483,1514,1511,1531,1532,1566,1502,1574,1472,1578,1443,1577,1416,1572,1378,1562,1359,1542,1426,1536,1452,1540,1479,1541,1519,1561,1476,1550,1448,1549,1422,1545
243,h,1,1,1176,1176,1711,1711,8.1,1179,1348,1176,1411,1177,1475,1182,1536,1202,1593,1242,1638,1297,1665,1355,1685,1415,1699,1471,1698,1523,1679,1568,1650,1601,1606,1623,1558,1641,1508,1654,1457,1658,1405,1262,1285,1299,1254,1347,1244,1397,1250,1444,1266,1506,1279,1548,1279,1590,1286,1627,1304,1647,1341,1469,1316,1469,1348,1469,1377,1469,1411,1402,1459,1429,1464,1457,1472,1484,1471,1509,1469,1307,1313,1336,1295,1369,1300,1394,1330,1363,1327,1331,1321,1520,1350,1549,1327,1579,1332,1601,1358,1577,1359,1547,1356,1341,1541,1386,1517,1428,1508,1455,1516,1483,1514,1511,1529,1532,1564,1502,1572,1471,1577,1442,1576,1414,1571,1377,1562,1357,1540,1424,1534,1452,1539,1479,1539,1519,1559,1476,1550,1447,1549,1420,1546
244,h,1,1,1176,1176,1711,1711,8.133333333333333,1179,1348,1176,1411,1177,1475,1182,1536,1202,1593,1242,1638,1297,1665,1355,1685,1415,1699,1471,1698,1523,1679,1568,1650,1601,1606,1623,1558,1641,1508,1654,1457,1658,1405,1262,1285,1299,1254,1347,1244,1397,1250,1444,1266,1506,1279,1548,1279,1590,1286,1627,1304,1647,1341,1469,1316,1469,1348,1469,1377,1469,1411,1402,1459,1429,1464,1457,1472,1484,1471,1509,1469,1307,1313,1336,1295,1369,1300,1394,1330,1363,1327,1331,1321,1520,1350,1549,1327,1579,1332,1601,1358,1577,1359,1547,1356,1341,1541,1386,1517,1428,1508,1455,1516,1483,1514,1511,1529,1532,1564,1502,1572,1471,1577,1442,1576,1414,1571,1377,1562,1357,1540,1424,1534,1452,1539,1479,1539,1519,1559,1476,1550,1447,1549,1420,1546
245,h,1,1,1176,1176,1711,1711,8.166666666666666,1179,1347,1175,1410,1176,1473,1182,1535,1204,1591,1245,1634,1300,1660,1356,1682,1415,1695,1470,1695,1522,1675,1567,1644,1601,1601,1625,1552,1643,1501,1653,1448,1657,1396,1264,1280,1302,1252,1350,1244,1399,1251,1445,1266,1506,1280,1547,1279,1589,1285,1625,1301,1646,1335,1470,1317,1469,1348,1469,1377,1469,1410,1403,1458,1430,1464,1458,1472,1484,1471,1509,1470,1306,1312,1336,1295,1368,1300,1393,1330,1363,1327,1331,1321,1520,1350,1549,1328,1579,1332,1601,1357,1577,1359,1547,1356,1342,1542,1387,1517,1429,1507,1455,1516,1483,1514,1511,1530,1531,1565,1501,1572,1471,1576,1442,1576,1414,1571,1377,1561,1357,1541,1425,1535,1452,1540,1479,1541,1518,1559,1475,1550,1447,1549,1420,1545
246,h,1,1,1176,1176,1711,1711,8.2,1179,1344,1175,1408,1176,1472,1181,1534,1203,1592,1245,1634,1300,1660,1358,1680,1418,1693,1473,1692,1524,1674,1569,1644,1601,1602,1624,1553,1643,1502,1654,1450,1658,1398,1266,1279,1304,1251,1351,1244,1400,1251,1446,1266,1508,1282,1549,1280,1591,1285,1627,1301,1647,1334,1471,1319,1471,1349,1471,1378,1472,1411,1404,1459,1431,1465,1459,1472,1485,1471,1510,1470,1306,1313,1336,1295,1368,1300,1394,1331,1363,1328,1331,1322,1520,1352,1549,1329,1580,1333,1602,1359,1578,1361,1547,1358,1343,1541,1388,1518,1430,1508,1456,1517,1483,1514,1511,1531,1531,1564,1502,1573,1472,1577,1443,1576,1416,1571,1378,1561,1358,1541,1427,1535,1453,1540,1479,1541,1518,1559,1476,1550,1449,1549,1422,1545
247,h,1,1,1176,1176,1711,1711,8.233333333333333,1180,1344,1176,1408,1178,1472,1183,1534,1205,1590,1247,1633,1302,1661,1360,1681,1420,1695,1476,1693,1526,1674,1570,1643,1604,1600,1628,1551,1646,1501,1657,1449,1659,1397,1266,1277,1303,1250,1350,1244,1399,1251,1445,1266,1507,1280,1547,1279,1588,1284,1624,1297,1646,1328,1469,1316,1469,1348,1470,1378,1470,1412,1402,1459,1429,1465,1458,1472,1484,1471,1510,1470,1306,1313,1335,1295,1368,1300,1393,1329,1362,1327,1330,1322,1521,1349,1549,1327,1580,1331,1602,1356,1577,1358,1547,1355,1345,1543,1388,1518,1430,1508,1455,1516,1480,1514,1508,1530,1528,1564,1499,1573,1469,1577,1443,1576,1416,1571,1379,1562,1360,1542,1426,1536,1451,1540,1476,1541,1515,1558,1473,1550,1448,1548,1422,1545
248,h,1,1,1176,1176,1711,1711,8.266666666666667,1180,1344,1176,1408,1178,1472,1183,1534,1205,1590,1247,1633,1302,1661,1360,1681,1420,1695,1476,1693,1526,1674,1570,1643,1604,1600,1628,1551,1646,1501,1657,1449,1659,1397,1266,1277,1303,1250,1350,1244,1399,1251,1445,1266,1507,1280,1547,1279,1588,1284,1624,1297,1646,1328,1469,1316,1469,1348,1470,1378,1470,1412,1402,1459,1429,1465,1458,1472,1484,1471,1510,1470,1306,1313,1335,1295,1368,1300,1393,1329,1362,1327,1330,1322,1521,1349,1549,1327,1580,1331,1602,1356,1577,1358,1547,1355,1345,1543,1388,1518,1430,1508,1455,1516,1480,1514,1508,1530,1528,1564,1499,1573,1469,1577,1443,1576,1416,1571,1379,1562,1360,1542,1426,1536,1451,1540,1476,1541,1515,1558,1473,1550,1448,1548,1422,1545
249,h,1,1,1176,1176,1711,1711,8.3,1180,1346,1175,1409,1176,1473,1183,1534,1205,1591,1246,1634,1301,1661,1359,1681,1420,1694,1476,1692,1527,1674,1573,1643,1606,1599,1629,1550,1647,1499,1658,1447,1660,1396,1266,1275,1305,1249,1351,1243,1399,1250,1444,1265,1507,1279,1547,1278,1588,1282,1623,1295,1645,1326,1469,1317,1469,1348,1470,1378,1470,1411,1402,1459,1430,1465,1458,1472,1484,1471,1510,1470,1306,1313,1335,1295,1368,1300,1393,1330,1363,1327,1330,1322,1520,1349,1549,1327,1580,1331,1602,1356,1578,1359,1547,1355,1346,1542,1389,1518,1431,1508,1457,1517,1484,1514,1511,1530,1530,1564,1501,1572,1472,1578,1444,1578,1416,1573,1380,1563,1361,1542,1427,1536,1453,1540,1480,1541,1516,1558,1476,1550,1449,1549,1422,1546
250,h,1,1,1176,1176,1711,1711,8.333333333333334,1179,1344,1175,1407,1178,1471,1184,1532,1206,1588,1247,1631,1302,1658,1359,1679,1420,1693,1477,1691,1527,1672,1570,1642,1604,1598,1627,1550,1646,1499,1655,1447,1658,1396,1267,1276,1304,1249,1351,1243,1399,1251,1444,1265,1505,1280,1545,1278,1586,1283,1622,1297,1645,1327,1468,1316,1468,1348,1469,1378,1470,1411,1402,1459,1430,1465,1458,1473,1484,1472,1509,1471,1303,1314,1333,1296,1366,1301,1391,1331,1361,1328,1329,1323,1520,1351,1549,1329,1579,1332,1601,1357,1577,1359,1547,1356,1345,1543,1388,1517,1429,1508,1456,1517,1483,1514,1511,1530,1531,1565,1502,1574,1472,1578,1443,1577,1415,1572,1378,1562,1359,1542,1425,1536,1452,1541,1479,1542,1519,1560,1476,1550,1448,1549,1421,1545
251,h,1,1,1176,1176,1711,1711,8.366666666666667,1179,1344,1175,1407,1178,1471,1184,1532,1206,1588,1247,1631,1302,1658,1359,1679,1420,1693,1477,1691,1527,1672,1570,1642,1604,1598,1627,1550,1646,1499,1655,1447,1658,1396,1267,1276,1304,1249,1351,1243,1399,1251,1444,1265,1505,1280,1545,1278,1586,1283,1622,1297,1645,1327,1468,1316,1468,1348,1469,1378,1470,1411,1402,1459,1430,1465,1458,1473,1484,1472,1509,1471,1303,1314,1333,1296,1366,1301,1391,1331,1361,1328,1329,1323,1520,1351,1549,1329,1579,1332,1601,1357,1577,1359,1547,1356,1345,1543,1388,1517,1429,1508,1456,1517,1483,1514,1511,1530,1531,1565,1502,1574,1472,1578,1443,1577,1415,1572,1378,1562,1359,1542,1425,1536,1452,1541,1479,1542,1519,1560,1476,1550,1448,1549,1421,1545
252,h,1,1,1176,1176,1711,1711,8.4,1178,1348,1174,1411,1176,1474,1183,1535,1205,1592,1245,1636,1299,1663,1356,1684,1417,1699,1475,1698,1527,1680,1573,1648,1607,1602,1631,1552,1647,1499,1657,1446,1658,1395,1264,1277,1302,1250,1350,1243,1399,1250,1445,1264,1504,1279,1545,1278,1585,1282,1621,1296,1643,1328,1468,1317,1468,1348,1469,1378,1470,1412,1401,1459,1429,1465,1457,1473,1484,1472,1509,1471,1303,1314,1333,1297,1366,1302,1392,1331,1361,1328,1328,1323,1519,1351,1548,1329,1579,1333,1601,1358,1577,1360,1546,1356,1343,1542,1387,1517,1430,1508,1456,1517,1483,1514,1511,1531,1531,1566,1501,1574,1471,1578,1442,1577,1415,1572,1377,1562,1359,1541,1425,1535,1452,1540,1479,1541,1518,1560,1475,1551,1448,1549,1421,1545
253,h,1,1,1176,1176,1711,1711,8.433333333333334,1181,1346,1177,1410,1179,1473,1184,1534,1206,1590,1246,1633,1299,1661,1357,1681,1418,1694,1475,1693,1527,1674,1572,1644,1605,1599,1628,1550,1645,1499,1654,1447,1656,1396,1267,1276,1305,1250,1352,1244,1400,1251,1444,1266,1506,1281,1546,1280,1586,1284,1622,1297,1643,1328,1468,1317,1468,1348,1468,1378,1469,1411,1401,1459,1429,1465,1457,1473,1483,1471,1509,1470,1305,1314,1334,1297,1366,1302,1392,1330,1361,1327,1329,1322,1520,1351,1549,1329,1580,1333,1602,1358,1577,1359,1547,1356,1343,1541,1386,1517,1428,1507,1454,1517,1482,1514,1510,1530,1530,1565,1500,1574,1469,1578,1441,1577,1413,1572,1376,1562,1357,1541,1424,1535,1451,1540,1477,1541,1517,1559,1474,1550,1447,1549,1420,1545
254,h,1,1,1176,1176,1711,1711,8.466666666666667,1177,1349,1174,1411,1176,1474,1181,1535,1202,1592,1242,1636,1298,1662,1356,1682,1417,1695,1475,1693,1526,1675,1571,1644,1603,1600,1626,1551,1643,1501,1655,1448,1658,1396,1264,1278,1302,1251,1349,1245,1397,1251,1441,1267,1509,1282,1548,1280,1589,1285,1624,1298,1645,1330,1468,1316,1468,1348,1469,1378,1469,1411,1403,1458,1430,1464,1458,1472,1483,1471,1508,1470,1303,1315,1333,1297,1366,1302,1392,1331,1361,1328,1328,1324,1519,1351,1549,1329,1579,1333,1601,1359,1577,1360,1547,1357,1343,1543,1387,1518,1430,1509,1455,1517,1482,1515,1510,1531,1530,1566,1501,1573,1471,1578,1442,1577,1415,1572,1377,1562,1358,1542,1425,1536,1452,1540,1478,1541,1518,1560,1475,1550,1448,1549,1421,1546
255,h,1,1,1176,1176,1711,1711,8.5,1177,1349,1174,1411,1176,1474,1181,1535,1202,1592,1242,1636,1298,1662,1356,1682,1417,1695,1475,1693,1526,1675,1571,1644,1603,1600,1626,1551,1643,1501,1655,1448,1658,1396,1264,1278,1302,1251,1349,1245,1397,1251,1441,1267,1509,1282,1548,1280,1589,1285,1624,1298,1645,1330,1468,1316,1468,1348,1469,1378,1469,1411,1403,1458,1430,1464,1458,1472,1483,1471,1508,1470,1303,1315,1333,1297,1366,1302,1392,1331,1361,1328,1328,1324,1519,1351,1549,1329,1579,1333,1601,1359,1577,1360,1547,1357,1343,1543,1387,1518,1430,1509,1455,1517,1482,1515,1510,1531,1530,1566,1501,1573,1471,1578,1442,1577,1415,1572,1377,1562,1358,1542,1425,1536,1452,1540,1478,1541,1518,1560,1475,1550,1448,1549,1421,1546
256,h,1,1,1176,1176,1711,1711,8.533333333333333,1177,1349,1175,1412,1178,1475,1184,1535,1206,1591,1246,1634,1300,1661,1356,1681,1417,1695,1475,1694,1526,1675,1571,1643,1603,1600,1625,1551,1642,1501,1652,1450,1655,1400,1263,1279,1300,1252,1347,1245,1395,1250,1441,1264,1507,1277,1546,1278,1586,1283,1621,1298,1643,1329,1466,1315,1466,1347,1466,1377,1467,1411,1401,1459,1428,1465,1456,1472,1482,1471,1507,1470,1302,1313,1331,1296,1364,1301,1389,1329,1359,1326,1326,1322,1520,1349,1548,1328,1579,1332,1601,1357,1576,1359,1546,1355,1343,1541,1386,1517,1428,1508,1454,1517,1482,1514,1510,1530,1531,1565,1501,1575,1470,1579,1442,1578,1414,1573,1377,1562,1358,1541,1424,1536,1451,1540,1477,1541,1518,1560,1474,1551,1447,1549,1420,1545
257,h,1,1,1176,1176,1711,1711,8.566666666666666,1184,1341,1179,1405,1180,1470,1185,1531,1206,1588,1247,1632,1300,1659,1357,1681,1417,1694,1472,1693,1523,1674,1569,1644,1602,1601,1627,1552,1644,1501,1655,1447,1657,1395,1267,1278,1303,1250,1350,1243,1399,1250,1443,1266,1507,1282,1547,1280,1588,1285,1624,1300,1645,1332,1468,1317,1468,1348,1468,1379,1467,1412,1402,1459,1429,1466,1456,1474,1482,1473,1508,1472,1305,1313,1335,1297,1368,1302,1394,1332,1363,1329,1330,1323,1520,1353,1549,1331,1580,1335,1602,1359,1578,1362,1548,1358,1344,1542,1387,1517,1428,1508,1455,1518,1483,1515,1511,1532,1532,1567,1501,1576,1471,1580,1442,1579,1414,1574,1378,1563,1359,1542,1424,1536,1451,1541,1478,1543,1518,1561,1475,1551,1447,1550,1420,1546
258,h,1,1,1176,1176,1711,1711,8.6,1183,1346,1181,1409,1185,1472,1191,1534,1212,1590,1251,1632,1304,1659,1361,1679,1420,1691,1474,1690,1525,1672,1569,1641,1600,1599,1623,1551,1642,1502,1653,1451,1657,1399,1266,1280,1303,1251,1351,1244,1400,1251,1445,1266,1506,1281,1546,1280,1588,1284,1624,1298,1645,1330,1469,1317,1469,1349,1469,1379,1470,1413,1403,1460,1430,1466,1457,1474,1483,1473,1508,1472,1305,1315,1334,1298,1367,1303,1392,1332,1362,1329,1330,1324,1521,1351,1549,1330,1580,1333,1601,1359,1577,1361,1547,1357,1346,1544,1389,1519,1429,1509,1456,1519,1484,1516,1511,1533,1531,1567,1501,1575,1472,1580,1443,1579,1415,1574,1379,1563,1361,1543,1425,1537,1452,1541,1479,1543,1518,1562,1476,1552,1448,1551,1421,1547
259,h,1,1,1176,1176,1711,1711,8.633333333333333,1183,1346,1181,1409,1185,1472,1191,1534,1212,1590,1251,1632,1304,1659,1361,1679,1420,1691,1474,1690,1525,1672,1569,1641,1600,1599,1623,1551,1642,1502,1653,1451,1657,1399,1266,1280,1303,1251,1351,1244,1400,1251,1445,1266,1506,1281,1546,1280,1588,1284,1624,1298,1645,1330,1469,1317,1469,1349,1469,1379,1470,1413,1403,1460,1430,1466,1457,1474,1483,1473,1508,1472,1305,1315,1334,1298,1367,1303,1392,1332,1362,1329,1330,1324,1521,1351,1549,1330,1580,1333,1601,1359,1577,1361,1547,1357,1346,1544,1389,1519,1429,1509,1456,1519,1484,1516,1511,1533,1531,1567,1501,1575,1472,1580,1443,1579,1415,1574,1379,1563,1361,1543,1425,1537,1452,1541,1479,1543,1518,1562,1476,1552,1448,1551,1421,1547
260,h,1,1,1176,1176,1711,1711,8.666666666666666,1174,1349,1172,1411,1174,1475,1181,1536,1204,1591,1246,1632,1301,1657,1358,1677,1418,1690,1473,1688,1523,1670,1568,1640,1602,1598,1626,1550,1643,1500,1654,1448,1657,1397,1264,1277,1303,1251,1350,1245,1398,1251,1442,1266,1506,1279,1546,1278,1587,1283,1622,1296,1645,1326,1468,1319,1468,1350,1468,1380,1469,1413,1401,1460,1429,1466,1457,1473,1483,1472,1509,1471,1303,1316,1333,1298,1366,1303,1391,1333,1361,1330,1328,1325,1521,1352,1549,1329,1580,1332,1602,1358,1578,1360,1547,1357,1344,1547,1387,1519,1429,1509,1455,1518,1482,1516,1511,1532,1530,1566,1502,1575,1471,1580,1444,1579,1416,1575,1378,1565,1359,1545,1425,1537,1452,1541,1478,1542,1519,1561,1475,1552,1448,1551,1422,1548
261,h,1,1,1176,1176,1711,1711,8.7,1177,1347,1175,1411,1177,1475,1184,1537,1207,1592,1249,1634,1304,1659,1361,1679,1420,1694,1473,1692,1523,1674,1569,1645,1603,1602,1627,1552,1645,1500,1656,1448,1660,1396,1266,1280,1303,1251,1350,1244,1399,1251,1443,1267,1509,1282,1549,1280,1591,1284,1626,1298,1647,1331,1470,1320,1470,1351,1471,1380,1472,1413,1403,1461,1431,1467,1459,1474,1485,1473,1511,1472,1305,1315,1335,1298,1367,1303,1393,1333,1362,1330,1330,1325,1522,1353,1550,1330,1581,1334,1602,1359,1579,1362,1549,1359,1345,1545,1390,1521,1432,1511,1458,1520,1485,1517,1512,1533,1531,1565,1502,1575,1473,1580,1445,1580,1417,1575,1380,1565,1360,1544,1428,1537,1454,1542,1480,1543,1519,1560,1478,1553,1450,1552,1424,1548
262,h,1,1,1176,1176,1711,1711,8.733333333333333,1181,1348,1178,1412,1181,1476,1187,1537,1208,1593,1249,1634,1303,1661,1360,1681,1421,1695,1477,1693,1529,1674,1575,1644,1607,1600,1629,1551,1646,1501,1656,1450,1659,1399,1268,1277,1306,1251,1352,1245,1400,1251,1444,1267,1510,1281,1549,1280,1589,1285,1624,1297,1646,1327,1470,1320,1470,1351,1471,1381,1471,1414,1404,1462,1431,1468,1460,1476,1486,1474,1512,1473,1306,1315,1336,1298,1369,1304,1393,1333,1363,1330,1331,1325,1524,1354,1552,1331,1582,1335,1604,1360,1580,1363,1550,1359,1346,1546,1390,1520,1432,1511,1458,1520,1486,1518,1514,1534,1534,1569,1504,1579,1474,1583,1445,1582,1417,1577,1381,1566,1362,1545,1428,1539,1454,1544,1481,1545,1521,1563,1478,1555,1451,1553,1424,1549
263,h,1,1,1176,1176,1711,1711,8.766666666666667,1181,1348,1178,1412,1181,1476,1187,1537,1208,1593,1249,1634,1303,1661,1360,1681,1421,1695,1477,1693,1529,1674,1575,1644,1607,1600,1629,1551,1646,1501,1656,1450,1659,1399,1268,1277,1306,1251,1352,1245,1400,1251,1444,1267,1510,1281,1549,1280,1589,1285,1624,1297,1646,1327,1470,1320,1470,1351,1471,1381,1471,1414,1404,1462,1431,1468,1460,1476,1486,1474,1512,1473,1306,1315,1336,1298,1369,1304,1393,1333,1363,1330,1331,1325,1524,1354,1552,1331,1582,1335,1604,1360,1580,1363,1550,1359,1346,1546,1390,1520,1432,1511,1458,1520,1486,1518,1514,1534,1534,1569,1504,1579,1474,1583,1445,1582,1417,1577,1381,1566,1362,1545,1428,1539,1454,1544,1481,1545,1521,1563,1478,1555,1451,1553,1424,1549
264,h,1,1,1176,1176,1711,1711,8.8,1180,1348,1177,1411,1180,1474,1185,1535,1208,1592,1249,1634,1303,1659,1361,1679,1421,1692,1476,1691,1527,1674,1571,1645,1604,1602,1627,1554,1646,1504,1657,1450,1660,1398,1266,1277,1306,1252,1352,1246,1400,1253,1443,1268,1509,1284,1549,1281,1589,1285,1624,1298,1647,1328,1469,1321,1470,1352,1471,1381,1472,1414,1404,1462,1432,1469,1460,1476,1486,1475,1511,1474,1304,1316,1333,1299,1367,1305,1392,1334,1362,1332,1329,1326,1522,1354,1551,1331,1582,1335,1604,1360,1580,1363,1549,1360,1346,1545,1390,1521,1432,1511,1458,1520,1485,1517,1513,1534,1533,1569,1503,1579,1474,1584,1446,1583,1418,1578,1381,1567,1361,1545,1428,1538,1454,1543,1481,1544,1520,1563,1478,1556,1451,1554,1424,1550
265,h,1,1,1176,1176,1711,1711,8.833333333333334,1185,1344,1181,1407,1183,1471,1189,1533,1213,1589,1254,1631,1307,1658,1363,1677,1422,1689,1477,1688,1527,1670,1573,1641,1606,1599,1631,1551,1649,1500,1659,1447,1662,1395,1268,1277,1307,1252,1354,1246,1402,1253,1447,1269,1507,1284,1548,1283,1589,1287,1625,1301,1648,1332,1472,1324,1472,1354,1472,1383,1472,1415,1403,1463,1431,1470,1460,1477,1487,1476,1513,1475,1306,1316,1337,1300,1370,1305,1395,1335,1364,1331,1332,1325,1524,1356,1552,1334,1583,1337,1606,1362,1581,1364,1551,1361,1346,1547,1390,1521,1433,1512,1459,1521,1487,1518,1514,1535,1534,1569,1505,1580,1475,1584,1446,1583,1418,1578,1381,1568,1361,1547,1429,1539,1455,1544,1482,1545,1521,1564,1479,1556,1451,1555,1424,1551
266,h,1,1,1176,1176,1711,1711,8.866666666666667,1185,1344,1181,1407,1183,1471,1189,1533,1213,1589,1254,1631,1307,1658,1363,1677,1422,1689,1477,1688,1527,1670,1573,1641,1606,1599,1631,1551,1649,1500,1659,1447,1662,1395,1268,1277,1307,1252,1354,1246,1402,1253,1447,1269,1507,1284,1548,1283,1589,1287,1625,1301,1648,1332,1472,1324,1472,1354,1472,1383,1472,1415,1403,1463,1431,1470,1460,1477,1487,1476,1513,1475,1306,1316,1337,1300,1370,1305,1395,1335,1364,1331,1332,1325,1524,1356,1552,1334,1583,1337,1606,1362,1581,1364,1551,1361,1346,1547,1390,1521,1433,1512,1459,1521,1487,1518,1514,1535,1534,1569,1505,1580,1475,1584,1446,1583,1418,1578,1381,1568,1361,1547,1429,1539,1455,1544,1482,1545,1521,1564,1479,1556,1451,1555,1424,1551
267,h,1,1,1176,1176,1711,1711,8.9,1182,1345,1178,1409,1179,1474,1186,1535,1209,1591,1252,1633,1307,1659,1363,1680,1422,1693,1476,1692,1527,1673,1572,1641,1605,1598,1629,1548,1647,1497,1657,1445,1660,1394,1269,1280,1308,1252,1355,1246,1405,1253,1451,1269,1509,1284,1550,1282,1592,1287,1628,1301,1649,1333,1473,1322,1473,1353,1474,1382,1474,1415,1405,1463,1433,1469,1462,1477,1489,1476,1514,1475,1309,1315,1339,1299,1371,1305,1397,1335,1366,1331,1334,1325,1525,1356,1553,1334,1584,1337,1606,1361,1582,1364,1552,1361,1347,1549,1391,1522,1434,1513,1460,1521,1488,1519,1515,1536,1535,1571,1506,1579,1477,1583,1448,1582,1420,1577,1383,1567,1362,1548,1430,1539,1456,1544,1484,1545,1522,1565,1481,1557,1453,1556,1426,1552
268,h,1,1,1176,1176,1711,1711,8.933333333333334,1183,1345,1179,1409,1181,1473,1189,1534,1214,1589,1258,1630,1312,1656,1367,1677,1424,1689,1477,1688,1528,1669,1573,1640,1606,1598,1631,1550,1650,1499,1659,1447,1662,1395,1272,1279,1311,1252,1356,1246,1405,1253,1449,1269,1510,1285,1549,1281,1589,1285,1624,1301,1645,1332,1473,1323,1473,1354,1473,1383,1474,1416,1407,1463,1435,1469,1463,1477,1489,1476,1514,1475,1309,1316,1339,1301,1371,1306,1396,1336,1366,1332,1334,1326,1526,1356,1554,1334,1584,1337,1606,1361,1582,1363,1552,1360,1350,1549,1393,1522,1435,1513,1462,1522,1490,1519,1517,1536,1535,1570,1508,1580,1479,1585,1450,1585,1421,1579,1384,1567,1365,1548,1431,1541,1458,1545,1486,1546,1522,1565,1483,1557,1455,1556,1427,1552
269,h,1,1,1176,1176,1711,1711,8.966666666666667,1183,1346,1180,1411,1181,1476,1188,1537,1212,1592,1253,1633,1307,1661,1362,1681,1420,1695,1475,1694,1527,1676,1573,1646,1608,1604,1633,1555,1651,1504,1662,1451,1666,1398,1272,1281,1309,1254,1356,1247,1403,1254,1448,1270,1511,1285,1551,1282,1592,1286,1629,1301,1650,1334,1473,1323,1473,1354,1473,1383,1473,1416,1406,1463,1434,1470,1462,1478,1489,1476,1514,1475,1308,1316,1339,1300,1372,1306,1397,1336,1366,1333,1333,1327,1526,1356,1554,1334,1584,1337,1607,1361,1582,1364,1552,1361,1348,1547,1393,1522,1434,1513,1461,1522,1488,1520,1516,1536,1534,1571,1506,1582,1475,1588,1447,1587,1419,1581,1382,1569,1363,1547,1430,1541,1457,1546,1484,1547,1522,1565,1480,1559,1452,1558,1425,1554
270,h,1,1,1176,1176,1711,1711,9.0,1183,1346,1180,1411,1181,1476,1188,1537,1212,1592,1253,1633,1307,1661,1362,1681,1420,1695,1475,1694,1527,1676,1573,1646,1608,1604,1633,1555,1651,1504,1662,1451,1666,1398,1272,1281,1309,1254,1356,1247,1403,1254,1448,1270,1511,1285,1551,1282,1592,1286,1629,1301,1650,1334,1473,1323,1473,1354,1473,1383,1473,1416,1406,1463,1434,1470,1462,1478,1489,1476,1514,1475,1308,1316,1339,1300,1372,1306,1397,1336,1366,1333,1333,1327,1526,1356,1554,1334,1584,1337,1607,1361,1582,1364,1552,1361,1348,1547,1393,1522,1434,1513,1461,1522,1488,1520,1516,1536,1534,1571,1506,1582,1475,1588,1447,1587,1419,1581,1382,1569,1363,1547,1430,1541,1457,1546,1484,1547,1522,1565,1480,1559,1452,1558,1425,1554
271,h,1,1,1176,1176,1711,1711,9.033333333333333,1187,1338,1181,1403,1180,1467,1185,1529,1209,1587,1250,1631,1304,1659,1361,1681,1421,1695,1478,1692,1529,1673,1574,1642,1608,1599,1633,1550,1651,1499,1662,1446,1664,1394,1276,1275,1314,1251,1359,1247,1405,1254,1448,1269,1512,1285,1551,1283,1591,1288,1627,1299,1649,1328,1474,1321,1473,1353,1473,1384,1473,1418,1407,1464,1433,1470,1461,1478,1487,1477,1513,1476,1311,1314,1341,1299,1373,1304,1398,1333,1368,1331,1336,1324,1526,1354,1554,1333,1585,1336,1606,1360,1583,1363,1553,1360,1349,1548,1391,1523,1433,1514,1459,1523,1487,1521,1515,1538,1534,1572,1505,1583,1475,1588,1446,1586,1418,1581,1382,1569,1363,1548,1429,1541,1455,1546,1483,1548,1521,1567,1480,1559,1451,1557,1425,1553
272,h,1,1,1176,1176,1711,1711,9.066666666666666,1183,1348,1180,1413,1181,1477,1188,1538,1211,1594,1253,1636,1308,1663,1364,1683,1423,1696,1478,1695,1528,1676,1572,1646,1606,1602,1631,1554,1649,1502,1660,1449,1664,1396,1271,1279,1310,1252,1357,1246,1406,1253,1451,1267,1511,1284,1551,1283,1592,1288,1627,1303,1649,1335,1474,1321,1474,1353,1475,1383,1475,1417,1408,1463,1435,1469,1463,1477,1489,1476,1515,1475,1311,1315,1340,1299,1373,1304,1397,1333,1367,1330,1335,1325,1526,1355,1555,1333,1585,1337,1608,1361,1583,1363,1553,1360,1349,1546,1393,1522,1434,1513,1461,1523,1489,1520,1517,1538,1536,1570,1507,1581,1477,1586,1448,1585,1419,1579,1383,1567,1364,1546,1430,1540,1457,1545,1484,1547,1524,1565,1481,1558,1453,1557,1426,1552
273,h,1,1,1176,1176,1711,1711,9.1,1185,1344,1181,1407,1182,1470,1188,1530,1210,1586,1251,1629,1305,1656,1361,1679,1422,1693,1478,1692,1529,1673,1573,1643,1606,1600,1630,1552,1648,1502,1659,1450,1663,1400,1275,1273,1314,1250,1360,1246,1406,1253,1448,1269,1516,1284,1555,1282,1595,1287,1630,1299,1652,1328,1476,1320,1475,1353,1475,1384,1475,1418,1408,1463,1435,1469,1462,1477,1488,1476,1514,1476,1310,1315,1341,1298,1374,1304,1398,1333,1368,1331,1336,1325,1528,1354,1557,1332,1588,1336,1609,1361,1585,1364,1555,1360,1350,1546,1393,1521,1434,1513,1460,1522,1489,1520,1517,1537,1536,1570,1507,1581,1476,1585,1447,1584,1419,1579,1382,1567,1365,1546,1430,1540,1457,1545,1484,1547,1523,1565,1481,1557,1453,1555,1425,1551
274,h,1,1,1176,1176,1711,1711,9.133333333333333,1185,1344,1181,1407,1182,1470,1188,1530,1210,1586,1251,1629,1305,1656,1361,1679,1422,1693,1478,1692,1529,1673,1573,1643,1606,1600,1630,1552,1648,1502,1659,1450,1663,1400,1275,1273,1314,1250,1360,1246,1406,1253,1448,1269,1516,1284,1555,1282,1595,1287,1630,1299,1652,1328,1476,1320,1475,1353,1475,1384,1475,1418,1408,1463,1435,1469,1462,1477,1488,1476,1514,1476,1310,1315,1341,1298,1374,1304,1398,1333,1368,1331,1336,1325,1528,1354,1557,1332,1588,1336,1609,1361,1585,1364,1555,1360,1350,1546,1393,1521,1434,1513,1460,1522,1489,1520,1517,1537,1536,1570,1507,1581,1476,1585,1447,1584,1419,1579,1382,1567,1365,1546,1430,1540,1457,1545,1484,1547,1523,1565,1481,1557,1453,1555,1425,1551
275,h,1,1,1176,1176,1711,1711,9.166666666666666,1190,1344,1186,1407,1187,1471,1193,1532,1215,1589,1256,1632,1309,1660,1365,1681,1426,1693,1481,1691,1531,1673,1575,1643,1609,1601,1633,1553,1651,1502,1663,1450,1666,1399,1276,1276,1314,1252,1360,1246,1407,1253,1450,1269,1515,1284,1555,1283,1594,1288,1630,1301,1651,1330,1477,1320,1477,1352,1477,1382,1477,1415,1408,1462,1436,1469,1465,1477,1491,1476,1516,1475,1313,1314,1343,1299,1376,1304,1400,1333,1371,1331,1338,1325,1528,1354,1557,1332,1588,1336,1610,1361,1585,1363,1555,1360,1352,1547,1395,1521,1436,1512,1462,1521,1490,1519,1518,1536,1538,1570,1509,1581,1478,1586,1449,1584,1420,1579,1384,1567,1367,1546,1432,1540,1458,1545,1486,1547,1525,1565,1482,1557,1454,1555,1427,1550
276,h,1,1,1176,1176,1711,1711,9.2,1185,1341,1180,1405,1180,1469,1187,1530,1209,1587,1250,1630,1304,1658,1361,1681,1422,1696,1479,1694,1528,1675,1572,1644,1606,1601,1631,1552,1648,1500,1659,1447,1662,1395,1276,1277,1314,1251,1360,1245,1408,1252,1451,1268,1514,1283,1553,1281,1593,1286,1628,1302,1649,1334,1477,1320,1476,1352,1476,1382,1477,1415,1408,1462,1435,1468,1464,1476,1490,1475,1516,1474,1313,1313,1343,1298,1375,1304,1399,1333,1370,1329,1338,1323,1528,1354,1556,1333,1586,1336,1608,1361,1584,1363,1554,1360,1348,1546,1393,1520,1435,1511,1462,1520,1491,1518,1518,1535,1537,1570,1508,1579,1479,1585,1449,1583,1420,1578,1383,1566,1364,1546,1431,1539,1458,1543,1486,1545,1524,1564,1483,1557,1454,1555,1427,1551
277,h,1,1,1176,1176,1711,1711,9.233333333333333,1186,1343,1182,1407,1183,1470,1188,1532,1209,1589,1250,1633,1303,1661,1359,1684,1419,1700,1476,1698,1527,1679,1572,1647,1606,1603,1630,1555,1649,1503,1660,1451,1665,1400,1275,1278,1312,1251,1359,1244,1407,1252,1451,1267,1516,1283,1555,1282,1595,1288,1630,1302,1649,1335,1478,1320,1477,1351,1477,1381,1478,1414,1408,1461,1436,1467,1464,1475,1491,1474,1516,1473,1313,1313,1343,1297,1375,1303,1399,1332,1370,1328,1337,1323,1529,1353,1557,1332,1587,1336,1608,1360,1585,1362,1556,1359,1348,1548,1392,1520,1435,1510,1462,1520,1492,1518,1519,1535,1538,1570,1510,1580,1480,1585,1449,1584,1420,1578,1383,1566,1363,1547,1430,1538,1458,1543,1487,1544,1525,1565,1484,1557,1455,1556,1427,1551
278,h,1,1,1176,1176,1711,1711,9.266666666666667,1186,1343,1182,1407,1183,1470,1188,1532,1209,1589,1250,1633,1303,1661,1359,1684,1419,1700,1476,1698,1527,1679,1572,1647,1606,1603,1630,1555,1649,1503,1660,1451,1665,1400,1275,1278,1312,1251,1359,1244,1407,1252,1451,1267,1516,1283,1555,1282,1595,1288,1630,1302,1649,1335,1478,1320,1477,1351,1477,1381,1478,1414,1408,1461,1436,1467,1464,1475,1491,1474,1516,1473,1313,1313,1343,1297,1375,1303,1399,1332,1370,1328,1337,1323,1529,1353,1557,1332,1587,1336,1608,1360,1585,1362,1556,1359,1348,1548,1392,1520,1435,1510,1462,1520,1492,1518,1519,1535,1538,1570,1510,1580,1480,1585,1449,1584,1420,1578,1383,1566,1363,1547,1430,1538,1458,1543,1487,1544,1525,1565,1484,1557,1455,1556,1427,1551
279,h,1,1,1176,1176,1711,1711,9.3,1187,1340,1182,1406,1182,1472,1188,1534,1211,1591,1253,1635,1306,1662,1361,1686,1422,1702,1478,1700,1528,1679,1573,1648,1606,1604,1632,1556,1651,1503,1661,1450,1666,1398,1279,1272,1317,1247,1362,1242,1408,1250,1451,1266,1519,1282,1558,1281,1597,1286,1631,1299,1651,1329,1479,1320,1478,1351,1478,1381,1478,1414,1410,1459,1437,1466,1464,1474,1491,1473,1516,1472,1315,1311,1345,1295,1377,1301,1401,1331,1372,1328,1339,1322,1530,1352,1558,1331,1589,1335,1610,1360,1586,1363,1556,1359,1352,1546,1394,1519,1436,1509,1462,1517,1490,1516,1519,1533,1536,1569,1509,1581,1478,1588,1449,1587,1421,1581,1385,1567,1367,1545,1432,1538,1458,1542,1486,1544,1523,1564,1483,1558,1454,1556,1428,1552
280,h,1,1,1176,1176,1711,1711,9.333333333333334,1188,1337,1183,1403,1182,1469,1189,1532,1213,1590,1255,1633,1310,1661,1365,1684,1426,1699,1482,1698,1532,1679,1577,1646,1611,1601,1636,1551,1653,1498,1663,1445,1667,1393,1279,1275,1317,1248,1363,1241,1411,1249,1454,1266,1517,1281,1557,1280,1598,1285,1634,1300,1653,1335,1480,1320,1480,1350,1479,1380,1479,1413,1411,1458,1439,1465,1467,1473,1493,1472,1519,1471,1317,1310,1346,1294,1379,1301,1403,1330,1373,1327,1341,1321,1531,1352,1560,1331,1590,1335,1611,1360,1587,1362,1558,1359,1354,1544,1397,1518,1439,1508,1465,1517,1494,1515,1521,1533,1539,1569,1512,1580,1482,1586,1453,1585,1425,1579,1387,1564,1369,1543,1435,1536,1461,1541,1489,1543,1526,1563,1487,1557,1458,1555,1431,1550
281,h,1,1,1176,1176,1711,1711,9.366666666666667,1188,1337,1183,1403,1182,1469,1189,1532,1213,1590,1255,1633,1310,1661,1365,1684,1426,1699,1482,1698,1532,1679,1577,1646,1611,1601,1636,1551,1653,1498,1663,1445,1667,1393,1279,1275,1317,1248,1363,1241,1411,1249,1454,1266,1517,1281,1557,1280,1598,1285,1634,1300,1653,1335,1480,1320,1480,1350,1479,1380,1479,1413,1411,1458,1439,1465,1467,1473,1493,1472,1519,1471,1317,1310,1346,1294,1379,1301,1403,1330,1373,1327,1341,1321,1531,1352,1560,1331,1590,1335,1611,1360,1587,1362,1558,1359,1354,1544,1397,1518,1439,1508,1465,1517,1494,1515,1521,1533,1539,1569,1512,1580,1482,1586,1453,1585,1425,1579,1387,1564,1369,1543,1435,1536,1461,1541,1489,1543,1526,1563,1487,1557,1458,1555,1431,1550
282,h,1,1,1176,1176,1711,1711,9.4,1187,1345,1182,1409,1182,1473,1189,1536,1212,1592,1254,1634,1309,1661,1366,1682,1426,1696,1482,1696,1533,1677,1576,1646,1608,1602,1632,1553,1649,1501,1660,1449,1663,1398,1279,1274,1318,1248,1365,1241,1413,1249,1456,1265,1516,1280,1556,1278,1596,1283,1631,1299,1650,1333,1480,1316,1480,1348,1481,1378,1481,1411,1413,1457,1440,1464,1468,1472,1494,1471,1519,1470,1315,1310,1344,1294,1377,1299,1401,1328,1372,1325,1340,1319,1531,1350,1560,1329,1590,1333,1610,1358,1587,1360,1558,1356,1353,1542,1397,1516,1439,1506,1466,1515,1495,1513,1523,1531,1541,1567,1513,1577,1483,1582,1453,1581,1424,1574,1387,1562,1369,1541,1435,1534,1462,1539,1490,1541,1528,1561,1487,1553,1458,1551,1431,1546
283,h,1,1,1176,1176,1711,1711,9.433333333333334,1187,1345,1183,1409,1184,1473,1191,1535,1214,1589,1258,1631,1313,1657,1369,1677,1429,1691,1485,1690,1535,1671,1579,1641,1611,1598,1634,1551,1651,1500,1662,1448,1665,1396,1278,1273,1317,1247,1364,1241,1412,1248,1456,1264,1518,1280,1558,1278,1598,1283,1634,1298,1654,1329,1480,1316,1480,1347,1481,1377,1481,1410,1413,1455,1441,1462,1469,1470,1495,1469,1519,1469,1316,1310,1346,1294,1378,1299,1403,1328,1373,1324,1341,1319,1531,1350,1560,1329,1591,1333,1612,1358,1588,1360,1558,1356,1355,1539,1400,1514,1442,1505,1467,1515,1496,1513,1524,1530,1543,1563,1515,1571,1485,1576,1455,1574,1427,1567,1390,1555,1370,1538,1437,1533,1464,1537,1492,1540,1530,1558,1489,1548,1460,1545,1433,1541
284,h,1,1,1176,1176,1711,1711,9.466666666666667,1191,1339,1186,1403,1187,1467,1192,1529,1214,1585,1256,1628,1311,1654,1368,1675,1429,1687,1486,1685,1536,1667,1581,1638,1614,1595,1636,1547,1654,1496,1664,1445,1667,1394,1276,1275,1315,1247,1363,1241,1412,1248,1457,1265,1522,1281,1562,1280,1602,1285,1638,1300,1657,1332,1483,1316,1483,1347,1484,1377,1484,1410,1413,1455,1441,1462,1470,1470,1497,1469,1522,1468,1317,1310,1348,1294,1379,1299,1405,1328,1375,1325,1343,1319,1533,1350,1563,1328,1592,1332,1613,1357,1590,1359,1560,1355,1355,1536,1401,1513,1443,1504,1467,1513,1495,1512,1522,1526,1540,1558,1512,1565,1483,1569,1454,1567,1427,1561,1391,1550,1370,1534,1438,1531,1464,1535,1491,1537,1527,1552,1487,1541,1459,1539,1434,1535
285,h,1,1,1176,1176,1711,1711,9.5,1191,1339,1186,1403,1187,1467,1192,1529,1214,1585,1256,1628,1311,1654,1368,1675,1429,1687,1486,1685,1536,1667,1581,1638,1614,1595,1636,1547,1654,1496,1664,1445,1667,1394,1276,1275,1315,1247,1363,1241,1412,1248,1457,1265,1522,1281,1562,1280,1602,1285,1638,1300,1657,1332,1483,1316,1483,1347,1484,1377,1484,1410,1413,1455,1441,1462,1470,1470,1497,1469,1522,1468,1317,1310,1348,1294,1379,1299,1405,1328,1375,1325,1343,1319,1533,1350,1563,1328,1592,1332,1613,1357,1590,1359,1560,1355,1355,1536,1401,1513,1443,1504,1467,1513,1495,1512,1522,1526,1540,1558,1512,1565,1483,1569,1454,1567,1427,1561,1391,1550,1370,1534,1438,1531,1464,1535,1491,1537,1527,1552,1487,1541,1459,1539,1434,1535
286,h,1,1,1176,1176,1711,1711,9.533333333333333,1189,1343,1186,1406,1187,1469,1193,1531,1215,1586,1256,1628,1311,1654,1369,1673,1429,1685,1486,1684,1536,1667,1581,1637,1613,1596,1636,1548,1653,1498,1664,1447,1668,1397,1275,1276,1314,1247,1362,1241,1412,1248,1458,1263,1521,1280,1562,1279,1602,1284,1638,1298,1658,1330,1483,1315,1483,1347,1483,1376,1483,1409,1414,1455,1442,1461,1470,1469,1496,1468,1521,1468,1316,1310,1347,1293,1379,1298,1404,1327,1374,1324,1342,1319,1533,1349,1563,1327,1593,1331,1614,1356,1591,1358,1561,1355,1355,1537,1400,1512,1441,1504,1467,1513,1496,1511,1522,1526,1541,1558,1513,1563,1484,1567,1454,1565,1426,1559,1390,1549,1370,1535,1437,1530,1463,1534,1491,1536,1529,1552,1488,1540,1459,1539,1433,1534
287,h,1,1,1176,1176,1711,1711,9.566666666666666,1193,1342,1188,1405,1187,1469,1192,1531,1213,1588,1254,1630,1308,1656,1365,1677,1427,1692,1486,1692,1539,1675,1586,1646,1619,1603,1642,1554,1659,1502,1669,1449,1672,1396,1281,1273,1320,1245,1367,1239,1415,1246,1459,1262,1519,1277,1560,1277,1601,1282,1637,1298,1659,1331,1483,1314,1482,1346,1483,1376,1483,1410,1415,1455,1443,1462,1471,1470,1497,1468,1521,1468,1320,1309,1350,1292,1382,1297,1406,1327,1377,1324,1345,1318,1534,1348,1563,1326,1593,1330,1614,1356,1591,1357,1562,1354,1357,1538,1402,1513,1443,1504,1468,1514,1497,1512,1525,1528,1545,1562,1516,1569,1485,1573,1455,1571,1428,1565,1392,1555,1372,1537,1439,1533,1465,1537,1492,1539,1532,1556,1489,1544,1461,1542,1435,1538
288,h,1,1,1176,1176,1711,1711,9.6,1191,1347,1185,1410,1186,1474,1192,1535,1215,1592,1257,1634,1312,1661,1370,1681,1432,1694,1489,1693,1541,1674,1586,1643,1619,1599,1642,1550,1659,1499,1669,1447,1670,1397,1281,1272,1321,1246,1368,1239,1417,1247,1460,1264,1521,1278,1562,1277,1602,1282,1638,1296,1659,1328,1484,1314,1484,1346,1484,1376,1485,1410,1415,1456,1443,1463,1472,1471,1498,1470,1523,1469,1319,1309,1349,1293,1381,1298,1406,1327,1376,1323,1344,1318,1535,1349,1565,1327,1595,1332,1616,1357,1592,1358,1563,1354,1356,1540,1400,1514,1442,1505,1469,1515,1498,1513,1526,1529,1544,1563,1516,1570,1485,1575,1455,1573,1426,1567,1390,1555,1371,1539,1438,1534,1465,1538,1494,1540,1531,1557,1490,1546,1460,1544,1433,1540
289,h,1,1,1176,1176,1711,1711,9.633333333333333,1191,1347,1185,1410,1186,1474,1192,1535,1215,1592,1257,1634,1312,1661,1370,1681,1432,1694,1489,1693,1541,1674,1586,1643,1619,1599,1642,1550,1659,1499,1669,1447,1670,1397,1281,1272,1321,1246,1368,1239,1417,1247,1460,1264,1521,1278,1562,1277,1602,1282,1638,1296,1659,1328,1484,1314,1484,1346,1484,1376,1485,1410,1415,1456,1443,1463,1472,1471,1498,1470,1523,1469,1319,1309,1349,1293,1381,1298,1406,1327,1376,1323,1344,1318,1535,1349,1565,1327,1595,1332,1616,1357,1592,1358,1563,1354,1356,1540,1400,1514,1442,1505,1469,1515,1498,1513,1526,1529,1544,1563,1516,1570,1485,1575,1455,1573,1426,1567,1390,1555,1371,1539,1438,1534,1465,1538,1494,1540,1531,1557,1490,1546,1460,1544,1433,1540
290,h,1,1,1176,1176,1711,1711,9.666666666666666,1195,1336,1190,1401,1188,1466,1193,1528,1215,1585,1257,1628,1313,1655,1371,1678,1432,1691,1489,1690,1538,1670,1583,1640,1616,1598,1639,1549,1657,1498,1667,1445,1670,1393,1284,1273,1321,1247,1367,1241,1415,1248,1458,1265,1521,1281,1561,1280,1602,1285,1638,1300,1658,1333,1485,1318,1485,1349,1485,1377,1485,1410,1416,1456,1444,1463,1471,1470,1498,1469,1523,1469,1322,1310,1351,1294,1383,1299,1407,1328,1378,1325,1346,1320,1535,1350,1564,1329,1594,1333,1615,1358,1592,1360,1562,1356,1361,1541,1404,1515,1445,1506,1470,1516,1498,1513,1526,1530,1543,1564,1516,1573,1487,1579,1457,1577,1430,1572,1394,1560,1376,1540,1441,1535,1467,1540,1494,1541,1530,1558,1491,1550,1462,1549,1436,1544
291,h,1,1,1176,1176,1711,1711,9.7,1194,1332,1188,1397,1187,1463,1192,1526,1214,1584,1255,1628,1312,1657,1371,1679,1433,1693,1489,1691,1539,1671,1585,1639,1618,1596,1642,1548,1660,1496,1670,1443,1674,1392,1283,1273,1323,1247,1369,1241,1417,1249,1461,1266,1525,1281,1564,1280,1605,1285,1640,1301,1659,1332,1486,1318,1486,1348,1487,1378,1487,1411,1418,1457,1446,1464,1473,1471,1499,1471,1524,1471,1322,1309,1352,1294,1384,1300,1409,1329,1379,1326,1347,1320,1535,1351,1565,1330,1595,1334,1617,1358,1593,1361,1563,1357,1359,1543,1403,1515,1445,1505,1471,1515,1499,1513,1527,1530,1544,1565,1517,1576,1488,1581,1458,1580,1431,1574,1394,1562,1374,1541,1441,1535,1467,1540,1495,1541,1530,1560,1492,1553,1463,1552,1437,1547
292,h,1,1,1176,1176,1711,1711,9.733333333333333,1197,1333,1192,1398,1192,1464,1199,1526,1223,1583,1265,1627,1319,1654,1375,1676,1434,1690,1489,1687,1538,1667,1584,1638,1617,1596,1642,1549,1660,1498,1671,1446,1674,1394,1284,1275,1322,1247,1370,1240,1418,1249,1463,1266,1523,1281,1564,1280,1606,1285,1642,1302,1661,1336,1487,1319,1487,1349,1487,1378,1487,1411,1418,1457,1445,1464,1474,1472,1500,1471,1525,1470,1322,1310,1353,1293,1386,1299,1411,1330,1381,1327,1348,1321,1536,1352,1566,1330,1597,1335,1618,1360,1595,1363,1564,1359,1360,1543,1404,1516,1446,1506,1471,1516,1499,1513,1527,1531,1544,1566,1517,1577,1488,1582,1459,1581,1431,1575,1395,1562,1375,1542,1442,1534,1467,1538,1495,1540,1531,1560,1492,1554,1463,1553,1438,1548
293,h,1,1,1176,1176,1711,1711,9.766666666666667,1197,1333,1192,1398,1192,1464,1199,1526,1223,1583,1265,1627,1319,1654,1375,1676,1434,1690,1489,1687,1538,1667,1584,1638,1617,1596,1642,1549,1660,1498,1671,1446,1674,1394,1284,1275,1322,1247,1370,1240,1418,1249,1463,1266,1523,1281,1564,1280,1606,1285,1642,1302,1661,1336,1487,1319,1487,1349,1487,1378,1487,1411,1418,1457,1445,1464,1474,1472,1500,1471,1525,1470,1322,1310,1353,1293,1386,1299,1411,1330,1381,1327,1348,1321,1536,1352,1566,1330,1597,1335,1618,1360,1595,1363,1564,1359,1360,1543,1404,1516,1446,1506,1471,1516,1499,1513,1527,1531,1544,1566,1517,1577,1488,1582,1459,1581,1431,1575,1395,1562,1375,1542,1442,1534,1467,1538,1495,1540,1531,1560,1492,1554,1463,1553,1438,1548
294,h,1,1,1176,1176,1711,1711,9.8,1196,1335,1191,1400,1191,1465,1196,1528,1218,1585,1259,1628,1314,1655,1372,1676,1433,1689,1488,1687,1539,1669,1585,1640,1618,1599,1642,1552,1659,1502,1670,1451,1672,1401,1282,1276,1321,1247,1368,1242,1417,1249,1462,1266,1526,1281,1566,1281,1608,1287,1644,1303,1662,1337,1489,1319,1487,1350,1487,1379,1486,1412,1417,1457,1445,1464,1473,1472,1500,1471,1525,1471,1322,1311,1352,1296,1385,1301,1410,1330,1380,1327,1347,1321,1538,1353,1568,1332,1598,1337,1619,1361,1596,1362,1566,1358,1359,1544,1404,1517,1446,1507,1471,1517,1500,1514,1527,1531,1545,1567,1518,1575,1489,1580,1459,1578,1431,1572,1395,1560,1374,1542,1442,1537,1468,1541,1496,1543,1532,1561,1493,1550,1464,1549,1438,1544
295,h,1,1,1176,1176,1711,1711,9.833333333333334,1194,1342,1190,1406,1190,1472,1195,1533,1218,1588,1262,1629,1318,1654,1376,1675,1434,1688,1489,1688,1539,1670,1584,1643,1619,1602,1643,1553,1660,1501,1671,1448,1674,1395,1282,1276,1320,1247,1368,1242,1417,1249,1462,1267,1524,1282,1565,1281,1607,1286,1644,1302,1663,1337,1488,1317,1488,1348,1488,1377,1488,1410,1419,1456,1447,1463,1475,1471,1501,1470,1525,1469,1323,1310,1353,1294,1385,1300,1410,1329,1380,1326,1348,1320,1537,1351,1567,1330,1597,1335,1618,1359,1595,1361,1565,1357,1360,1540,1407,1516,1448,1508,1472,1518,1499,1515,1526,1531,1545,1563,1517,1568,1488,1571,1460,1569,1434,1563,1398,1553,1375,1538,1444,1532,1469,1537,1495,1539,1531,1557,1492,1545,1465,1543,1440,1538
296,h,1,1,1176,1176,1711,1711,9.866666666666667,1194,1342,1190,1406,1190,1472,1195,1533,1218,1588,1262,1629,1318,1654,1376,1675,1434,1688,1489,1688,1539,1670,1584,1643,1619,1602,1643,1553,1660,1501,1671,1448,1674,1395,1282,1276,1320,1247,1368,1242,1417,1249,1462,1267,1524,1282,1565,1281,1607,1286,1644,1302,1663,1337,1488,1317,1488,1348,1488,1377,1488,1410,1419,1456,1447,1463,1475,1471,1501,1470,1525,1469,1323,1310,1353,1294,1385,1300,1410,1329,1380,1326,1348,1320,1537,1351,1567,1330,1597,1335,1618,1359,1595,1361,1565,1357,1360,1540,1407,1516,1448,1508,1472,1518,1499,1515,1526,1531,1545,1563,1517,1568,1488,1571,1460,1569,1434,1563,1398,1553,1375,1538,1444,1532,1469,1537,1495,1539,1531,1557,1492,1545,1465,1543,1440,1538
297,h,1,1,1176,1176,1711,1711,9.9,1193,1342,1189,1406,1189,1470,1194,1530,1217,1584,1259,1624,1315,1647,1372,1666,1431,1678,1487,1677,1537,1661,1584,1634,1617,1594,1640,1548,1658,1499,1668,1448,1673,1396,1283,1275,1322,1246,1370,1241,1419,1249,1462,1266,1524,1281,1564,1279,1605,1284,1642,1299,1661,1334,1488,1318,1488,1348,1488,1378,1489,1411,1421,1456,1448,1462,1475,1470,1500,1469,1523,1468,1322,1311,1352,1296,1384,1301,1408,1329,1379,1327,1347,1322,1536,1351,1566,1331,1596,1335,1616,1359,1594,1361,1564,1357,1363,1537,1410,1516,1449,1507,1471,1516,1496,1513,1521,1528,1539,1555,1512,1560,1486,1563,1460,1561,1436,1556,1401,1549,1377,1535,1445,1530,1468,1534,1492,1534,1527,1549,1490,1537,1464,1535,1442,1531
298,h,1,1,1176,1176,1711,1711,9.933333333333334,1194,1335,1190,1400,1189,1464,1195,1525,1217,1581,1258,1623,1314,1647,1371,1667,1430,1680,1486,1678,1537,1661,1583,1634,1618,1595,1642,1549,1660,1499,1670,1448,1674,1397,1282,1278,1320,1249,1367,1243,1416,1250,1462,1267,1525,1283,1565,1282,1606,1287,1642,1304,1660,1339,1488,1317,1487,1348,1487,1377,1488,1410,1419,1455,1447,1461,1474,1469,1500,1468,1525,1467,1322,1310,1352,1296,1384,1301,1410,1328,1380,1326,1347,1320,1536,1350,1566,1331,1595,1335,1617,1359,1593,1361,1563,1356,1361,1535,1408,1516,1448,1507,1471,1515,1497,1513,1522,1528,1541,1556,1512,1560,1485,1563,1458,1562,1434,1558,1399,1549,1376,1535,1445,1529,1468,1533,1493,1534,1528,1550,1489,1535,1463,1534,1440,1531
299,h,1,1,1176,1176,1711,1711,9.966666666666667,1194,1341,1189,1404,1189,1469,1195,1530,1217,1586,1259,1627,1315,1651,1373,1670,1432,1683,1488,1681,1539,1663,1585,1635,1618,1594,1640,1548,1658,1499,1668,1450,1673,1400,1282,1279,1320,1249,1368,1243,1418,1251,1462,1269,1528,1285,1567,1282,1609,1287,1645,1304,1662,1340,1489,1318,1488,1349,1488,1378,1488,1411,1421,1456,1447,1463,1474,1471,1500,1470,1524,1470,1322,1310,1353,1294,1386,1300,1411,1330,1381,1327,1348,1321,1538,1351,1568,1330,1598,1334,1618,1358,1596,1361,1566,1357,1363,1537,1410,1517,1450,1508,1473,1518,1500,1515,1526,1530,1544,1559,1515,1563,1487,1565,1460,1563,1434,1558,1400,1550,1378,1536,1446,1531,1470,1535,1495,1537,1532,1553,1491,1537,1465,1536,1441,1533
300,h,1,1,1176,1176,1711,1711,10.0,1194,1341,1189,1404,1189,1469,1195,1530,1217,1586,1259,1627,1315,1651,1373,1670,1432,1683,1488,1681,1539,1663,1585,1635,1618,1594,1640,1548,1658,1499,1668,1450,1673,1400,1282,1279,1320,1249,1368,1243,1418,1251,1462,1269,1528,1285,1567,1282,1609,1287,1645,1304,1662,1340,1489,1318,1488,1349,1488,1378,1488,1411,1421,1456,1447,1463,1474,1471,1500,1470,1524,1470,1322,1310,1353,1294,1386,1300,1411,1330,1381,1327,1348,1321,1538,1351,1568,1330,1598,1334,1618,1358,1596,1361,1566,1357,1363,1537,1410,1517,1450,1508,1473,1518,1500,1515,1526,1530,1544,1559,1515,1563,1487,1565,1460,1563,1434,1558,1400,1550,1378,1536,1446,1531,1470,1535,1495,1537,1532,1553,1491,1537,1465,1536,1441,1533
301,h,1,1,1176,1176,1711,1711,10.033333333333333,1195,1346,1190,1410,1190,1475,1197,1536,1218,1592,1259,1634,1314,1659,1372,1679,1433,1692,1491,1691,1542,1673,1587,1644,1621,1602,1644,1555,1662,1504,1672,1452,1676,1400,1285,1276,1324,1249,1372,1244,1421,1252,1466,1271,1525,1287,1566,1284,1607,1288,1643,1305,1661,1338,1489,1318,1488,1350,1488,1380,1488,1414,1417,1459,1444,1466,1473,1475,1500,1474,1526,1474,1324,1311,1354,1296,1386,1302,1412,1331,1381,1327,1349,1321,1538,1353,1568,1332,1598,1336,1620,1361,1595,1362,1566,1358,1358,1540,1405,1517,1446,1509,1471,1518,1499,1516,1526,1532,1547,1562,1517,1568,1487,1570,1458,1568,1431,1562,1395,1553,1371,1539,1442,1533,1468,1538,1495,1540,1534,1557,1491,1542,1463,1541,1437,1536
302,h,1,1,1176,1176,1711,1711,10.066666666666666,1197,1340,1191,1405,1192,1471,1198,1534,1220,1589,1263,1633,1319,1660,1377,1681,1438,1694,1495,1692,1545,1672,1590,1642,1623,1600,1646,1552,1663,1500,1673,1448,1676,1396,1286,1274,1326,1248,1373,1242,1422,1250,1466,1268,1523,1284,1563,1282,1605,1287,1641,1302,1663,1334,1488,1319,1488,1350,1487,1379,1487,1413,1418,1458,1446,1466,1474,1475,1501,1474,1527,1473,1323,1311,1353,1296,1385,1302,1411,1330,1380,1327,1348,1321,1538,1352,1568,1332,1598,1336,1620,1360,1596,1362,1566,1358,1358,1542,1404,1519,1446,1510,1471,1520,1499,1518,1527,1534,1546,1566,1518,1576,1487,1581,1459,1580,1432,1574,1395,1561,1373,1541,1442,1540,1468,1544,1495,1546,1534,1560,1492,1553,1464,1552,1438,1547
303,h,1,1,1176,1176,1711,1711,10.1,1199,1341,1193,1405,1193,1468,1198,1530,1219,1586,1261,1629,1316,1657,1373,1680,1433,1694,1490,1693,1540,1673,1584,1642,1618,1599,1643,1551,1660,1499,1670,1446,1673,1394,1285,1276,1324,1249,1372,1244,1421,1252,1465,1270,1524,1285,1564,1284,1604,1289,1640,1305,1659,1338,1489,1319,1489,1350,1489,1380,1489,1413,1419,1459,1447,1467,1475,1475,1501,1475,1526,1474,1324,1311,1354,1295,1387,1301,1412,1330,1381,1327,1349,1321,1538,1353,1567,1332,1598,1336,1619,1361,1595,1363,1565,1359,1361,1543,1406,1518,1447,1511,1473,1521,1501,1519,1529,1536,1548,1569,1519,1581,1488,1587,1459,1584,1431,1577,1395,1562,1377,1543,1443,1540,1469,1545,1497,1547,1535,1564,1493,1558,1464,1556,1438,1550
304,h,1,1,1176,1176,1711,1711,10.133333333333333,1199,1341,1193,1405,1193,1468,1198,1530,1219,1586,1261,1629,1316,1657,1373,1680,1433,1694,1490,1693,1540,1673,1584,1642,1618,1599,1643,1551,1660,1499,1670,1446,1673,1394,1285,1276,1324,1249,1372,1244,1421,1252,1465,1270,1524,1285,1564,1284,1604,1289,1640,1305,1659,1338,1489,1319,1489,1350,1489,1380,1489,1413,1419,1459,1447,1467,1475,1475,1501,1475,1526,1474,1324,1311,1354,1295,1387,1301,1412,1330,1381,1327,1349,1321,1538,1353,1567,1332,1598,1336,1619,1361,1595,1363,1565,1359,1361,1543,1406,1518,1447,1511,1473,1521,1501,1519,1529,1536,1548,1569,1519,1581,1488,1587,1459,1584,1431,1577,1395,1562,1377,1543,1443,1540,1469,1545,1497,1547,1535,1564,1493,1558,1464,1556,1438,1550
305,h,1,1,1176,1176,1711,1711,10.166666666666666,1196,1340,1191,1404,1191,1468,1198,1531,1221,1587,1263,1632,1319,1660,1375,1681,1435,1694,1491,1693,1541,1675,1587,1644,1621,1600,1646,1551,1665,1498,1675,1446,1677,1393,1286,1277,1324,1249,1371,1242,1420,1250,1465,1268,1526,1284,1567,1281,1609,1285,1646,1300,1666,1336,1489,1319,1488,1351,1488,1380,1488,1413,1419,1458,1447,1466,1474,1475,1502,1474,1528,1472,1324,1312,1353,1296,1386,1302,1412,1331,1381,1327,1349,1322,1539,1353,1569,1332,1599,1336,1621,1360,1597,1362,1567,1359,1363,1542,1406,1517,1447,1509,1472,1518,1500,1517,1528,1535,1546,1568,1517,1582,1487,1587,1459,1586,1432,1579,1396,1564,1377,1542,1443,1536,1469,1541,1496,1543,1533,1563,1492,1560,1464,1558,1438,1553
306,h,1,1,1176,1176,1711,1711,10.2,1199,1336,1194,1400,1194,1464,1200,1527,1222,1584,1264,1628,1317,1658,1373,1681,1433,1696,1489,1695,1538,1675,1583,1644,1618,1600,1643,1551,1663,1499,1674,1445,1677,1391,1287,1276,1325,1249,1372,1243,1421,1251,1466,1270,1527,1286,1566,1283,1607,1287,1643,1301,1665,1333,1491,1321,1490,1352,1490,1381,1490,1413,1420,1458,1448,1466,1476,1474,1503,1474,1528,1473,1327,1311,1356,1296,1388,1302,1414,1331,1383,1327,1351,1321,1539,1353,1569,1332,1599,1336,1621,1359,1597,1362,1567,1358,1363,1541,1406,1518,1448,1509,1474,1519,1502,1517,1530,1535,1548,1570,1519,1584,1488,1591,1459,1589,1432,1582,1396,1566,1377,1542,1444,1537,1470,1542,1497,1545,1536,1565,1493,1562,1465,1560,1439,1555
307,h,1,1,1176,1176,1711,1711,10.233333333333333,1200,1345,1195,1408,1195,1472,1201,1534,1224,1589,1267,1633,1322,1660,1378,1681,1438,1696,1493,1695,1542,1676,1586,1645,1620,1601,1646,1552,1664,1500,1674,1447,1677,1395,1288,1274,1327,1248,1374,1243,1422,1251,1466,1270,1528,1284,1567,1283,1606,1288,1640,1305,1659,1337,1492,1321,1492,1352,1492,1381,1493,1413,1422,1459,1450,1467,1479,1475,1505,1474,1531,1473,1326,1312,1355,1297,1387,1303,1412,1332,1383,1328,1351,1322,1541,1354,1570,1333,1600,1338,1622,1362,1598,1364,1569,1360,1366,1547,1408,1518,1450,1509,1475,1520,1504,1518,1531,1536,1547,1572,1520,1584,1491,1589,1462,1587,1435,1581,1399,1566,1381,1546,1447,1537,1472,1542,1500,1544,1535,1566,1496,1562,1467,1560,1441,1555
308,h,1,1,1176,1176,1711,1711,10.266666666666667,1200,1345,1195,1408,1195,1472,1201,1534,1224,1589,1267,1633,1322,1660,1378,1681,1438,1696,1493,1695,1542,1676,1586,1645,1620,1601,1646,1552,1664,1500,1674,1447,1677,1395,1288,1274,1327,1248,1374,1243,1422,1251,1466,1270,1528,1284,1567,1283,1606,1288,1640,1305,1659,1337,1492,1321,1492,1352,1492,1381,1493,1413,1422,1459,1450,1467,1479,1475,1505,1474,1531,1473,1326,1312,1355,1297,1387,1303,1412,1332,1383,1328,1351,1322,1541,1354,1570,1333,1600,1338,1622,1362,1598,1364,1569,1360,1366,1547,1408,1518,1450,1509,1475,1520,1504,1518,1531,1536,1547,1572,1520,1584,1491,1589,1462,1587,1435,1581,1399,1566,1381,1546,1447,1537,1472,1542,1500,1544,1535,1566,1496,1562,1467,1560,1441,1555
309,h,1,1,1176,1176,1711,1711,10.3,1200,1341,1194,1406,1194,1472,1201,1535,1226,1592,1269,1634,1324,1662,1379,1682,1438,1695,1493,1693,1541,1673,1586,1642,1621,1600,1647,1552,1667,1500,1677,1446,1679,1394,1290,1276,1328,1250,1375,1243,1423,1251,1466,1269,1528,1284,1567,1283,1606,1288,1640,1304,1659,1335,1493,1322,1493,1353,1493,1382,1493,1414,1423,1459,1451,1467,1479,1475,1505,1474,1530,1474,1329,1312,1359,1296,1391,1302,1415,1332,1386,1328,1354,1322,1541,1354,1570,1332,1601,1336,1622,1360,1599,1362,1569,1359,1367,1544,1410,1516,1453,1507,1477,1517,1505,1516,1532,1534,1549,1571,1521,1584,1491,1590,1462,1588,1436,1582,1400,1567,1382,1543,1448,1537,1473,1542,1500,1544,1535,1565,1496,1562,1468,1560,1443,1555
310,h,1,1,1176,1176,1711,1711,10.333333333333334,1200,1342,1195,1407,1196,1473,1201,1536,1225,1593,1267,1637,1322,1663,1377,1684,1436,1698,1491,1698,1541,1680,1587,1649,1622,1606,1648,1557,1667,1503,1676,1448,1679,1395,1290,1275,1328,1248,1376,1242,1424,1250,1468,1268,1531,1282,1571,1282,1611,1287,1646,1302,1667,1333,1494,1323,1494,1353,1494,1382,1494,1414,1425,1459,1453,1467,1481,1475,1508,1474,1533,1473,1329,1312,1359,1296,1393,1302,1417,1332,1387,1329,1354,1323,1543,1354,1573,1331,1603,1336,1624,1362,1601,1364,1571,1360,1367,1546,1410,1518,1453,1508,1477,1518,1506,1517,1533,1535,1549,1572,1521,1585,1492,1591,1463,1589,1436,1582,1400,1568,1381,1545,1449,1538,1474,1543,1501,1545,1536,1566,1497,1562,1468,1560,1443,1554
311,h,1,1,1176,1176,1711,1711,10.366666666666667,1200,1342,1195,1407,1196,1473,1201,1536,1225,1593,1267,1637,1322,1663,1377,1684,1436,1698,1491,1698,1541,1680,1587,1649,1622,1606,1648,1557,1667,1503,1676,1448,1679,1395,1290,1275,1328,1248,1376,1242,1424,1250,1468,1268,1531,1282,1571,1282,1611,1287,1646,1302,1667,1333,1494,1323,1494,1353,1494,1382,1494,1414,1425,1459,1453,1467,1481,1475,1508,1474,1533,1473,1329,1312,1359,1296,1393,1302,1417,1332,1387,1329,1354,1323,1543,1354,1573,1331,1603,1336,1624,1362,1601,1364,1571,1360,1367,1546,1410,1518,1453,1508,1477,1518,1506,1517,1533,1535,1549,1572,1521,1585,1492,1591,1463,1589,1436,1582,1400,1568,1381,1545,1449,1538,1474,1543,1501,1545,1536,1566,1497,1562,1468,1560,1443,1554
312,h,1,1,1176,1176,1711,1711,10.4,1202,1341,1196,1406,1196,1472,1202,1535,1225,1593,1268,1637,1323,1665,1379,1685,1438,1699,1494,1698,1543,1678,1588,1646,1622,1602,1648,1553,1667,1501,1677,1446,1679,1393,1291,1275,1330,1249,1377,1243,1425,1251,1469,1268,1530,1283,1571,1283,1612,1288,1648,1303,1668,1337,1494,1321,1494,1352,1494,1382,1494,1415,1424,1460,1452,1467,1480,1475,1506,1475,1532,1475,1330,1311,1359,1294,1391,1301,1416,1331,1387,1327,1354,1321,1544,1353,1573,1331,1603,1336,1625,1360,1601,1363,1571,1359,1366,1544,1409,1518,1452,1509,1477,1519,1505,1518,1533,1535,1550,1571,1522,1586,1491,1591,1462,1588,1435,1582,1398,1568,1381,1544,1447,1539,1473,1543,1500,1546,1537,1565,1496,1562,1468,1559,1442,1554
313,h,1,1,1176,1176,1711,1711,10.433333333333334,1205,1340,1201,1405,1202,1471,1209,1534,1232,1591,1273,1634,1325,1663,1380,1684,1439,1696,1494,1695,1545,1676,1590,1646,1623,1603,1647,1554,1666,1502,1677,1450,1681,1398,1292,1273,1332,1248,1378,1243,1426,1251,1469,1267,1531,1282,1572,1283,1612,1290,1648,1306,1668,1338,1496,1322,1496,1353,1496,1382,1496,1415,1426,1460,1454,1468,1481,1476,1508,1475,1533,1475,1330,1312,1360,1296,1392,1303,1417,1332,1387,1328,1355,1322,1546,1355,1576,1335,1607,1340,1628,1365,1604,1366,1574,1362,1367,1548,1411,1519,1454,1510,1479,1519,1508,1518,1536,1536,1551,1574,1524,1585,1495,1591,1465,1588,1437,1582,1401,1569,1381,1548,1450,1539,1475,1543,1503,1546,1539,1568,1499,1563,1470,1560,1444,1556
314,h,1,1,1176,1176,1711,1711,10.466666666666667,1206,1340,1201,1406,1201,1472,1207,1534,1231,1589,1273,1631,1325,1659,1379,1682,1437,1695,1491,1695,1540,1677,1585,1647,1620,1605,1647,1557,1666,1505,1676,1451,1678,1399,1293,1278,1331,1250,1379,1244,1428,1252,1472,1269,1531,1285,1572,1284,1612,1291,1648,1308,1666,1340,1497,1323,1496,1353,1496,1382,1496,1415,1425,1460,1453,1467,1481,1476,1509,1475,1535,1475,1332,1311,1362,1297,1394,1303,1418,1332,1389,1328,1357,1322,1546,1355,1575,1334,1605,1340,1626,1363,1603,1365,1573,1361,1368,1545,1413,1519,1455,1510,1479,1520,1508,1519,1536,1537,1553,1573,1524,1585,1494,1590,1464,1588,1438,1581,1402,1569,1383,1544,1450,1539,1475,1544,1503,1547,1540,1567,1499,1561,1470,1559,1445,1554
315,h,1,1,1176,1176,1711,1711,10.5,1206,1340,1201,1406,1201,1472,1207,1534,1231,1589,1273,1631,1325,1659,1379,1682,1437,1695,1491,1695,1540,1677,1585,1647,1620,1605,1647,1557,1666,1505,1676,1451,1678,1399,1293,1278,1331,1250,1379,1244,1428,1252,1472,1269,1531,1285,1572,1284,1612,1291,1648,1308,1666,1340,1497,1323,1496,1353,1496,1382,1496,1415,1425,1460,1453,1467,1481,1476,1509,1475,1535,1475,1332,1311,1362,1297,1394,1303,1418,1332,1389,1328,1357,1322,1546,1355,1575,1334,1605,1340,1626,1363,1603,1365,1573,1361,1368,1545,1413,1519,1455,1510,1479,1520,1508,1519,1536,1537,1553,1573,1524,1585,1494,1590,1464,1588,1438,1581,1402,1569,1383,1544,1450,1539,1475,1544,1503,1547,1540,1567,1499,1561,1470,1559,1445,1554
316,h,1,1,1176,1176,1711,1711,10.533333333333333,1201,1344,1196,1409,1197,1475,1203,1538,1226,1594,1268,1637,1323,1664,1379,1686,1438,1700,1494,1700,1543,1681,1588,1650,1622,1607,1648,1559,1666,1507,1676,1453,1679,1401,1290,1279,1329,1250,1377,1243,1426,1251,1471,1268,1531,1282,1573,1283,1614,1289,1650,1306,1670,1339,1496,1323,1496,1353,1496,1382,1496,1414,1426,1460,1454,1468,1482,1476,1509,1475,1534,1474,1331,1312,1361,1296,1393,1303,1418,1333,1388,1329,1356,1323,1546,1356,1575,1334,1606,1339,1628,1364,1604,1366,1573,1362,1366,1545,1412,1520,1454,1511,1479,1520,1507,1518,1535,1536,1552,1572,1525,1584,1495,1590,1466,1589,1438,1583,1402,1570,1381,1545,1450,1539,1475,1544,1503,1546,1539,1566,1499,1562,1471,1560,1445,1556
317,h,1,1,1176,1176,1711,1711,10.566666666666666,1202,1340,1199,1406,1200,1473,1206,1537,1229,1593,1271,1635,1325,1663,1381,1686,1442,1698,1498,1696,1547,1675,1591,1643,1624,1601,1649,1552,1667,1500,1676,1447,1679,1395,1291,1276,1331,1248,1380,1243,1429,1251,1473,1268,1534,1282,1575,1282,1616,1289,1650,1304,1669,1336,1498,1322,1497,1353,1498,1382,1498,1415,1427,1460,1455,1467,1484,1475,1510,1474,1535,1474,1332,1312,1362,1296,1395,1303,1419,1332,1390,1329,1358,1322,1547,1355,1576,1333,1606,1338,1627,1363,1604,1365,1575,1361,1368,1546,1412,1519,1456,1510,1481,1520,1510,1518,1537,1536,1553,1572,1526,1584,1496,1589,1466,1588,1439,1582,1401,1570,1383,1546,1452,1539,1477,1544,1505,1545,1540,1565,1500,1561,1471,1559,1446,1555
318,h,1,1,1176,1176,1711,1711,10.6,1207,1341,1203,1406,1204,1473,1212,1535,1235,1591,1277,1634,1330,1662,1385,1684,1444,1696,1498,1695,1546,1675,1589,1644,1622,1602,1647,1554,1667,1502,1677,1449,1681,1398,1293,1278,1331,1250,1378,1245,1427,1253,1471,1271,1532,1286,1572,1285,1612,1291,1646,1308,1665,1340,1497,1323,1496,1353,1497,1382,1497,1415,1426,1461,1455,1468,1483,1476,1509,1475,1535,1475,1331,1312,1361,1297,1393,1304,1418,1332,1388,1329,1356,1322,1546,1355,1575,1334,1606,1339,1627,1364,1603,1365,1573,1361,1369,1547,1413,1518,1456,1510,1481,1520,1509,1518,1537,1536,1553,1572,1526,1584,1497,1590,1467,1588,1440,1581,1403,1569,1384,1546,1452,1539,1477,1543,1505,1546,1541,1566,1501,1561,1472,1559,1447,1554
319,h,1,1,1176,1176,1711,1711,10.633333333333333,1207,1341,1203,1406,1204,1473,1212,1535,1235,1591,1277,1634,1330,1662,1385,1684,1444,1696,1498,1695,1546,1675,1589,1644,1622,1602,1647,1554,1667,1502,1677,1449,1681,1398,1293,1278,1331,1250,1378,1245,1427,1253,1471,1271,1532,1286,1572,1285,1612,1291,1646,1308,1665,1340,1497,1323,1496,1353,1497,1382,1497,1415,1426,1461,1455,1468,1483,1476,1509,1475,1535,1475,1331,1312,1361,1297,1393,1304,1418,1332,1388,1329,1356,1322,1546,1355,1575,1334,1606,1339,1627,1364,1603,1365,1573,1361,1369,1547,1413,1518,1456,1510,1481,1520,1509,1518,1537,1536,1553,1572,1526,1584,1497,1590,1467,1588,1440,1581,1403,1569,1384,1546,1452,1539,1477,1543,1505,1546,1541,1566,1501,1561,1472,1559,1447,1554
320,h,1,1,1176,1176,1711,1711,10.666666666666666,1205,1339,1201,1404,1202,1470,1208,1533,1231,1589,1273,1632,1326,1661,1382,1683,1443,1695,1498,1694,1548,1675,1592,1643,1625,1600,1650,1551,1670,1500,1681,1447,1685,1394,1293,1275,1332,1247,1379,1242,1427,1250,1470,1267,1535,1282,1575,1282,1614,1287,1649,1302,1670,1333,1497,1321,1496,1352,1497,1382,1497,1415,1426,1460,1455,1467,1483,1475,1510,1474,1535,1474,1332,1313,1362,1296,1395,1303,1419,1333,1390,1329,1357,1323,1547,1354,1576,1332,1607,1336,1628,1361,1605,1363,1575,1360,1369,1546,1413,1518,1456,1510,1480,1520,1508,1518,1537,1536,1554,1571,1527,1583,1496,1589,1467,1587,1441,1581,1403,1567,1384,1545,1452,1539,1476,1543,1504,1546,1541,1566,1500,1560,1472,1558,1447,1554
321,h,1,1,1176,1176,1711,1711,10.7,1205,1337,1201,1402,1202,1469,1208,1532,1230,1590,1271,1634,1324,1664,1379,1685,1439,1698,1494,1698,1544,1679,1588,1647,1622,1604,1646,1556,1665,1503,1676,1449,1681,1397,1293,1276,1332,1249,1380,1243,1428,1251,1471,1269,1532,1283,1573,1282,1613,1288,1649,1303,1668,1336,1496,1321,1496,1352,1496,1382,1497,1415,1426,1460,1454,1467,1483,1475,1509,1474,1534,1474,1331,1312,1361,1296,1394,1302,1418,1332,1389,1328,1356,1322,1545,1353,1575,1332,1606,1336,1627,1361,1603,1363,1573,1359,1368,1545,1412,1519,1455,1510,1480,1519,1509,1517,1537,1535,1553,1571,1526,1583,1495,1589,1466,1588,1439,1582,1401,1569,1382,1545,1450,1539,1476,1544,1504,1546,1541,1566,1500,1560,1471,1558,1445,1554
322,h,1,1,1176,1176,1711,1711,10.733333333333333,1205,1338,1200,1403,1201,1470,1208,1532,1232,1589,1274,1632,1328,1660,1384,1682,1442,1694,1496,1693,1545,1674,1589,1643,1623,1600,1649,1551,1667,1499,1676,1445,1678,1393,1293,1277,1331,1249,1378,1243,1427,1251,1470,1268,1532,1281,1572,1281,1611,1288,1645,1305,1662,1339,1497,1321,1496,1352,1497,1382,1497,1415,1426,1460,1455,1467,1483,1475,1510,1475,1535,1475,1333,1312,1363,1297,1394,1304,1418,1332,1389,1328,1358,1322,1545,1353,1573,1333,1603,1338,1624,1361,1601,1363,1572,1359,1368,1546,1412,1517,1454,1509,1480,1519,1510,1517,1538,1536,1554,1572,1526,1583,1497,1589,1465,1587,1438,1581,1401,1567,1382,1545,1450,1538,1476,1543,1506,1545,1540,1566,1501,1560,1471,1558,1444,1554
323,h,1,1,1176,1176,1711,1711,10.766666666666667,1205,1338,1200,1403,1201,1470,1208,1532,1232,1589,1274,1632,1328,1660,1384,1682,1442,1694,1496,1693,1545,1674,1589,1643,1623,1600,1649,1551,1667,1499,1676,1445,1678,1393,1293,1277,1331,1249,1378,1243,1427,1251,1470,1268,1532,1281,1572,1281,1611,1288,1645,1305,1662,1339,1497,1321,1496,1352,1497,1382,1497,1415,1426,1460,1455,1467,1483,1475,1510,1475,1535,1475,1333,1312,1363,1297,1394,1304,1418,1332,1389,1328,1358,1322,1545,1353,1573,1333,1603,1338,1624,1361,1601,1363,1572,1359,1368,1546,1412,1517,1454,1509,1480,1519,1510,1517,1538,1536,1554,1572,1526,1583,1497,1589,1465,1587,1438,1581,1401,1567,1382,1545,1450,1538,1476,1543,1506,1545,1540,1566,1501,1560,1471,1558,1444,1554
324,h,1,1,1176,1176,1711,1711,10.8,1203,1339,1198,1402,1198,1467,1203,1530,1225,1588,1267,1632,1322,1662,1378,1684,1439,1698,1495,1697,1546,1677,1591,1644,1624,1599,1650,1550,1668,1497,1677,1444,1681,1393,1291,1276,1330,1250,1377,1245,1425,1253,1470,1270,1532,1287,1572,1285,1612,1290,1646,1304,1667,1334,1496,1322,1495,1353,1495,1382,1495,1414,1425,1461,1454,1467,1481,1476,1508,1475,1534,1475,1330,1312,1360,1298,1392,1304,1417,1332,1387,1327,1355,1321,1545,1354,1574,1334,1604,1339,1626,1362,1602,1363,1572,1359,1364,1544,1407,1518,1451,1509,1478,1519,1508,1517,1536,1536,1553,1573,1524,1585,1493,1591,1462,1589,1434,1583,1396,1569,1378,1545,1446,1539,1474,1544,1503,1546,1540,1567,1498,1561,1468,1559,1441,1555
325,h,1,1,1176,1176,1711,1711,10.833333333333334,1203,1341,1198,1406,1199,1472,1205,1535,1228,1591,1270,1635,1323,1663,1377,1685,1437,1699,1492,1698,1541,1679,1586,1648,1620,1605,1646,1556,1666,1503,1676,1449,1680,1396,1290,1277,1328,1249,1376,1244,1425,1251,1470,1268,1529,1283,1570,1282,1611,1288,1647,1304,1666,1338,1494,1321,1493,1352,1494,1382,1494,1415,1423,1460,1452,1467,1481,1475,1508,1475,1534,1475,1329,1313,1359,1298,1391,1304,1415,1332,1386,1328,1354,1322,1545,1354,1574,1333,1604,1338,1625,1361,1602,1363,1572,1360,1366,1546,1410,1518,1452,1509,1478,1520,1508,1518,1536,1537,1553,1575,1524,1586,1494,1591,1463,1589,1435,1583,1398,1570,1382,1546,1448,1539,1474,1544,1503,1547,1539,1569,1499,1560,1469,1558,1442,1553
326,h,1,1,1176,1176,1711,1711,10.866666666666667,1203,1341,1198,1406,1199,1472,1205,1535,1228,1591,1270,1635,1323,1663,1377,1685,1437,1699,1492,1698,1541,1679,1586,1648,1620,1605,1646,1556,1666,1503,1676,1449,1680,1396,1290,1277,1328,1249,1376,1244,1425,1251,1470,1268,1529,1283,1570,1282,1611,1288,1647,1304,1666,1338,1494,1321,1493,1352,1494,1382,1494,1415,1423,1460,1452,1467,1481,1475,1508,1475,1534,1475,1329,1313,1359,1298,1391,1304,1415,1332,1386,1328,1354,1322,1545,1354,1574,1333,1604,1338,1625,1361,1602,1363,1572,1360,1366,1546,1410,1518,1452,1509,1478,1520,1508,1518,1536,1537,1553,1575,1524,1586,1494,1591,1463,1589,1435,1583,1398,1570,1382,1546,1448,1539,1474,1544,1503,1547,1539,1569,1499,1560,1469,1558,1442,1553
327,h,1,1,1176,1176,1711,1711,10.9,1201,1340,1198,1404,1199,1469,1204,1531,1228,1588,1270,1632,1323,1660,1378,1681,1437,1694,1491,1694,1540,1676,1586,1646,1622,1604,1649,1555,1667,1503,1677,1449,1681,1396,1289,1277,1328,1249,1376,1242,1426,1250,1471,1268,1528,1283,1570,1281,1612,1287,1648,1303,1667,1337,1494,1320,1493,1352,1493,1382,1493,1415,1424,1459,1452,1467,1480,1475,1506,1475,1532,1475,1329,1312,1360,1296,1393,1302,1417,1332,1387,1328,1355,1321,1544,1354,1574,1332,1604,1337,1626,1361,1602,1363,1572,1360,1367,1544,1410,1517,1452,1509,1478,1519,1508,1517,1535,1536,1552,1572,1523,1585,1493,1590,1463,1589,1435,1582,1398,1568,1382,1544,1448,1537,1474,1542,1503,1545,1539,1567,1498,1560,1468,1558,1442,1554
328,h,1,1,1176,1176,1711,1711,10.933333333333334,1203,1337,1198,1404,1198,1471,1203,1534,1226,1592,1269,1636,1324,1665,1381,1686,1440,1699,1494,1695,1542,1675,1587,1644,1622,1601,1648,1552,1667,1500,1677,1446,1681,1393,1287,1279,1325,1249,1373,1242,1423,1250,1467,1268,1529,1284,1569,1283,1610,1289,1645,1306,1664,1340,1493,1321,1493,1352,1493,1382,1493,1415,1422,1460,1451,1467,1479,1475,1505,1475,1531,1474,1329,1311,1359,1296,1391,1303,1415,1332,1386,1328,1353,1321,1543,1354,1572,1332,1601,1337,1623,1361,1599,1363,1570,1359,1365,1544,1407,1518,1449,1509,1475,1519,1505,1517,1533,1535,1550,1570,1522,1583,1492,1589,1462,1587,1434,1581,1397,1567,1380,1544,1445,1537,1472,1542,1501,1545,1537,1565,1497,1559,1467,1557,1440,1552
329,h,1,1,1176,1176,1711,1711,10.966666666666667,1202,1342,1197,1407,1196,1472,1202,1534,1225,1591,1266,1634,1319,1663,1375,1685,1434,1698,1490,1697,1540,1677,1585,1646,1620,1604,1645,1555,1664,1504,1674,1450,1678,1398,1288,1277,1327,1248,1374,1242,1423,1250,1467,1267,1525,1283,1566,1282,1607,1287,1643,1305,1662,1338,1492,1320,1491,1351,1490,1382,1490,1415,1421,1459,1449,1467,1477,1475,1503,1474,1528,1473,1328,1311,1357,1296,1389,1302,1414,1330,1384,1326,1352,1321,1541,1351,1570,1331,1599,1335,1621,1360,1597,1360,1568,1357,1364,1544,1406,1518,1449,1510,1474,1519,1502,1517,1529,1534,1547,1569,1519,1582,1489,1587,1460,1586,1433,1580,1396,1567,1379,1544,1444,1538,1470,1542,1497,1545,1534,1564,1493,1558,1465,1556,1440,1552
330,h,1,1,1176,1176,1711,1711,11.0,1202,1342,1197,1407,1196,1472,1202,1534,1225,1591,1266,1634,1319,1663,1375,1685,1434,1698,1490,1697,1540,1677,1585,1646,1620,1604,1645,1555,1664,1504,1674,1450,1678,1398,1288,1277,1327,1248,1374,1242,1423,1250,1467,1267,1525,1283,1566,1282,1607,1287,1643,1305,1662,1338,1492,1320,1491,1351,1490,1382,1490,1415,1421,1459,1449,1467,1477,1475,1503,1474,1528,1473,1328,1311,1357,1296,1389,1302,1414,1330,1384,1326,1352,1321,1541,1351,1570,1331,1599,1335,1621,1360,1597,1360,1568,1357,1364,1544,1406,1518,1449,1510,1474,1519,1502,1517,1529,1534,1547,1569,1519,1582,1489,1587,1460,1586,1433,1580,1396,1567,1379,1544,1444,1538,1470,1542,1497,1545,1534,1564,1493,1558,1465,1556,1440,1552
331,h,1,1,1176,1176,1711,1711,11.033333333333333,1197,1339,1193,1404,1193,1469,1200,1532,1223,1590,1265,1634,1319,1662,1376,1684,1436,1697,1492,1694,1541,1675,1585,1644,1619,1602,1644,1556,1663,1504,1675,1451,1679,1398,1288,1273,1328,1247,1376,1242,1424,1250,1468,1266,1526,1279,1567,1279,1608,1285,1643,1301,1664,1333,1492,1319,1490,1351,1490,1381,1490,1414,1420,1459,1448,1466,1476,1475,1503,1474,1529,1473,1328,1310,1358,1294,1390,1301,1414,1330,1385,1327,1353,1321,1541,1352,1570,1329,1600,1334,1622,1359,1598,1362,1568,1358,1365,1546,1407,1517,1447,1508,1472,1517,1501,1515,1529,1533,1546,1569,1518,1580,1489,1587,1459,1585,1432,1579,1397,1566,1380,1544,1443,1536,1469,1541,1497,1543,1532,1563,1493,1557,1464,1556,1438,1552
332,h,1,1,1176,1176,1711,1711,11.066666666666666,1200,1336,1194,1400,1194,1465,1200,1528,1222,1586,1263,1630,1316,1661,1372,1685,1433,1699,1490,1697,1539,1677,1583,1645,1617,1602,1642,1554,1662,1502,1673,1449,1677,1396,1289,1274,1328,1248,1374,1242,1423,1250,1467,1267,1525,1282,1565,1281,1606,1285,1642,1299,1663,1331,1490,1318,1489,1351,1489,1381,1488,1416,1420,1459,1448,1466,1475,1475,1502,1474,1526,1474,1328,1310,1358,1294,1389,1301,1413,1330,1384,1326,1352,1320,1540,1352,1569,1330,1599,1334,1621,1359,1597,1361,1567,1358,1362,1546,1404,1518,1446,1508,1472,1518,1501,1516,1528,1533,1545,1569,1518,1580,1488,1586,1459,1584,1431,1578,1395,1566,1377,1544,1442,1536,1468,1541,1496,1543,1532,1563,1493,1558,1464,1556,1437,1552
333,h,1,1,1176,1176,1711,1711,11.1,1203,1331,1197,1396,1196,1462,1203,1525,1224,1583,1265,1628,1318,1658,1373,1683,1431,1698,1487,1696,1535,1676,1580,1645,1615,1603,1643,1555,1663,1503,1673,1449,1678,1396,1289,1274,1328,1247,1374,1243,1421,1252,1464,1268,1527,1284,1567,1284,1607,1289,1641,1305,1660,1337,1491,1319,1489,1351,1489,1382,1488,1416,1420,1460,1448,1467,1476,1476,1502,1475,1527,1475,1328,1311,1357,1296,1389,1303,1413,1330,1384,1327,1352,1321,1541,1353,1569,1333,1599,1338,1621,1361,1597,1363,1567,1359,1364,1544,1407,1517,1447,1509,1472,1519,1502,1517,1529,1534,1545,1570,1518,1581,1489,1587,1459,1586,1431,1580,1396,1567,1379,1543,1442,1537,1468,1542,1497,1544,1532,1564,1494,1557,1464,1555,1438,1551
334,h,1,1,1176,1176,1711,1711,11.133333333333333,1203,1331,1197,1396,1196,1462,1203,1525,1224,1583,1265,1628,1318,1658,1373,1683,1431,1698,1487,1696,1535,1676,1580,1645,1615,1603,1643,1555,1663,1503,1673,1449,1678,1396,1289,1274,1328,1247,1374,1243,1421,1252,1464,1268,1527,1284,1567,1284,1607,1289,1641,1305,1660,1337,1491,1319,1489,1351,1489,1382,1488,1416,1420,1460,1448,1467,1476,1476,1502,1475,1527,1475,1328,1311,1357,1296,1389,1303,1413,1330,1384,1327,1352,1321,1541,1353,1569,1333,1599,1338,1621,1361,1597,1363,1567,1359,1364,1544,1407,1517,1447,1509,1472,1519,1502,1517,1529,1534,1545,1570,1518,1581,1489,1587,1459,1586,1431,1580,1396,1567,1379,1543,1442,1537,1468,1542,1497,1544,1532,1564,1494,1557,1464,1555,1438,1551
335,h,1,1,1176,1176,1711,1711,11.166666666666666,1198,1339,1194,1404,1194,1470,1200,1532,1223,1590,1264,1633,1317,1663,1373,1684,1433,1697,1490,1696,1541,1677,1587,1646,1622,1604,1648,1555,1666,1503,1678,1449,1683,1395,1288,1276,1326,1248,1373,1242,1421,1249,1465,1266,1524,1280,1566,1279,1607,1284,1643,1299,1665,1331,1489,1318,1488,1350,1488,1381,1488,1415,1419,1459,1447,1467,1475,1475,1502,1474,1527,1474,1327,1311,1356,1295,1388,1301,1413,1330,1383,1327,1352,1321,1541,1352,1570,1330,1600,1335,1622,1359,1598,1361,1569,1357,1362,1545,1404,1517,1446,1508,1472,1518,1502,1516,1530,1533,1548,1569,1519,1578,1488,1583,1458,1582,1430,1576,1394,1564,1377,1543,1441,1537,1468,1542,1497,1544,1534,1563,1493,1553,1463,1551,1436,1547
336,h,1,1,1176,1176,1711,1711,11.2,1199,1337,1195,1402,1195,1466,1201,1528,1224,1585,1265,1628,1319,1657,1374,1679,1433,1694,1488,1693,1539,1674,1584,1643,1618,1600,1645,1551,1663,1499,1674,1445,1677,1392,1287,1277,1325,1249,1372,1242,1421,1250,1464,1266,1526,1281,1566,1280,1607,1285,1642,1302,1660,1336,1489,1319,1488,1351,1489,1381,1488,1414,1418,1459,1447,1466,1475,1475,1502,1474,1528,1474,1326,1310,1356,1295,1387,1301,1412,1330,1383,1325,1351,1319,1540,1351,1570,1331,1599,1335,1620,1358,1597,1360,1568,1357,1361,1541,1405,1516,1446,1508,1472,1518,1502,1516,1530,1534,1549,1567,1520,1577,1489,1581,1458,1579,1430,1573,1394,1561,1377,1540,1441,1536,1468,1541,1498,1543,1536,1562,1494,1551,1463,1549,1436,1545
337,h,1,1,1176,1176,1711,1711,11.233333333333333,1202,1336,1197,1399,1198,1464,1204,1526,1226,1583,1266,1629,1319,1659,1374,1683,1433,1697,1489,1696,1541,1678,1587,1647,1622,1604,1646,1555,1665,1503,1676,1449,1680,1396,1286,1274,1325,1246,1372,1241,1419,1250,1463,1266,1524,1280,1566,1281,1606,1286,1642,1302,1663,1335,1488,1317,1487,1349,1487,1380,1486,1414,1417,1459,1445,1466,1473,1474,1501,1474,1526,1474,1327,1314,1358,1302,1389,1308,1413,1332,1384,1328,1354,1322,1539,1354,1570,1338,1599,1344,1620,1364,1596,1364,1567,1359,1361,1540,1404,1515,1444,1507,1471,1517,1501,1515,1529,1532,1549,1567,1518,1577,1488,1581,1457,1579,1428,1573,1394,1561,1376,1540,1440,1535,1467,1540,1497,1542,1535,1561,1492,1552,1462,1550,1434,1545
338,h,1,1,1176,1176,1711,1711,11.266666666666667,1202,1336,1197,1399,1198,1464,1204,1526,1226,1583,1266,1629,1319,1659,1374,1683,1433,1697,1489,1696,1541,1678,1587,1647,1622,1604,1646,1555,1665,1503,1676,1449,1680,1396,1286,1274,1325,1246,1372,1241,1419,1250,1463,1266,1524,1280,1566,1281,1606,1286,1642,1302,1663,1335,1488,1317,1487,1349,1487,1380,1486,1414,1417,1459,1445,1466,1473,1474,1501,1474,1526,1474,1327,1314,1358,1302,1389,1308,1413,1332,1384,1328,1354,1322,1539,1354,1570,1338,1599,1344,1620,1364,1596,1364,1567,1359,1361,1540,1404,1515,1444,1507,1471,1517,1501,1515,1529,1532,1549,1567,1518,1577,1488,1581,1457,1579,1428,1573,1394,1561,1376,1540,1440,1535,1467,1540,1497,1542,1535,1561,1492,1552,1462,1550,1434,1545
339,h,1,1,1176,1176,1711,1711,11.3,1204,1332,1197,1396,1196,1462,1201,1526,1222,1583,1264,1628,1318,1658,1374,1682,1434,1696,1490,1695,1540,1675,1584,1644,1620,1600,1645,1550,1663,1497,1671,1443,1674,1392,1290,1273,1329,1247,1374,1242,1421,1251,1465,1267,1525,1281,1564,1281,1602,1286,1636,1303,1654,1335,1489,1318,1488,1349,1488,1378,1487,1411,1419,1458,1446,1465,1474,1472,1501,1471,1526,1471,1332,1312,1361,1302,1390,1308,1413,1330,1385,1326,1357,1320,1539,1351,1567,1337,1594,1343,1615,1361,1591,1360,1564,1356,1362,1542,1405,1516,1445,1507,1471,1517,1501,1515,1528,1532,1547,1567,1518,1578,1489,1583,1458,1582,1430,1575,1395,1562,1377,1542,1441,1534,1467,1539,1496,1541,1533,1562,1493,1555,1463,1553,1436,1549
340,h,1,1,1176,1176,1711,1711,11.333333333333334,1199,1335,1193,1400,1193,1466,1198,1529,1220,1588,1263,1634,1318,1664,1373,1688,1433,1702,1489,1700,1539,1679,1585,1646,1620,1601,1645,1552,1664,1500,1673,1447,1676,1395,1287,1273,1326,1246,1373,1241,1420,1249,1465,1265,1524,1280,1565,1279,1605,1285,1640,1301,1660,1333,1488,1316,1487,1348,1487,1377,1487,1411,1418,1457,1445,1464,1473,1473,1501,1472,1526,1471,1328,1311,1358,1298,1388,1304,1412,1328,1383,1324,1353,1319,1539,1349,1568,1332,1596,1337,1618,1359,1594,1359,1566,1355,1357,1542,1402,1516,1445,1507,1470,1516,1500,1514,1529,1532,1548,1570,1519,1586,1487,1593,1457,1591,1429,1585,1392,1569,1372,1543,1440,1535,1467,1540,1495,1543,1535,1566,1492,1564,1462,1562,1435,1557
341,h,1,1,1176,1176,1711,1711,11.366666666666667,1199,1335,1193,1400,1193,1466,1198,1529,1220,1588,1263,1634,1318,1664,1373,1688,1433,1702,1489,1700,1539,1679,1585,1646,1620,1601,1645,1552,1664,1500,1673,1447,1676,1395,1287,1273,1326,1246,1373,1241,1420,1249,1465,1265,1524,1280,1565,1279,1605,1285,1640,1301,1660,1333,1488,1316,1487,1348,1487,1377,1487,1411,1418,1457,1445,1464,1473,1473,1501,1472,1526,1471,1328,1311,1358,1298,1388,1304,1412,1328,1383,1324,1353,1319,1539,1349,1568,1332,1596,1337,1618,1359,1594,1359,1566,1355,1357,1542,1402,1516,1445,1507,1470,1516,1500,1514,1529,1532,1548,1570,1519,1586,1487,1593,1457,1591,1429,1585,1392,1569,1372,1543,1440,1535,1467,1540,1495,1543,1535,1566,1492,1564,1462,1562,1435,1557
342,h,1,1,1176,1176,1711,1711,11.4,1199,1337,1195,1402,1196,1468,1201,1531,1224,1589,1266,1635,1318,1665,1374,1689,1434,1704,1489,1701,1539,1680,1585,1648,1618,1602,1642,1553,1661,1501,1671,1447,1675,1395,1287,1271,1324,1245,1370,1240,1418,1248,1461,1264,1525,1279,1566,1278,1607,1283,1642,1299,1662,1332,1487,1316,1487,1347,1486,1377,1486,1410,1416,1457,1445,1464,1473,1472,1500,1472,1525,1472,1323,1310,1354,1295,1385,1301,1409,1328,1381,1324,1349,1318,1540,1350,1569,1331,1599,1336,1620,1359,1596,1359,1567,1355,1358,1549,1401,1517,1443,1506,1470,1516,1501,1514,1530,1534,1548,1576,1519,1591,1488,1598,1456,1596,1427,1590,1390,1574,1373,1548,1439,1535,1466,1540,1496,1542,1534,1570,1492,1569,1462,1568,1434,1563
343,h,1,1,1176,1176,1711,1711,11.433333333333334,1195,1339,1191,1404,1192,1470,1199,1534,1220,1593,1262,1640,1315,1672,1371,1698,1431,1713,1489,1710,1540,1688,1585,1653,1618,1606,1642,1555,1662,1501,1672,1446,1676,1391,1282,1276,1320,1246,1367,1240,1417,1247,1461,1264,1522,1277,1564,1276,1606,1282,1642,1300,1662,1335,1486,1316,1485,1347,1485,1377,1485,1409,1415,1456,1443,1463,1472,1471,1499,1471,1525,1471,1322,1309,1352,1293,1384,1299,1408,1328,1379,1324,1348,1318,1537,1349,1566,1328,1596,1332,1618,1357,1594,1357,1564,1354,1356,1551,1398,1516,1442,1505,1468,1514,1498,1513,1529,1533,1545,1576,1517,1596,1485,1605,1454,1604,1425,1597,1387,1581,1370,1550,1438,1533,1464,1538,1494,1540,1532,1570,1489,1576,1459,1575,1432,1571
344,h,1,1,1176,1176,1711,1711,11.466666666666667,1195,1338,1189,1404,1190,1470,1197,1533,1219,1592,1260,1640,1314,1672,1371,1696,1432,1710,1489,1707,1540,1684,1586,1649,1619,1602,1644,1551,1664,1498,1676,1445,1680,1392,1283,1271,1322,1244,1368,1239,1415,1247,1458,1264,1525,1279,1564,1278,1604,1283,1639,1298,1660,1328,1485,1316,1484,1346,1484,1376,1484,1408,1414,1455,1442,1462,1470,1470,1497,1470,1523,1469,1320,1308,1350,1292,1382,1298,1406,1326,1377,1323,1345,1317,1537,1348,1566,1328,1596,1333,1618,1357,1593,1357,1564,1353,1355,1549,1398,1516,1442,1504,1467,1513,1497,1512,1527,1532,1544,1574,1516,1596,1484,1605,1453,1603,1425,1597,1387,1581,1369,1549,1437,1532,1463,1537,1492,1539,1531,1569,1489,1575,1459,1574,1432,1569
345,h,1,1,1176,1176,1711,1711,11.5,1195,1338,1189,1404,1190,1470,1197,1533,1219,1592,1260,1640,1314,1672,1371,1696,1432,1710,1489,1707,1540,1684,1586,1649,1619,1602,1644,1551,1664,1498,1676,1445,1680,1392,1283,1271,1322,1244,1368,1239,1415,1247,1458,1264,1525,1279,1564,1278,1604,1283,1639,1298,1660,1328,1485,1316,1484,1346,1484,1376,1484,1408,1414,1455,1442,1462,1470,1470,1497,1470,1523,1469,1320,1308,1350,1292,1382,1298,1406,1326,1377,1323,1345,1317,1537,1348,1566,1328,1596,1333,1618,1357,1593,1357,1564,1353,1355,1549,1398,1516,1442,1504,1467,1513,1497,1512,1527,1532,1544,1574,1516,1596,1484,1605,1453,1603,1425,1597,1387,1581,1369,1549,1437,1532,1463,1537,1492,1539,1531,1569,1489,1575,1459,1574,1432,1569
346,h,1,1,1176,1176,1711,1711,11.533333333333333,1192,1346,1189,1410,1191,1474,1200,1536,1224,1594,1268,1638,1321,1670,1377,1693,1437,1706,1493,1703,1542,1682,1586,1648,1618,1602,1641,1552,1661,1500,1674,1447,1678,1392,1281,1271,1319,1244,1366,1239,1414,1246,1457,1263,1521,1278,1561,1277,1601,1282,1637,1297,1659,1327,1484,1314,1483,1346,1484,1375,1484,1408,1414,1454,1443,1462,1471,1469,1498,1469,1523,1468,1319,1307,1349,1291,1380,1297,1405,1325,1376,1321,1344,1315,1536,1346,1564,1325,1594,1330,1616,1354,1592,1354,1562,1351,1354,1548,1397,1514,1441,1504,1468,1513,1498,1512,1528,1532,1546,1574,1517,1594,1484,1602,1453,1600,1424,1594,1386,1578,1368,1548,1437,1532,1464,1536,1493,1539,1533,1568,1489,1572,1459,1570,1431,1566
347,h,1,1,1176,1176,1711,1711,11.566666666666666,1192,1340,1187,1407,1189,1472,1196,1536,1220,1593,1263,1637,1319,1666,1376,1689,1437,1702,1493,1700,1541,1678,1586,1644,1618,1599,1642,1549,1660,1497,1671,1443,1675,1390,1278,1272,1317,1244,1364,1238,1413,1246,1457,1263,1519,1275,1559,1274,1601,1279,1637,1295,1658,1328,1482,1314,1482,1345,1482,1374,1482,1407,1412,1454,1441,1461,1470,1469,1497,1468,1523,1468,1317,1307,1347,1291,1379,1297,1403,1325,1375,1321,1343,1315,1534,1345,1563,1324,1594,1329,1615,1354,1592,1354,1561,1350,1354,1545,1398,1514,1442,1503,1467,1513,1496,1511,1526,1531,1545,1569,1517,1588,1485,1595,1455,1593,1427,1587,1388,1572,1370,1544,1438,1532,1464,1536,1492,1539,1531,1565,1489,1565,1460,1563,1433,1559
348,h,1,1,1176,1176,1711,1711,11.6,1193,1338,1188,1404,1190,1470,1195,1533,1217,1590,1258,1634,1313,1663,1368,1686,1431,1700,1489,1698,1540,1677,1585,1645,1618,1599,1642,1549,1661,1497,1671,1443,1676,1389,1277,1272,1316,1244,1363,1238,1411,1246,1456,1263,1518,1276,1559,1276,1599,1280,1635,1294,1656,1326,1480,1313,1480,1344,1480,1374,1480,1406,1412,1453,1439,1460,1467,1468,1494,1467,1520,1467,1317,1307,1347,1292,1379,1298,1403,1324,1374,1320,1343,1315,1532,1345,1561,1326,1592,1330,1614,1353,1589,1354,1560,1350,1352,1541,1397,1512,1439,1502,1465,1511,1494,1510,1524,1528,1544,1565,1514,1581,1482,1587,1452,1585,1424,1579,1386,1566,1367,1540,1435,1530,1462,1535,1489,1537,1531,1560,1486,1558,1457,1556,1430,1552
349,h,1,1,1176,1176,1711,1711,11.633333333333333,1193,1338,1188,1404,1190,1470,1195,1533,1217,1590,1258,1634,1313,1663,1368,1686,1431,1700,1489,1698,1540,1677,1585,1645,1618,1599,1642,1549,1661,1497,1671,1443,1676,1389,1277,1272,1316,1244,1363,1238,1411,1246,1456,1263,1518,1276,1559,1276,1599,1280,1635,1294,1656,1326,1480,1313,1480,1344,1480,1374,1480,1406,1412,1453,1439,1460,1467,1468,1494,1467,1520,1467,1317,1307,1347,1292,1379,1298,1403,1324,1374,1320,1343,1315,1532,1345,1561,1326,1592,1330,1614,1353,1589,1354,1560,1350,1352,1541,1397,1512,1439,1502,1465,1511,1494,1510,1524,1528,1544,1565,1514,1581,1482,1587,1452,1585,1424,1579,1386,1566,1367,1540,1435,1530,1462,1535,1489,1537,1531,1560,1486,1558,1457,1556,1430,1552
350,h,1,1,1176,1176,1711,1711,11.666666666666666,1190,1342,1185,1406,1187,1470,1192,1532,1213,1588,1255,1633,1311,1662,1370,1686,1433,1700,1491,1697,1542,1675,1587,1642,1619,1596,1641,1546,1657,1493,1666,1439,1668,1386,1273,1277,1311,1246,1359,1238,1410,1245,1455,1261,1515,1274,1556,1274,1597,1279,1632,1297,1649,1333,1479,1311,1479,1343,1480,1373,1480,1406,1411,1453,1440,1459,1468,1467,1494,1466,1519,1466,1315,1308,1345,1292,1377,1298,1401,1324,1372,1320,1341,1315,1532,1344,1561,1325,1590,1329,1611,1352,1588,1352,1559,1349,1350,1539,1396,1510,1439,1502,1465,1511,1493,1510,1524,1528,1545,1563,1515,1577,1483,1583,1453,1581,1425,1575,1387,1562,1366,1538,1435,1532,1462,1536,1490,1538,1532,1558,1486,1553,1457,1551,1431,1546
351,h,1,1,1176,1176,1711,1711,11.7,1190,1341,1185,1405,1185,1470,1192,1532,1214,1588,1257,1631,1313,1660,1371,1682,1432,1696,1490,1693,1541,1674,1586,1642,1618,1597,1641,1547,1658,1494,1667,1440,1670,1387,1273,1275,1311,1245,1360,1238,1410,1245,1454,1262,1516,1274,1557,1273,1598,1279,1632,1297,1649,1332,1480,1312,1479,1343,1480,1373,1480,1406,1410,1452,1438,1459,1467,1468,1494,1466,1520,1466,1315,1307,1345,1291,1377,1297,1401,1324,1372,1320,1341,1315,1531,1345,1560,1325,1590,1329,1612,1352,1588,1353,1558,1350,1350,1537,1396,1510,1440,1502,1465,1512,1493,1510,1524,1528,1545,1563,1514,1575,1482,1581,1452,1579,1425,1573,1387,1560,1365,1536,1436,1531,1461,1536,1489,1537,1532,1558,1486,1552,1457,1550,1431,1545
352,h,1,1,1176,1176,1711,1711,11.733333333333333,1189,1339,1185,1404,1186,1468,1193,1528,1214,1584,1256,1626,1312,1653,1370,1675,1431,1688,1487,1687,1538,1668,1584,1638,1617,1594,1639,1545,1656,1494,1666,1442,1667,1390,1274,1275,1312,1245,1360,1238,1409,1247,1454,1264,1514,1277,1555,1275,1596,1281,1632,1297,1651,1332,1478,1313,1478,1344,1479,1373,1480,1406,1409,1452,1438,1459,1467,1467,1494,1467,1519,1467,1314,1307,1344,1291,1376,1297,1401,1326,1372,1321,1340,1315,1530,1346,1559,1325,1589,1329,1611,1353,1587,1353,1558,1350,1349,1535,1395,1509,1439,1502,1464,1511,1493,1509,1523,1527,1543,1561,1513,1573,1482,1579,1452,1577,1424,1571,1386,1558,1364,1535,1435,1529,1461,1534,1489,1536,1530,1556,1486,1549,1457,1548,1430,1543
353,h,1,1,1176,1176,1711,1711,11.766666666666667,1189,1339,1185,1404,1186,1468,1193,1528,1214,1584,1256,1626,1312,1653,1370,1675,1431,1688,1487,1687,1538,1668,1584,1638,1617,1594,1639,1545,1656,1494,1666,1442,1667,1390,1274,1275,1312,1245,1360,1238,1409,1247,1454,1264,1514,1277,1555,1275,1596,1281,1632,1297,1651,1332,1478,1313,1478,1344,1479,1373,1480,1406,1409,1452,1438,1459,1467,1467,1494,1467,1519,1467,1314,1307,1344,1291,1376,1297,1401,1326,1372,1321,1340,1315,1530,1346,1559,1325,1589,1329,1611,1353,1587,1353,1558,1350,1349,1535,1395,1509,1439,1502,1464,1511,1493,1509,1523,1527,1543,1561,1513,1573,1482,1579,1452,1577,1424,1571,1386,1558,1364,1535,1435,1529,1461,1534,1489,1536,1530,1556,1486,1549,1457,1548,1430,1543
354,h,1,1,1176,1176,1711,1711,11.8,1189,1342,1186,1405,1188,1468,1194,1530,1215,1586,1257,1628,1312,1657,1368,1679,1430,1692,1487,1691,1538,1673,1585,1643,1619,1599,1643,1550,1662,1498,1672,1446,1675,1394,1275,1270,1314,1244,1361,1238,1408,1245,1451,1261,1517,1274,1557,1274,1598,1281,1632,1296,1654,1327,1478,1314,1477,1344,1478,1372,1478,1404,1409,1452,1437,1459,1465,1467,1492,1466,1517,1466,1314,1308,1344,1292,1376,1297,1401,1325,1371,1321,1340,1316,1531,1346,1560,1326,1591,1331,1614,1355,1589,1355,1559,1351,1348,1535,1394,1509,1438,1501,1463,1510,1491,1509,1522,1526,1543,1562,1512,1572,1479,1578,1450,1575,1422,1569,1385,1557,1363,1534,1434,1529,1460,1534,1487,1536,1530,1556,1483,1549,1455,1548,1429,1544
355,h,1,1,1176,1176,1711,1711,11.833333333333334,1191,1342,1188,1406,1190,1469,1196,1530,1217,1585,1258,1628,1313,1656,1369,1676,1431,1689,1487,1688,1538,1670,1583,1640,1616,1598,1638,1548,1656,1497,1666,1445,1670,1391,1274,1273,1312,1244,1360,1238,1409,1245,1453,1262,1514,1278,1553,1276,1595,1281,1631,1296,1652,1330,1477,1314,1477,1344,1477,1372,1477,1404,1408,1452,1437,1459,1465,1467,1492,1466,1517,1466,1314,1308,1344,1293,1376,1298,1401,1326,1371,1322,1339,1317,1530,1347,1559,1327,1590,1331,1612,1354,1588,1355,1558,1352,1348,1537,1394,1510,1436,1501,1463,1510,1492,1509,1521,1526,1543,1561,1513,1572,1481,1577,1451,1575,1422,1569,1385,1556,1364,1536,1433,1529,1460,1534,1488,1536,1530,1556,1485,1548,1456,1546,1428,1542
356,h,1,1,1176,1176,1711,1711,11.866666666666667,1191,1342,1188,1406,1190,1469,1196,1530,1217,1585,1258,1628,1313,1656,1369,1676,1431,1689,1487,1688,1538,1670,1583,1640,1616,1598,1638,1548,1656,1497,1666,1445,1670,1391,1274,1273,1312,1244,1360,1238,1409,1245,1453,1262,1514,1278,1553,1276,1595,1281,1631,1296,1652,1330,1477,1314,1477,1344,1477,1372,1477,1404,1408,1452,1437,1459,1465,1467,1492,1466,1517,1466,1314,1308,1344,1293,1376,1298,1401,1326,1371,1322,1339,1317,1530,1347,1559,1327,1590,1331,1612,1354,1588,1355,1558,1352,1348,1537,1394,1510,1436,1501,1463,1510,1492,1509,1521,1526,1543,1561,1513,1572,1481,1577,1451,1575,1422,1569,1385,1556,1364,1536,1433,1529,1460,1534,1488,1536,1530,1556,1485,1548,1456,1546,1428,1542
357,h,1,1,1176,1176,1711,1711,11.9,1191,1339,1187,1403,1189,1468,1195,1531,1218,1587,1261,1630,1317,1658,1373,1678,1433,1690,1490,1688,1541,1668,1587,1638,1620,1596,1643,1547,1662,1496,1672,1443,1675,1390,1273,1271,1312,1244,1359,1238,1408,1246,1453,1262,1516,1277,1556,1275,1598,1281,1634,1295,1655,1326,1477,1314,1477,1344,1477,1373,1477,1405,1408,1453,1436,1460,1465,1468,1492,1467,1517,1467,1313,1308,1343,1293,1376,1298,1401,1327,1372,1323,1339,1317,1530,1347,1559,1326,1590,1330,1613,1354,1589,1355,1558,1352,1350,1536,1395,1509,1438,1501,1463,1510,1491,1508,1522,1526,1544,1561,1513,1573,1480,1578,1451,1575,1423,1570,1386,1557,1365,1535,1434,1530,1460,1534,1487,1537,1531,1556,1484,1547,1456,1546,1429,1541
358,h,1,1,1176,1176,1711,1711,11.933333333333334,1193,1340,1189,1404,1191,1467,1197,1528,1219,1583,1261,1626,1316,1655,1372,1676,1432,1688,1488,1687,1539,1667,1584,1638,1617,1595,1640,1547,1657,1496,1667,1443,1670,1390,1274,1272,1312,1245,1358,1240,1407,1246,1451,1262,1515,1277,1555,1275,1596,1282,1631,1298,1652,1330,1478,1313,1478,1344,1478,1373,1478,1406,1409,1453,1437,1460,1466,1468,1492,1467,1517,1467,1314,1308,1344,1293,1376,1298,1401,1326,1372,1322,1340,1316,1530,1347,1559,1327,1590,1331,1612,1354,1588,1355,1558,1352,1349,1534,1395,1509,1438,1501,1463,1510,1492,1509,1522,1527,1543,1562,1513,1574,1481,1578,1451,1577,1423,1570,1385,1557,1365,1534,1434,1530,1460,1535,1488,1537,1530,1557,1485,1548,1456,1547,1429,1541
359,h,1,1,1176,1176,1711,1711,11.966666666666667,1190,1344,1186,1408,1188,1471,1194,1532,1215,1588,1257,1631,1312,1658,1369,1679,1430,1693,1488,1690,1539,1671,1586,1641,1619,1597,1643,1548,1660,1497,1671,1445,1674,1392,1272,1274,1310,1245,1358,1239,1406,1246,1451,1262,1514,1276,1554,1274,1595,1280,1631,1296,1652,1328,1477,1313,1476,1343,1477,1372,1477,1405,1408,1453,1437,1459,1465,1467,1492,1466,1517,1466,1312,1308,1343,1292,1375,1298,1400,1326,1370,1322,1338,1316,1529,1346,1559,1325,1590,1330,1612,1354,1588,1355,1557,1351,1348,1535,1394,1510,1437,1501,1462,1510,1490,1509,1521,1526,1543,1562,1512,1573,1479,1578,1450,1576,1422,1571,1385,1558,1363,1535,1433,1529,1459,1534,1486,1536,1529,1556,1483,1549,1455,1548,1428,1544
360,h,1,1,1176,1176,1711,1711,12.0,1190,1344,1186,1408,1188,1471,1194,1532,1215,1588,1257,1631,1312,1658,1369,1679,1430,1693,1488,1690,1539,1671,1586,1641,1619,1597,1643,1548,1660,1497,1671,1445,1674,1392,1272,1274,1310,1245,1358,1239,1406,1246,1451,1262,1514,1276,1554,1274,1595,1280,1631,1296,1652,1328,1477,1313,1476,1343,1477,1372,1477,1405,1408,1453,1437,1459,1465,1467,1492,1466,1517,1466,1312,1308,1343,1292,1375,1298,1400,1326,1370,1322,1338,1316,1529,1346,1559,1325,1590,1330,1612,1354,1588,1355,1557,1351,1348,1535,1394,1510,1437,1501,1462,1510,1490,1509,1521,1526,1543,1562,1512,1573,1479,1578,1450,1576,1422,1571,1385,1558,1363,1535,1433,1529,1459,1534,1486,1536,1529,1556,1483,1549,1455,1548,1428,1544
361,h,1,1,1176,1176,1711,1711,12.033333333333333,1185,1345,1182,1408,1184,1471,1190,1532,1210,1589,1251,1633,1306,1660,1362,1683,1422,1697,1480,1697,1533,1679,1581,1648,1616,1604,1640,1554,1658,1501,1669,1448,1673,1393,1270,1279,1307,1248,1355,1240,1404,1246,1449,1262,1513,1274,1554,1273,1595,1279,1631,1297,1650,1332,1475,1313,1474,1344,1473,1374,1473,1406,1405,1453,1434,1460,1462,1468,1489,1467,1515,1467,1312,1309,1342,1291,1375,1297,1399,1327,1370,1323,1338,1317,1528,1347,1557,1324,1587,1328,1609,1353,1585,1354,1556,1351,1345,1537,1390,1510,1433,1501,1458,1510,1486,1508,1517,1527,1541,1562,1507,1574,1475,1578,1445,1576,1417,1571,1380,1559,1361,1537,1429,1530,1455,1534,1483,1537,1527,1557,1479,1549,1450,1547,1424,1543
362,h,1,1,1176,1176,1711,1711,12.066666666666666,1184,1348,1181,1412,1185,1475,1192,1537,1214,1593,1256,1635,1312,1662,1368,1683,1428,1696,1486,1696,1539,1679,1585,1649,1618,1605,1641,1555,1658,1501,1667,1447,1669,1394,1268,1278,1306,1247,1354,1240,1404,1247,1449,1263,1511,1277,1551,1274,1592,1280,1628,1296,1648,1328,1473,1313,1473,1345,1473,1374,1473,1407,1405,1454,1433,1461,1462,1469,1489,1468,1515,1468,1310,1310,1340,1293,1373,1298,1398,1327,1368,1323,1335,1318,1528,1347,1556,1325,1587,1329,1610,1354,1585,1355,1555,1352,1345,1540,1389,1512,1432,1502,1458,1510,1486,1508,1518,1527,1543,1562,1510,1575,1477,1580,1447,1578,1419,1573,1381,1561,1360,1539,1428,1533,1455,1536,1483,1539,1529,1558,1480,1550,1452,1548,1424,1544
363,h,1,1,1176,1176,1711,1711,12.1,1183,1347,1180,1411,1182,1476,1190,1538,1214,1593,1258,1633,1314,1659,1370,1680,1429,1692,1485,1690,1537,1672,1584,1642,1617,1600,1640,1552,1658,1501,1669,1448,1672,1395,1268,1278,1306,1248,1354,1241,1404,1248,1449,1263,1509,1276,1551,1275,1593,1280,1630,1296,1651,1329,1473,1314,1472,1345,1472,1374,1472,1407,1403,1455,1432,1461,1461,1469,1488,1469,1514,1468,1310,1310,1340,1293,1373,1298,1397,1328,1368,1324,1336,1319,1526,1347,1555,1324,1586,1328,1608,1354,1584,1355,1554,1352,1344,1540,1388,1513,1431,1503,1457,1512,1485,1509,1516,1527,1541,1562,1509,1574,1476,1579,1447,1578,1418,1573,1380,1561,1359,1540,1428,1532,1454,1536,1481,1538,1527,1558,1479,1550,1451,1548,1424,1545
364,h,1,1,1176,1176,1711,1711,12.133333333333333,1183,1347,1180,1411,1182,1476,1190,1538,1214,1593,1258,1633,1314,1659,1370,1680,1429,1692,1485,1690,1537,1672,1584,1642,1617,1600,1640,1552,1658,1501,1669,1448,1672,1395,1268,1278,1306,1248,1354,1241,1404,1248,1449,1263,1509,1276,1551,1275,1593,1280,1630,1296,1651,1329,1473,1314,1472,1345,1472,1374,1472,1407,1403,1455,1432,1461,1461,1469,1488,1469,1514,1468,1310,1310,1340,1293,1373,1298,1397,1328,1368,1324,1336,1319,1526,1347,1555,1324,1586,1328,1608,1354,1584,1355,1554,1352,1344,1540,1388,1513,1431,1503,1457,1512,1485,1509,1516,1527,1541,1562,1509,1574,1476,1579,1447,1578,1418,1573,1380,1561,1359,1540,1428,1532,1454,1536,1481,1538,1527,1558,1479,1550,1451,1548,1424,1545
365,h,1,1,1176,1176,1711,1711,12.166666666666666,1185,1343,1181,1407,1183,1471,1190,1533,1213,1589,1255,1632,1310,1659,1366,1682,1426,1695,1483,1695,1534,1676,1580,1646,1615,1603,1639,1553,1657,1500,1666,1445,1669,1392,1268,1278,1304,1248,1352,1240,1400,1247,1445,1263,1508,1277,1548,1275,1589,1280,1625,1297,1645,1329,1470,1314,1470,1345,1469,1374,1469,1407,1402,1454,1431,1461,1459,1468,1486,1467,1511,1467,1308,1310,1338,1293,1371,1298,1395,1328,1365,1324,1333,1319,1525,1347,1553,1325,1584,1329,1606,1354,1582,1355,1552,1352,1343,1541,1387,1512,1429,1503,1455,1512,1483,1509,1515,1527,1539,1562,1507,1574,1474,1580,1445,1578,1417,1573,1379,1561,1358,1540,1426,1532,1452,1536,1480,1538,1526,1558,1477,1551,1449,1549,1422,1545
366,h,1,1,1176,1176,1711,1711,12.2,1182,1346,1179,1410,1182,1474,1190,1536,1212,1592,1254,1635,1310,1662,1367,1682,1428,1694,1485,1693,1537,1675,1582,1645,1616,1602,1639,1553,1656,1500,1666,1446,1670,1393,1263,1276,1301,1248,1349,1241,1397,1248,1442,1264,1505,1276,1546,1275,1588,1280,1625,1294,1647,1327,1468,1315,1468,1346,1468,1375,1468,1407,1400,1455,1428,1462,1457,1470,1484,1469,1510,1468,1304,1312,1335,1295,1368,1300,1392,1329,1363,1325,1330,1319,1523,1349,1552,1327,1583,1331,1606,1356,1581,1356,1551,1353,1341,1542,1385,1513,1428,1504,1454,1512,1482,1510,1514,1528,1537,1564,1506,1574,1473,1578,1443,1577,1415,1572,1377,1561,1356,1541,1424,1533,1451,1537,1479,1538,1523,1558,1476,1550,1447,1548,1420,1544
367,h,1,1,1176,1176,1711,1711,12.233333333333333,1178,1349,1176,1411,1178,1475,1185,1536,1207,1592,1248,1634,1304,1660,1360,1682,1421,1695,1479,1695,1532,1677,1579,1648,1613,1605,1637,1556,1654,1504,1665,1451,1670,1398,1262,1278,1298,1248,1345,1241,1393,1247,1437,1263,1504,1275,1545,1274,1587,1278,1624,1294,1646,1327,1465,1314,1464,1346,1464,1375,1463,1407,1396,1455,1425,1461,1454,1469,1481,1468,1507,1467,1301,1312,1332,1294,1365,1299,1389,1329,1360,1325,1327,1320,1522,1348,1551,1325,1582,1329,1605,1355,1580,1356,1550,1352,1339,1541,1382,1513,1424,1503,1450,1511,1478,1510,1509,1527,1534,1562,1502,1574,1469,1579,1440,1577,1411,1572,1374,1561,1353,1540,1420,1532,1447,1536,1474,1538,1521,1557,1472,1550,1444,1549,1417,1545
368,h,1,1,1176,1176,1711,1711,12.266666666666667,1178,1349,1176,1411,1178,1475,1185,1536,1207,1592,1248,1634,1304,1660,1360,1682,1421,1695,1479,1695,1532,1677,1579,1648,1613,1605,1637,1556,1654,1504,1665,1451,1670,1398,1262,1278,1298,1248,1345,1241,1393,1247,1437,1263,1504,1275,1545,1274,1587,1278,1624,1294,1646,1327,1465,1314,1464,1346,1464,1375,1463,1407,1396,1455,1425,1461,1454,1469,1481,1468,1507,1467,1301,1312,1332,1294,1365,1299,1389,1329,1360,1325,1327,1320,1522,1348,1551,1325,1582,1329,1605,1355,1580,1356,1550,1352,1339,1541,1382,1513,1424,1503,1450,1511,1478,1510,1509,1527,1534,1562,1502,1574,1469,1579,1440,1577,1411,1572,1374,1561,1353,1540,1420,1532,1447,1536,1474,1538,1521,1557,1472,1550,1444,1549,1417,1545
369,h,1,1,1176,1176,1711,1711,12.3,1174,1351,1173,1413,1178,1476,1186,1537,1208,1592,1250,1634,1306,1661,1363,1681,1424,1692,1482,1691,1534,1674,1580,1645,1614,1601,1636,1551,1653,1498,1663,1442,1665,1387,1252,1286,1288,1253,1336,1243,1386,1248,1433,1263,1494,1274,1536,1272,1579,1277,1617,1294,1639,1328,1459,1311,1459,1343,1459,1373,1459,1406,1392,1454,1421,1461,1450,1468,1478,1466,1504,1466,1296,1313,1327,1296,1359,1300,1384,1328,1355,1325,1322,1320,1515,1346,1543,1323,1574,1326,1598,1351,1573,1352,1543,1349,1338,1542,1380,1513,1420,1503,1447,1512,1476,1510,1507,1527,1533,1562,1500,1573,1468,1577,1438,1577,1409,1572,1373,1561,1353,1540,1417,1532,1445,1536,1473,1538,1519,1557,1471,1549,1442,1548,1414,1544
370,h,1,1,1176,1176,1711,1711,12.333333333333334,1176,1348,1174,1411,1176,1474,1182,1537,1203,1593,1243,1636,1299,1664,1355,1686,1416,1698,1476,1696,1529,1676,1576,1646,1611,1602,1634,1552,1651,1498,1661,1442,1663,1388,1251,1283,1286,1252,1334,1243,1383,1249,1429,1264,1493,1274,1535,1272,1578,1277,1615,1293,1638,1326,1455,1313,1454,1344,1454,1373,1454,1406,1388,1455,1417,1461,1445,1468,1473,1467,1501,1466,1295,1313,1324,1295,1357,1300,1382,1329,1352,1325,1320,1320,1514,1346,1542,1323,1573,1326,1596,1351,1571,1351,1541,1349,1333,1542,1375,1513,1418,1503,1445,1512,1473,1509,1506,1526,1531,1560,1498,1572,1464,1578,1435,1578,1405,1573,1367,1562,1349,1540,1415,1532,1442,1536,1470,1538,1517,1556,1467,1549,1438,1548,1410,1544
371,h,1,1,1176,1176,1711,1711,12.366666666666667,1176,1348,1174,1411,1176,1474,1182,1537,1203,1593,1243,1636,1299,1664,1355,1686,1416,1698,1476,1696,1529,1676,1576,1646,1611,1602,1634,1552,1651,1498,1661,1442,1663,1388,1251,1283,1286,1252,1334,1243,1383,1249,1429,1264,1493,1274,1535,1272,1578,1277,1615,1293,1638,1326,1455,1313,1454,1344,1454,1373,1454,1406,1388,1455,1417,1461,1445,1468,1473,1467,1501,1466,1295,1313,1324,1295,1357,1300,1382,1329,1352,1325,1320,1320,1514,1346,1542,1323,1573,1326,1596,1351,1571,1351,1541,1349,1333,1542,1375,1513,1418,1503,1445,1512,1473,1509,1506,1526,1531,1560,1498,1572,1464,1578,1435,1578,1405,1573,1367,1562,1349,1540,1415,1532,1442,1536,1470,1538,1517,1556,1467,1549,1438,1548,1410,1544
372,h,1,1,1176,1176,1711,1711,12.4,1173,1352,1173,1413,1178,1475,1186,1535,1209,1589,1250,1631,1303,1659,1360,1679,1421,1689,1478,1688,1530,1671,1576,1643,1610,1601,1633,1552,1650,1500,1660,1445,1662,1390,1248,1281,1283,1251,1331,1242,1380,1247,1425,1262,1487,1272,1530,1270,1574,1275,1612,1290,1635,1322,1450,1313,1450,1344,1451,1372,1451,1405,1386,1455,1415,1461,1444,1468,1471,1467,1498,1466,1290,1313,1320,1295,1353,1299,1378,1328,1348,1325,1316,1320,1510,1344,1538,1321,1570,1324,1594,1349,1568,1350,1537,1348,1331,1543,1373,1514,1414,1503,1441,1511,1469,1509,1501,1526,1529,1560,1495,1573,1462,1578,1433,1577,1405,1573,1367,1562,1347,1542,1412,1532,1439,1536,1466,1537,1514,1555,1464,1549,1436,1548,1409,1544
373,h,1,1,1176,1176,1711,1711,12.433333333333334,1166,1361,1166,1421,1171,1481,1179,1540,1201,1594,1243,1634,1299,1660,1356,1679,1418,1690,1475,1688,1528,1671,1574,1642,1608,1601,1630,1552,1647,1500,1657,1445,1658,1392,1242,1286,1277,1253,1325,1243,1375,1248,1422,1261,1486,1271,1529,1269,1572,1273,1611,1288,1635,1322,1448,1314,1448,1345,1449,1373,1449,1404,1383,1455,1412,1461,1441,1468,1469,1466,1496,1466,1285,1316,1314,1297,1348,1300,1374,1330,1343,1328,1310,1323,1506,1346,1535,1321,1567,1324,1590,1349,1565,1351,1534,1349,1329,1544,1371,1514,1413,1504,1440,1512,1469,1509,1501,1526,1528,1560,1494,1572,1461,1577,1432,1576,1403,1572,1365,1562,1344,1542,1410,1532,1438,1536,1466,1537,1513,1556,1464,1549,1435,1548,1407,1545
374,h,1,1,1176,1176,1711,1711,12.466666666666667,1165,1357,1165,1419,1171,1480,1180,1539,1203,1592,1246,1633,1300,1660,1356,1679,1417,1688,1473,1686,1524,1668,1571,1638,1605,1596,1630,1548,1647,1497,1656,1442,1657,1388,1239,1286,1274,1254,1321,1244,1371,1248,1418,1262,1480,1272,1522,1269,1567,1274,1605,1289,1631,1321,1444,1312,1444,1343,1445,1372,1445,1405,1380,1456,1409,1461,1438,1468,1466,1466,1493,1465,1282,1316,1312,1297,1345,1301,1371,1330,1340,1327,1308,1323,1503,1346,1531,1321,1563,1323,1588,1348,1562,1350,1531,1348,1325,1544,1367,1515,1409,1504,1438,1512,1465,1509,1498,1526,1527,1560,1492,1571,1458,1578,1429,1577,1399,1573,1361,1563,1341,1543,1407,1532,1435,1536,1463,1537,1512,1555,1460,1549,1432,1548,1403,1545
375,h,1,1,1176,1176,1711,1711,12.5,1165,1357,1165,1419,1171,1480,1180,1539,1203,1592,1246,1633,1300,1660,1356,1679,1417,1688,1473,1686,1524,1668,1571,1638,1605,1596,1630,1548,1647,1497,1656,1442,1657,1388,1239,1286,1274,1254,1321,1244,1371,1248,1418,1262,1480,1272,1522,1269,1567,1274,1605,1289,1631,1321,1444,1312,1444,1343,1445,1372,1445,1405,1380,1456,1409,1461,1438,1468,1466,1466,1493,1465,1282,1316,1312,1297,1345,1301,1371,1330,1340,1327,1308,1323,1503,1346,1531,1321,1563,1323,1588,1348,1562,1350,1531,1348,1325,1544,1367,1515,1409,1504,1438,1512,1465,1509,1498,1526,1527,1560,1492,1571,1458,1578,1429,1577,1399,1573,1361,1563,1341,1543,1407,1532,1435,1536,1463,1537,1512,1555,1460,1549,1432,1548,1403,1545
376,h,1,1,1176,1176,1711,1711,12.533333333333333,1159,1363,1159,1424,1166,1483,1176,1541,1199,1594,1241,1635,1298,1660,1356,1678,1417,1688,1475,1685,1528,1666,1574,1637,1607,1593,1629,1544,1645,1492,1653,1438,1653,1385,1234,1288,1269,1257,1316,1245,1366,1249,1413,1263,1476,1271,1518,1268,1562,1273,1599,1288,1623,1322,1441,1313,1441,1344,1443,1373,1443,1405,1378,1457,1407,1462,1436,1468,1464,1466,1491,1465,1278,1319,1307,1299,1340,1302,1366,1330,1336,1328,1304,1324,1499,1344,1527,1321,1559,1322,1584,1346,1558,1348,1527,1347,1323,1545,1365,1515,1407,1504,1435,1512,1463,1509,1496,1525,1526,1559,1491,1570,1457,1576,1427,1576,1398,1572,1360,1562,1340,1544,1404,1533,1433,1536,1460,1537,1510,1555,1458,1548,1430,1547,1401,1544
377,h,1,1,1178,1228,1624,1673,12.566666666666666,1163,1360,1163,1423,1170,1484,1180,1543,1204,1597,1244,1639,1297,1666,1354,1682,1416,1689,1476,1686,1528,1668,1573,1638,1605,1595,1625,1544,1639,1490,1647,1435,1650,1380,1230,1290,1264,1258,1310,1247,1359,1251,1405,1264,1471,1270,1513,1264,1555,1267,1593,1281,1617,1313,1435,1313,1436,1344,1438,1374,1439,1407,1375,1457,1404,1462,1433,1468,1460,1465,1486,1464,1274,1321,1304,1301,1337,1304,1362,1331,1334,1331,1301,1328,1493,1340,1522,1316,1554,1317,1577,1340,1554,1344,1523,1343,1323,1549,1364,1517,1403,1505,1430,1512,1459,1509,1492,1524,1521,1557,1489,1571,1456,1578,1426,1579,1396,1576,1359,1567,1338,1546,1401,1533,1429,1536,1458,1536,1507,1553,1457,1548,1427,1549,1399,1547
378,h,1,1,1117,1176,1652,1711,12.6,1164,1369,1164,1429,1171,1489,1181,1547,1204,1600,1243,1643,1295,1671,1352,1691,1414,1700,1474,1694,1527,1674,1575,1643,1608,1599,1630,1548,1644,1493,1651,1435,1651,1379,1228,1294,1260,1260,1307,1249,1355,1252,1400,1264,1464,1269,1507,1264,1550,1266,1589,1280,1614,1313,1429,1312,1431,1345,1433,1375,1435,1409,1369,1459,1399,1464,1429,1470,1458,1466,1485,1465,1270,1323,1299,1304,1330,1308,1357,1333,1329,1331,1297,1329,1490,1340,1518,1317,1549,1319,1575,1340,1550,1343,1520,1342,1319,1549,1359,1518,1400,1506,1428,1513,1459,1509,1494,1524,1523,1558,1490,1571,1454,1579,1422,1580,1392,1577,1354,1569,1335,1547,1398,1536,1426,1538,1457,1538,1508,1554,1455,1548,1423,1549,1395,1547
379,h,1,1,1117,1176,1652,1711,12.633333333333333,1164,1369,1164,1429,1171,1489,1181,1547,1204,1600,1243,1643,1295,1671,1352,1691,1414,1700,1474,1694,1527,1674,1575,1643,1608,1599,1630,1548,1644,1493,1651,1435,1651,1379,1228,1294,1260,1260,1307,1249,1355,1252,1400,1264,1464,1269,1507,1264,1550,1266,1589,1280,1614,1313,1429,1312,1431,1345,1433,1375,1435,1409,1369,1459,1399,1464,1429,1470,1458,1466,1485,1465,1270,1323,1299,1304,1330,1308,1357,1333,1329,1331,1297,1329,1490,1340,1518,1317,1549,1319,1575,1340,1550,1343,1520,1342,1319,1549,1359,1518,1400,1506,1428,1513,1459,1509,1494,1524,1523,1558,1490,1571,1454,1579,1422,1580,1392,1577,1354,1569,1335,1547,1398,1536,1426,1538,1457,1538,1508,1554,1455,1548,1423,1549,1395,1547
380,h,1,1,1117,1176,1652,1711,12.666666666666666,1155,1372,1156,1433,1165,1493,1177,1550,1200,1603,1240,1647,1293,1674,1351,1693,1412,1701,1471,1696,1523,1676,1571,1644,1603,1599,1624,1546,1637,1490,1643,1434,1643,1378,1222,1298,1255,1265,1301,1252,1350,1253,1396,1264,1458,1268,1502,1263,1545,1266,1583,1281,1606,1313,1425,1312,1427,1344,1430,1375,1433,1409,1367,1461,1398,1465,1427,1471,1455,1467,1482,1464,1264,1326,1293,1306,1325,1308,1351,1334,1323,1333,1291,1331,1486,1340,1514,1316,1544,1317,1569,1339,1545,1341,1515,1341,1319,1554,1359,1520,1400,1507,1426,1514,1455,1509,1490,1524,1519,1557,1487,1571,1452,1579,1421,1580,1394,1578,1355,1571,1334,1551,1399,1537,1425,1539,1454,1538,1505,1553,1452,1550,1422,1551,1396,1549
381,h,1,1,1117,1176,1652,1711,12.7,1157,1371,1158,1432,1167,1492,1178,1550,1202,1602,1243,1646,1297,1673,1354,1693,1416,1701,1476,1695,1528,1674,1575,1639,1606,1593,1626,1539,1638,1483,1644,1426,1643,1371,1220,1302,1252,1267,1298,1254,1348,1255,1394,1265,1454,1269,1498,1263,1543,1265,1582,1281,1606,1314,1422,1311,1425,1344,1428,1376,1431,1410,1367,1463,1397,1467,1427,1472,1455,1468,1481,1465,1265,1326,1293,1307,1325,1309,1351,1335,1323,1334,1292,1332,1484,1339,1513,1315,1543,1315,1568,1336,1544,1340,1514,1340,1319,1557,1360,1523,1400,1510,1426,1517,1456,1512,1492,1526,1522,1558,1489,1571,1454,1579,1423,1580,1395,1578,1357,1571,1334,1553,1399,1539,1425,1541,1455,1540,1507,1554,1454,1551,1424,1552,1397,1551
382,h,1,1,1178,1228,1624,1673,12.733333333333333,1154,1370,1156,1433,1165,1493,1176,1551,1200,1605,1242,1647,1297,1673,1355,1691,1418,1698,1478,1693,1529,1672,1575,1639,1606,1593,1625,1540,1637,1485,1643,1428,1643,1371,1218,1302,1251,1268,1297,1255,1347,1256,1395,1266,1456,1270,1500,1263,1545,1265,1585,1280,1610,1313,1424,1313,1426,1346,1429,1376,1432,1411,1369,1462,1398,1466,1428,1471,1455,1467,1481,1465,1265,1328,1294,1308,1326,1310,1352,1336,1323,1336,1291,1334,1485,1340,1513,1316,1544,1316,1569,1337,1545,1341,1515,1342,1321,1557,1361,1524,1400,1512,1427,1518,1456,1513,1491,1527,1520,1559,1489,1572,1455,1581,1425,1583,1396,1581,1358,1573,1337,1554,1399,1539,1427,1542,1455,1540,1506,1555,1455,1552,1426,1554,1398,1552
383,h,1,1,1178,1228,1624,1673,12.766666666666667,1154,1370,1156,1433,1165,1493,1176,1551,1200,1605,1242,1647,1297,1673,1355,1691,1418,1698,1478,1693,1529,1672,1575,1639,1606,1593,1625,1540,1637,1485,1643,1428,1643,1371,1218,1302,1251,1268,1297,1255,1347,1256,1395,1266,1456,1270,1500,1263,1545,1265,1585,1280,1610,1313,1424,1313,1426,1346,1429,1376,1432,1411,1369,1462,1398,1466,1428,1471,1455,1467,1481,1465,1265,1328,1294,1308,1326,1310,1352,1336,1323,1336,1291,1334,1485,1340,1513,1316,1544,1316,1569,1337,1545,1341,1515,1342,1321,1557,1361,1524,1400,1512,1427,1518,1456,1513,1491,1527,1520,1559,1489,1572,1455,1581,1425,1583,1396,1581,1358,1573,1337,1554,1399,1539,1427,1542,1455,1540,1506,1555,1455,1552,1426,1554,1398,1552
384,h,1,1,1117,1176,1652,1711,12.8,1157,1374,1158,1434,1165,1495,1177,1554,1202,1606,1244,1649,1299,1675,1356,1695,1418,1702,1477,1697,1529,1675,1576,1641,1609,1594,1630,1540,1643,1484,1647,1428,1645,1374,1221,1304,1253,1269,1299,1255,1349,1256,1396,1266,1455,1269,1500,1263,1545,1266,1585,1282,1608,1317,1424,1313,1426,1346,1428,1377,1430,1411,1368,1463,1397,1468,1427,1474,1455,1469,1482,1466,1265,1329,1293,1309,1325,1311,1352,1337,1323,1336,1291,1334,1486,1342,1515,1317,1546,1317,1570,1338,1547,1343,1517,1343,1321,1557,1360,1524,1400,1512,1427,1519,1458,1514,1493,1528,1522,1560,1491,1574,1456,1582,1424,1584,1396,1581,1358,1573,1336,1554,1399,1541,1426,1543,1457,1542,1507,1557,1456,1553,1425,1555,1397,1553
385,h,1,1,1178,1228,1624,1673,12.833333333333334,1160,1372,1161,1434,1169,1495,1181,1553,1204,1606,1244,1649,1298,1677,1356,1695,1419,1702,1479,1697,1532,1675,1577,1642,1608,1595,1626,1541,1637,1485,1643,1429,1643,1374,1221,1304,1253,1269,1300,1256,1349,1257,1396,1269,1461,1272,1503,1265,1548,1266,1587,1282,1610,1315,1427,1315,1429,1348,1432,1380,1434,1414,1371,1465,1400,1469,1430,1475,1458,1470,1484,1468,1267,1329,1296,1309,1327,1311,1353,1337,1325,1336,1293,1334,1488,1342,1516,1318,1546,1318,1571,1339,1547,1343,1517,1343,1323,1558,1362,1526,1402,1514,1430,1521,1460,1516,1494,1530,1523,1561,1492,1575,1458,1584,1426,1585,1397,1583,1359,1574,1338,1556,1400,1542,1429,1544,1459,1543,1509,1558,1458,1554,1427,1556,1399,1554
386,h,1,1,1178,1228,1624,1673,12.866666666666667,1160,1372,1161,1434,1169,1495,1181,1553,1204,1606,1244,1649,1298,1677,1356,1695,1419,1702,1479,1697,1532,1675,1577,1642,1608,1595,1626,1541,1637,1485,1643,1429,1643,1374,1221,1304,1253,1269,1300,1256,1349,1257,1396,1269,1461,1272,1503,1265,1548,1266,1587,1282,1610,1315,1427,1315,1429,1348,1432,1380,1434,1414,1371,1465,1400,1469,1430,1475,1458,1470,1484,1468,1267,1329,1296,1309,1327,1311,1353,1337,1325,1336,1293,1334,1488,1342,1516,1318,1546,1318,1571,1339,1547,1343,1517,1343,1323,1558,1362,1526,1402,1514,1430,1521,1460,1516,1494,1530,1523,1561,1492,1575,1458,1584,1426,1585,1397,1583,1359,1574,1338,1556,1400,1542,1429,1544,1459,1543,1509,1558,1458,1554,1427,1556,1399,1554
387,h,1,1,1178,1228,1624,1673,12.9,1162,1369,1164,1431,1172,1492,1183,1550,1207,1604,1245,1647,1297,1675,1354,1695,1418,1704,1479,1698,1531,1677,1576,1642,1606,1595,1625,1542,1637,1487,1643,1430,1643,1373,1222,1307,1253,1271,1299,1256,1350,1258,1398,1268,1461,1273,1504,1266,1549,1267,1588,1282,1612,1316,1427,1315,1429,1348,1432,1380,1435,1414,1371,1466,1401,1470,1430,1476,1458,1471,1485,1469,1267,1330,1296,1309,1328,1311,1355,1338,1326,1337,1294,1335,1488,1343,1517,1318,1548,1318,1573,1340,1549,1345,1518,1344,1321,1558,1361,1527,1402,1514,1430,1522,1460,1517,1495,1531,1525,1562,1492,1577,1457,1585,1425,1587,1396,1584,1357,1576,1337,1555,1400,1543,1429,1545,1459,1544,1510,1559,1457,1555,1427,1556,1398,1554
388,h,1,1,1178,1228,1624,1673,12.933333333333334,1158,1369,1161,1432,1170,1494,1182,1553,1206,1606,1247,1649,1300,1676,1358,1694,1421,1701,1481,1696,1532,1674,1577,1642,1607,1596,1626,1543,1638,1489,1645,1432,1646,1376,1223,1306,1256,1270,1304,1256,1355,1259,1403,1271,1463,1276,1506,1267,1551,1268,1592,1283,1616,1318,1431,1316,1433,1349,1435,1381,1438,1415,1373,1466,1403,1471,1433,1476,1461,1472,1487,1470,1270,1330,1298,1310,1331,1311,1358,1339,1328,1339,1296,1336,1490,1345,1518,1319,1550,1319,1574,1341,1551,1346,1520,1346,1325,1560,1364,1527,1403,1515,1431,1522,1461,1517,1495,1532,1524,1562,1492,1576,1459,1584,1428,1586,1398,1583,1361,1575,1340,1557,1402,1543,1430,1545,1460,1544,1509,1559,1459,1555,1429,1556,1400,1554
389,h,1,1,1178,1228,1624,1673,12.966666666666667,1166,1366,1166,1428,1173,1490,1184,1549,1207,1603,1246,1646,1299,1674,1356,1693,1420,1701,1480,1696,1533,1675,1580,1642,1611,1597,1629,1544,1641,1489,1648,1432,1648,1376,1226,1305,1257,1270,1304,1256,1355,1257,1402,1268,1463,1274,1506,1266,1551,1268,1591,1284,1615,1318,1431,1315,1433,1349,1435,1381,1438,1416,1374,1467,1403,1470,1433,1475,1461,1471,1487,1469,1272,1328,1301,1309,1333,1311,1359,1338,1330,1337,1298,1335,1491,1343,1520,1318,1550,1318,1574,1340,1551,1344,1521,1344,1326,1558,1366,1528,1406,1516,1433,1522,1462,1518,1496,1532,1526,1560,1493,1572,1460,1580,1429,1581,1401,1579,1363,1571,1342,1555,1404,1545,1432,1547,1461,1545,1512,1557,1460,1549,1430,1551,1403,1549
390,h,1,1,1178,1228,1624,1673,13.0,1166,1366,1166,1428,1173,1490,1184,1549,1207,1603,1246,1646,1299,1674,1356,1693,1420,1701,1480,1696,1533,1675,1580,1642,1611,1597,1629,1544,1641,1489,1648,1432,1648,1376,1226,1305,1257,1270,1304,1256,1355,1257,1402,1268,1463,1274,1506,1266,1551,1268,1591,1284,1615,1318,1431,1315,1433,1349,1435,1381,1438,1416,1374,1467,1403,1470,1433,1475,1461,1471,1487,1469,1272,1328,1301,1309,1333,1311,1359,1338,1330,1337,1298,1335,1491,1343,1520,1318,1550,1318,1574,1340,1551,1344,1521,1344,1326,1558,1366,1528,1406,1516,1433,1522,1462,1518,1496,1532,1526,1560,1493,1572,1460,1580,1429,1581,1401,1579,1363,1571,1342,1555,1404,1545,1432,1547,1461,1545,1512,1557,1460,1549,1430,1551,1403,1549
391,h,1,1,1178,1228,1624,1673,13.033333333333333,1162,1368,1163,1430,1170,1492,1181,1550,1205,1603,1244,1645,1298,1672,1355,1690,1418,1697,1478,1692,1530,1672,1576,1640,1607,1595,1626,1543,1638,1488,1646,1432,1647,1376,1226,1306,1258,1270,1305,1256,1356,1258,1403,1270,1465,1275,1508,1267,1553,1268,1593,1285,1615,1319,1433,1317,1434,1350,1437,1382,1439,1416,1376,1466,1405,1470,1434,1476,1461,1472,1486,1470,1272,1330,1302,1310,1334,1312,1360,1339,1332,1339,1299,1337,1490,1344,1519,1319,1551,1319,1575,1341,1551,1346,1520,1346,1327,1557,1367,1528,1406,1516,1432,1523,1460,1518,1493,1532,1522,1561,1490,1571,1458,1578,1428,1580,1400,1577,1364,1571,1342,1554,1404,1544,1431,1546,1459,1545,1507,1557,1458,1549,1430,1550,1403,1549
392,h,1,1,1176,1176,1711,1711,13.066666666666666,1159,1371,1160,1433,1168,1494,1181,1552,1207,1607,1247,1649,1300,1676,1357,1695,1419,1703,1478,1699,1531,1680,1577,1649,1608,1603,1629,1550,1643,1494,1650,1436,1649,1379,1230,1302,1263,1268,1309,1256,1359,1257,1407,1269,1466,1275,1508,1269,1553,1271,1593,1286,1619,1319,1433,1315,1434,1349,1436,1380,1437,1415,1374,1468,1404,1472,1433,1478,1461,1474,1489,1471,1273,1329,1302,1309,1334,1311,1362,1339,1331,1338,1299,1335,1495,1346,1522,1321,1554,1321,1579,1344,1553,1349,1522,1348,1327,1562,1366,1531,1405,1517,1433,1524,1460,1518,1494,1533,1525,1566,1492,1576,1459,1584,1430,1586,1401,1583,1364,1575,1343,1559,1403,1547,1432,1548,1459,1547,1510,1561,1458,1554,1431,1555,1403,1553
393,h,1,1,1176,1176,1711,1711,13.1,1160,1367,1160,1430,1165,1493,1177,1554,1204,1609,1247,1652,1302,1680,1360,1699,1422,1706,1481,1700,1532,1678,1578,1645,1611,1598,1632,1545,1646,1489,1653,1432,1652,1375,1234,1299,1267,1268,1312,1256,1360,1258,1407,1271,1469,1277,1509,1270,1555,1271,1595,1285,1620,1318,1434,1319,1435,1351,1437,1382,1438,1416,1376,1468,1404,1473,1433,1479,1461,1475,1488,1471,1275,1329,1303,1309,1336,1312,1363,1341,1332,1339,1299,1336,1495,1347,1522,1322,1554,1322,1580,1345,1554,1350,1523,1349,1329,1564,1367,1532,1407,1518,1434,1525,1460,1519,1494,1534,1521,1566,1491,1582,1459,1593,1431,1595,1402,1592,1365,1582,1344,1561,1405,1546,1433,1549,1459,1548,1506,1562,1459,1563,1432,1565,1405,1563
394,h,1,1,1176,1176,1711,1711,13.133333333333333,1160,1367,1160,1430,1165,1493,1177,1554,1204,1609,1247,1652,1302,1680,1360,1699,1422,1706,1481,1700,1532,1678,1578,1645,1611,1598,1632,1545,1646,1489,1653,1432,1652,1375,1234,1299,1267,1268,1312,1256,1360,1258,1407,1271,1469,1277,1509,1270,1555,1271,1595,1285,1620,1318,1434,1319,1435,1351,1437,1382,1438,1416,1376,1468,1404,1473,1433,1479,1461,1475,1488,1471,1275,1329,1303,1309,1336,1312,1363,1341,1332,1339,1299,1336,1495,1347,1522,1322,1554,1322,1580,1345,1554,1350,1523,1349,1329,1564,1367,1532,1407,1518,1434,1525,1460,1519,1494,1534,1521,1566,1491,1582,1459,1593,1431,1595,1402,1592,1365,1582,1344,1561,1405,1546,1433,1549,1459,1548,1506,1562,1459,1563,1432,1565,1405,1563
395,h,1,1,1176,1176,1711,1711,13.166666666666666,1159,1369,1159,1432,1166,1495,1178,1555,1205,1610,1248,1654,1302,1681,1359,1699,1421,1706,1480,1701,1532,1679,1577,1645,1609,1597,1630,1543,1644,1487,1650,1430,1649,1374,1232,1299,1265,1268,1311,1257,1360,1258,1406,1269,1470,1276,1511,1270,1554,1272,1593,1285,1619,1316,1434,1319,1436,1351,1438,1381,1439,1415,1376,1468,1406,1473,1435,1479,1462,1475,1490,1471,1273,1330,1302,1311,1335,1313,1361,1340,1331,1340,1299,1336,1496,1347,1524,1322,1556,1322,1581,1345,1555,1350,1524,1349,1329,1564,1366,1531,1406,1517,1436,1525,1464,1520,1497,1534,1523,1569,1494,1585,1462,1595,1432,1597,1401,1594,1364,1584,1345,1562,1405,1546,1435,1549,1463,1548,1508,1565,1463,1565,1434,1566,1404,1564
396,h,1,1,1178,1228,1624,1673,13.2,1159,1362,1159,1427,1166,1491,1178,1552,1203,1607,1245,1652,1298,1682,1355,1703,1418,1711,1478,1704,1530,1681,1575,1646,1607,1599,1627,1545,1640,1489,1646,1432,1647,1375,1228,1302,1262,1270,1308,1257,1359,1260,1405,1271,1468,1277,1510,1269,1554,1271,1593,1285,1616,1317,1435,1319,1437,1352,1439,1383,1441,1418,1377,1468,1406,1473,1435,1478,1463,1474,1488,1472,1273,1329,1303,1309,1335,1311,1361,1339,1332,1339,1300,1337,1493,1344,1521,1319,1553,1320,1577,1342,1553,1348,1523,1347,1329,1564,1368,1531,1408,1518,1434,1525,1462,1521,1495,1536,1521,1569,1491,1586,1459,1596,1429,1598,1401,1595,1364,1584,1344,1561,1406,1546,1432,1549,1461,1548,1506,1565,1459,1566,1430,1567,1404,1565
397,h,1,1,1178,1228,1624,1673,13.233333333333333,1163,1363,1164,1427,1171,1491,1182,1552,1207,1608,1246,1653,1300,1683,1357,1704,1419,1711,1479,1704,1530,1681,1575,1646,1606,1599,1626,1545,1639,1489,1647,1433,1648,1376,1230,1304,1262,1269,1309,1257,1359,1259,1406,1271,1468,1277,1510,1270,1554,1272,1594,1286,1617,1318,1435,1319,1436,1352,1439,1384,1441,1418,1377,1467,1406,1472,1435,1479,1462,1475,1487,1472,1274,1328,1303,1309,1336,1311,1361,1339,1333,1338,1300,1336,1494,1345,1522,1320,1553,1320,1578,1342,1554,1348,1523,1347,1328,1564,1366,1530,1406,1517,1433,1524,1463,1520,1495,1535,1521,1569,1491,1586,1459,1597,1428,1600,1399,1597,1361,1586,1344,1562,1404,1546,1432,1548,1461,1547,1506,1565,1459,1566,1429,1568,1402,1567
398,h,1,1,1178,1228,1624,1673,13.266666666666667,1163,1363,1164,1427,1171,1491,1182,1552,1207,1608,1246,1653,1300,1683,1357,1704,1419,1711,1479,1704,1530,1681,1575,1646,1606,1599,1626,1545,1639,1489,1647,1433,1648,1376,1230,1304,1262,1269,1309,1257,1359,1259,1406,1271,1468,1277,1510,1270,1554,1272,1594,1286,1617,1318,1435,1319,1436,1352,1439,1384,1441,1418,1377,1467,1406,1472,1435,1479,1462,1475,1487,1472,1274,1328,1303,1309,1336,1311,1361,1339,1333,1338,1300,1336,1494,1345,1522,1320,1553,1320,1578,1342,1554,1348,1523,1347,1328,1564,1366,1530,1406,1517,1433,1524,1463,1520,1495,1535,1521,1569,1491,1586,1459,1597,1428,1600,1399,1597,1361,1586,1344,1562,1404,1546,1432,1548,1461,1547,1506,1565,1459,1566,1429,1568,1402,1567
399,h,1,1,1176,1176,1711,1711,13.3,1165,1370,1166,1432,1174,1493,1186,1553,1211,1609,1252,1653,1306,1682,1362,1701,1424,1709,1483,1702,1534,1680,1579,1646,1610,1600,1631,1548,1645,1492,1652,1435,1651,1379,1233,1299,1265,1268,1310,1256,1359,1258,1405,1270,1470,1276,1512,1270,1556,1273,1595,1286,1620,1318,1434,1317,1435,1351,1437,1383,1439,1417,1377,1469,1406,1473,1435,1479,1462,1475,1489,1472,1274,1329,1302,1308,1335,1311,1362,1340,1331,1339,1299,1335,1497,1347,1524,1321,1557,1321,1582,1345,1556,1349,1525,1349,1328,1566,1365,1531,1406,1517,1435,1524,1463,1519,1497,1534,1524,1569,1494,1585,1461,1596,1431,1598,1400,1595,1362,1585,1344,1563,1405,1547,1434,1549,1462,1548,1509,1565,1461,1565,1433,1566,1403,1564
400,h,1,1,1176,1176,1711,1711,13.333333333333334,1162,1367,1163,1429,1170,1491,1182,1550,1208,1605,1250,1648,1305,1677,1362,1697,1423,1706,1482,1700,1534,1677,1579,1644,1611,1598,1633,1547,1648,1492,1655,1434,1653,1378,1234,1297,1266,1266,1311,1255,1360,1258,1406,1269,1471,1275,1512,1270,1555,1271,1594,1283,1619,1314,1435,1317,1437,1350,1438,1382,1440,1417,1377,1468,1406,1473,1435,1479,1462,1475,1489,1471,1275,1329,1303,1309,1336,1311,1363,1339,1332,1338,1300,1335,1497,1346,1524,1322,1556,1322,1582,1344,1556,1349,1525,1348,1327,1563,1365,1529,1406,1516,1436,1523,1463,1518,1498,1532,1527,1567,1495,1584,1462,1593,1432,1595,1401,1592,1363,1582,1343,1560,1405,1546,1434,1548,1462,1547,1512,1564,1463,1562,1434,1563,1404,1560
401,h,1,1,1176,1176,1711,1711,13.366666666666667,1162,1367,1163,1429,1170,1491,1182,1550,1208,1605,1250,1648,1305,1677,1362,1697,1423,1706,1482,1700,1534,1677,1579,1644,1611,1598,1633,1547,1648,1492,1655,1434,1653,1378,1234,1297,1266,1266,1311,1255,1360,1258,1406,1269,1471,1275,1512,1270,1555,1271,1594,1283,1619,1314,1435,1317,1437,1350,1438,1382,1440,1417,1377,1468,1406,1473,1435,1479,1462,1475,1489,1471,1275,1329,1303,1309,1336,1311,1363,1339,1332,1338,1300,1335,1497,1346,1524,1322,1556,1322,1582,1344,1556,1349,1525,1348,1327,1563,1365,1529,1406,1516,1436,1523,1463,1518,1498,1532,1527,1567,1495,1584,1462,1593,1432,1595,1401,1592,1363,1582,1343,1560,1405,1546,1434,1548,1462,1547,1512,1564,1463,1562,1434,1563,1404,1560
402,h,1,1,1176,1176,1711,1711,13.4,1162,1368,1163,1429,1171,1491,1182,1550,1209,1604,1251,1647,1305,1675,1362,1694,1423,1702,1479,1698,1530,1676,1574,1643,1607,1598,1629,1547,1645,1493,1654,1437,1654,1381,1235,1298,1268,1267,1313,1255,1362,1257,1410,1268,1474,1275,1515,1269,1559,1271,1598,1285,1624,1316,1438,1317,1439,1350,1441,1382,1442,1416,1379,1467,1408,1471,1437,1477,1464,1474,1491,1471,1276,1328,1306,1308,1339,1311,1365,1339,1335,1338,1302,1335,1498,1346,1525,1321,1557,1321,1583,1344,1557,1349,1526,1348,1329,1561,1368,1528,1408,1514,1438,1521,1466,1517,1500,1531,1528,1565,1496,1579,1463,1588,1433,1590,1402,1587,1365,1577,1345,1559,1407,1544,1436,1546,1464,1545,1514,1561,1464,1558,1435,1560,1405,1557
403,h,1,1,1176,1176,1711,1711,13.433333333333334,1165,1368,1165,1430,1172,1490,1183,1549,1209,1603,1250,1646,1305,1674,1363,1694,1424,1704,1482,1698,1533,1677,1579,1644,1610,1599,1632,1547,1646,1492,1654,1434,1653,1379,1234,1300,1266,1266,1312,1254,1362,1256,1409,1268,1472,1275,1514,1268,1559,1269,1598,1285,1622,1319,1438,1315,1440,1349,1442,1381,1443,1417,1378,1466,1408,1470,1439,1476,1467,1472,1494,1470,1277,1327,1306,1308,1338,1310,1364,1338,1334,1336,1302,1333,1499,1344,1526,1320,1558,1321,1583,1342,1557,1346,1526,1346,1328,1558,1368,1527,1408,1514,1438,1521,1466,1516,1500,1531,1528,1563,1497,1576,1464,1585,1433,1586,1403,1583,1365,1574,1344,1555,1407,1542,1437,1546,1465,1545,1513,1559,1464,1554,1435,1556,1405,1553
404,h,1,1,1176,1176,1711,1711,13.466666666666667,1169,1365,1169,1428,1175,1490,1187,1549,1213,1603,1255,1645,1309,1672,1366,1690,1427,1698,1484,1692,1535,1671,1579,1639,1611,1594,1632,1542,1646,1487,1653,1430,1652,1375,1236,1298,1269,1266,1316,1254,1365,1257,1412,1268,1474,1276,1515,1270,1559,1271,1598,1285,1621,1319,1440,1317,1442,1350,1444,1381,1445,1415,1380,1465,1411,1470,1441,1476,1469,1472,1496,1469,1279,1327,1307,1308,1340,1311,1367,1338,1336,1336,1304,1333,1501,1345,1528,1321,1560,1321,1585,1343,1560,1348,1529,1347,1330,1557,1370,1525,1411,1513,1440,1520,1468,1515,1501,1531,1530,1563,1498,1575,1465,1583,1435,1585,1404,1582,1367,1573,1346,1554,1409,1542,1439,1545,1467,1544,1515,1559,1465,1553,1437,1554,1407,1552
405,h,1,1,1176,1176,1711,1711,13.5,1169,1365,1169,1428,1175,1490,1187,1549,1213,1603,1255,1645,1309,1672,1366,1690,1427,1698,1484,1692,1535,1671,1579,1639,1611,1594,1632,1542,1646,1487,1653,1430,1652,1375,1236,1298,1269,1266,1316,1254,1365,1257,1412,1268,1474,1276,1515,1270,1559,1271,1598,1285,1621,1319,1440,1317,1442,1350,1444,1381,1445,1415,1380,1465,1411,1470,1441,1476,1469,1472,1496,1469,1279,1327,1307,1308,1340,1311,1367,1338,1336,1336,1304,1333,1501,1345,1528,1321,1560,1321,1585,1343,1560,1348,1529,1347,1330,1557,1370,1525,1411,1513,1440,1520,1468,1515,1501,1531,1530,1563,1498,1575,1465,1583,1435,1585,1404,1582,1367,1573,1346,1554,1409,1542,1439,1545,1467,1544,1515,1559,1465,1553,1437,1554,1407,1552
406,h,1,1,1176,1176,1711,1711,13.533333333333333,1169,1365,1170,1427,1176,1488,1187,1547,1212,1601,1253,1643,1308,1669,1366,1687,1426,1695,1484,1691,1535,1672,1581,1641,1613,1597,1634,1545,1648,1490,1654,1433,1653,1378,1235,1298,1268,1266,1315,1255,1364,1257,1412,1269,1475,1276,1516,1270,1560,1272,1599,1286,1623,1319,1441,1317,1442,1349,1444,1380,1445,1414,1381,1465,1411,1470,1440,1476,1468,1472,1495,1470,1278,1328,1307,1308,1341,1311,1367,1339,1337,1338,1304,1335,1500,1346,1528,1321,1560,1321,1586,1344,1560,1348,1529,1348,1332,1554,1371,1525,1412,1513,1440,1520,1467,1516,1501,1530,1531,1561,1498,1575,1465,1583,1436,1584,1406,1581,1368,1572,1347,1552,1410,1543,1439,1545,1466,1544,1516,1557,1465,1552,1437,1553,1409,1551
407,h,1,1,1176,1176,1711,1711,13.566666666666666,1171,1365,1171,1427,1177,1487,1187,1547,1212,1601,1253,1644,1308,1671,1365,1691,1426,1701,1485,1695,1538,1674,1585,1642,1617,1596,1638,1544,1652,1489,1660,1433,1659,1378,1237,1299,1270,1266,1317,1254,1366,1257,1413,1268,1477,1276,1518,1271,1562,1272,1601,1287,1626,1320,1442,1316,1442,1349,1443,1380,1444,1415,1381,1465,1410,1470,1440,1476,1467,1472,1495,1469,1280,1327,1309,1308,1341,1311,1369,1338,1338,1335,1305,1333,1502,1345,1530,1321,1561,1322,1586,1344,1561,1347,1530,1346,1332,1556,1370,1526,1410,1513,1439,1521,1467,1516,1500,1531,1530,1563,1498,1578,1465,1587,1435,1589,1405,1585,1367,1575,1348,1554,1409,1542,1438,1545,1466,1545,1515,1559,1466,1557,1437,1558,1407,1555
408,h,1,1,1176,1176,1711,1711,13.6,1165,1363,1165,1425,1171,1487,1183,1546,1209,1601,1250,1647,1303,1677,1359,1701,1421,1711,1480,1706,1532,1683,1579,1648,1613,1600,1635,1547,1649,1491,1655,1434,1655,1378,1236,1302,1268,1267,1316,1253,1367,1256,1415,1267,1476,1273,1518,1268,1563,1269,1601,1286,1622,1322,1442,1317,1443,1350,1445,1381,1446,1415,1382,1466,1412,1471,1441,1477,1469,1473,1496,1470,1279,1328,1308,1308,1341,1310,1367,1338,1337,1337,1305,1334,1502,1346,1529,1320,1562,1320,1586,1344,1561,1348,1530,1347,1332,1563,1370,1527,1412,1513,1441,1520,1470,1516,1504,1532,1531,1568,1500,1589,1467,1600,1436,1602,1406,1599,1367,1586,1348,1560,1411,1542,1440,1545,1468,1545,1516,1565,1467,1568,1438,1569,1409,1567
409,h,1,1,1176,1176,1711,1711,13.633333333333333,1165,1363,1165,1425,1171,1487,1183,1546,1209,1601,1250,1647,1303,1677,1359,1701,1421,1711,1480,1706,1532,1683,1579,1648,1613,1600,1635,1547,1649,1491,1655,1434,1655,1378,1236,1302,1268,1267,1316,1253,1367,1256,1415,1267,1476,1273,1518,1268,1563,1269,1601,1286,1622,1322,1442,1317,1443,1350,1445,1381,1446,1415,1382,1466,1412,1471,1441,1477,1469,1473,1496,1470,1279,1328,1308,1308,1341,1310,1367,1338,1337,1337,1305,1334,1502,1346,1529,1320,1562,1320,1586,1344,1561,1348,1530,1347,1332,1563,1370,1527,1412,1513,1441,1520,1470,1516,1504,1532,1531,1568,1500,1589,1467,1600,1436,1602,1406,1599,1367,1586,1348,1560,1411,1542,1440,1545,1468,1545,1516,1565,1467,1568,1438,1569,1409,1567
410,h,1,1,1176,1176,1711,1711,13.666666666666666,1167,1361,1166,1424,1172,1486,1184,1547,1211,1603,1254,1648,1307,1678,1363,1701,1422,1711,1479,1705,1530,1682,1577,1648,1611,1602,1635,1551,1651,1495,1660,1438,1661,1381,1239,1299,1271,1265,1318,1252,1368,1254,1415,1267,1477,1273,1519,1268,1564,1270,1603,1285,1626,1320,1443,1316,1443,1349,1444,1380,1445,1415,1382,1466,1411,1470,1441,1476,1469,1473,1496,1469,1281,1325,1310,1305,1344,1307,1370,1337,1340,1336,1307,1332,1503,1344,1531,1319,1563,1319,1588,1343,1562,1347,1531,1346,1334,1562,1371,1527,1412,1513,1441,1520,1469,1516,1504,1532,1531,1569,1501,1588,1467,1600,1436,1602,1406,1598,1368,1585,1350,1560,1411,1543,1439,1545,1468,1545,1517,1565,1468,1568,1438,1569,1409,1567
411,h,1,1,1176,1176,1711,1711,13.7,1169,1358,1168,1421,1174,1485,1186,1546,1213,1602,1255,1648,1308,1679,1364,1703,1424,1712,1481,1706,1533,1684,1580,1650,1613,1603,1636,1551,1653,1495,1662,1436,1662,1379,1242,1296,1275,1264,1321,1252,1370,1255,1415,1267,1480,1274,1520,1269,1564,1270,1603,1284,1627,1316,1443,1315,1444,1349,1445,1381,1446,1416,1383,1465,1412,1471,1441,1477,1470,1473,1498,1469,1283,1325,1311,1305,1344,1308,1370,1336,1340,1335,1308,1332,1505,1344,1532,1319,1564,1320,1589,1343,1564,1346,1532,1346,1335,1563,1371,1527,1412,1513,1441,1520,1470,1515,1505,1531,1532,1569,1501,1589,1468,1600,1437,1601,1406,1598,1368,1585,1351,1560,1411,1543,1440,1545,1468,1544,1517,1566,1468,1569,1439,1569,1410,1567
412,h,1,1,1176,1176,1711,1711,13.733333333333333,1172,1358,1169,1422,1174,1486,1186,1548,1212,1605,1255,1650,1309,1680,1365,1702,1426,1712,1485,1706,1536,1684,1583,1649,1616,1602,1638,1549,1655,1492,1663,1434,1663,1377,1246,1294,1279,1263,1325,1252,1374,1256,1419,1269,1480,1276,1521,1270,1564,1271,1603,1285,1627,1316,1446,1317,1446,1349,1447,1380,1448,1414,1384,1466,1414,1470,1443,1476,1470,1473,1498,1470,1286,1323,1314,1304,1347,1308,1372,1336,1342,1334,1310,1330,1506,1344,1533,1319,1565,1320,1589,1342,1564,1347,1534,1346,1336,1563,1373,1527,1414,1513,1442,1520,1471,1515,1506,1531,1533,1568,1502,1587,1469,1600,1438,1601,1408,1598,1370,1585,1352,1561,1412,1543,1441,1545,1469,1545,1518,1565,1470,1569,1440,1570,1411,1567
413,h,1,1,1176,1176,1711,1711,13.766666666666667,1172,1358,1169,1422,1174,1486,1186,1548,1212,1605,1255,1650,1309,1680,1365,1702,1426,1712,1485,1706,1536,1684,1583,1649,1616,1602,1638,1549,1655,1492,1663,1434,1663,1377,1246,1294,1279,1263,1325,1252,1374,1256,1419,1269,1480,1276,1521,1270,1564,1271,1603,1285,1627,1316,1446,1317,1446,1349,1447,1380,1448,1414,1384,1466,1414,1470,1443,1476,1470,1473,1498,1470,1286,1323,1314,1304,1347,1308,1372,1336,1342,1334,1310,1330,1506,1344,1533,1319,1565,1320,1589,1342,1564,1347,1534,1346,1336,1563,1373,1527,1414,1513,1442,1520,1471,1515,1506,1531,1533,1568,1502,1587,1469,1600,1438,1601,1408,1598,1370,1585,1352,1561,1412,1543,1441,1545,1469,1545,1518,1565,1470,1569,1440,1570,1411,1567
414,h,1,1,1176,1176,1711,1711,13.8,1172,1359,1171,1422,1176,1485,1188,1546,1214,1604,1257,1649,1310,1681,1365,1704,1427,1713,1486,1708,1536,1684,1583,1649,1616,1601,1638,1547,1654,1490,1662,1433,1662,1376,1244,1294,1277,1262,1323,1251,1372,1254,1418,1267,1483,1274,1524,1268,1568,1269,1606,1283,1631,1315,1446,1315,1446,1348,1448,1380,1449,1414,1385,1464,1415,1470,1444,1476,1472,1472,1499,1469,1286,1323,1314,1303,1347,1306,1373,1334,1343,1333,1311,1329,1507,1342,1535,1318,1567,1319,1590,1342,1566,1346,1535,1345,1337,1562,1373,1526,1414,1513,1443,1520,1472,1515,1507,1531,1534,1569,1503,1588,1469,1599,1438,1600,1408,1596,1370,1585,1352,1560,1412,1542,1442,1544,1470,1544,1519,1565,1470,1568,1441,1568,1411,1566
415,h,1,1,1176,1176,1711,1711,13.833333333333334,1178,1361,1177,1424,1184,1486,1196,1546,1221,1601,1263,1646,1314,1676,1369,1698,1430,1708,1489,1703,1541,1680,1586,1646,1618,1598,1640,1546,1656,1491,1663,1435,1663,1380,1248,1291,1282,1261,1327,1252,1375,1256,1419,1269,1484,1275,1525,1270,1567,1270,1605,1283,1630,1313,1447,1317,1448,1349,1450,1381,1451,1415,1386,1465,1416,1470,1445,1476,1473,1473,1500,1470,1287,1324,1315,1305,1347,1307,1373,1335,1344,1334,1312,1330,1508,1343,1536,1319,1567,1320,1591,1343,1566,1347,1536,1346,1338,1562,1374,1526,1415,1512,1444,1519,1472,1515,1507,1531,1534,1569,1504,1588,1470,1598,1439,1599,1408,1596,1370,1584,1353,1559,1413,1543,1442,1545,1470,1545,1519,1565,1470,1566,1441,1567,1412,1564
416,h,1,1,1176,1176,1711,1711,13.866666666666667,1178,1361,1177,1424,1184,1486,1196,1546,1221,1601,1263,1646,1314,1676,1369,1698,1430,1708,1489,1703,1541,1680,1586,1646,1618,1598,1640,1546,1656,1491,1663,1435,1663,1380,1248,1291,1282,1261,1327,1252,1375,1256,1419,1269,1484,1275,1525,1270,1567,1270,1605,1283,1630,1313,1447,1317,1448,1349,1450,1381,1451,1415,1386,1465,1416,1470,1445,1476,1473,1473,1500,1470,1287,1324,1315,1305,1347,1307,1373,1335,1344,1334,1312,1330,1508,1343,1536,1319,1567,1320,1591,1343,1566,1347,1536,1346,1338,1562,1374,1526,1415,1512,1444,1519,1472,1515,1507,1531,1534,1569,1504,1588,1470,1598,1439,1599,1408,1596,1370,1584,1353,1559,1413,1543,1442,1545,1470,1545,1519,1565,1470,1566,1441,1567,1412,1564
417,h,1,1,1176,1176,1711,1711,13.9,1176,1358,1174,1420,1180,1482,1190,1543,1216,1600,1257,1645,1311,1676,1367,1699,1429,1710,1488,1705,1540,1682,1587,1646,1620,1598,1642,1545,1657,1489,1663,1432,1662,1376,1246,1294,1280,1262,1326,1251,1375,1255,1421,1268,1484,1276,1526,1270,1569,1272,1607,1286,1630,1318,1449,1315,1451,1348,1452,1380,1454,1415,1389,1465,1419,1470,1448,1476,1476,1473,1503,1470,1288,1324,1316,1304,1349,1307,1375,1336,1345,1334,1313,1331,1509,1344,1537,1319,1568,1320,1592,1343,1568,1347,1537,1346,1340,1562,1377,1526,1418,1512,1447,1519,1475,1514,1510,1531,1537,1568,1506,1587,1472,1597,1442,1598,1412,1595,1374,1583,1356,1559,1417,1542,1445,1544,1473,1544,1523,1565,1473,1567,1444,1567,1415,1565
418,h,1,1,1176,1176,1711,1711,13.933333333333334,1175,1357,1172,1419,1177,1483,1188,1544,1214,1601,1257,1647,1311,1677,1368,1699,1429,1709,1488,1703,1539,1680,1586,1645,1620,1598,1643,1545,1659,1489,1666,1432,1665,1377,1250,1293,1284,1262,1330,1252,1379,1256,1425,1267,1487,1274,1528,1269,1570,1270,1608,1283,1631,1315,1452,1316,1452,1348,1453,1379,1454,1413,1391,1466,1420,1470,1448,1476,1476,1472,1503,1470,1291,1324,1320,1305,1352,1308,1378,1336,1348,1335,1316,1331,1511,1344,1539,1319,1570,1320,1594,1343,1570,1347,1539,1346,1342,1560,1379,1525,1420,1512,1448,1519,1476,1514,1510,1531,1537,1566,1506,1584,1473,1595,1443,1596,1414,1593,1376,1582,1358,1557,1419,1542,1446,1544,1474,1545,1523,1563,1474,1565,1445,1565,1417,1563
419,h,1,1,1176,1176,1711,1711,13.966666666666667,1178,1356,1176,1420,1180,1483,1192,1544,1217,1600,1259,1645,1312,1674,1368,1696,1429,1707,1488,1702,1540,1680,1587,1646,1621,1600,1644,1547,1660,1492,1668,1435,1667,1379,1251,1294,1284,1262,1330,1252,1380,1255,1425,1268,1489,1277,1530,1271,1573,1273,1611,1287,1634,1319,1453,1316,1454,1349,1455,1381,1456,1415,1391,1466,1420,1472,1450,1477,1478,1474,1505,1471,1293,1325,1322,1306,1354,1309,1380,1337,1351,1335,1318,1331,1513,1346,1540,1322,1571,1323,1595,1345,1571,1349,1541,1348,1343,1559,1380,1526,1421,1513,1450,1520,1479,1516,1513,1532,1541,1567,1509,1583,1475,1593,1444,1594,1414,1590,1377,1578,1358,1557,1419,1543,1448,1545,1477,1545,1528,1563,1476,1562,1447,1563,1418,1560
420,h,1,1,1176,1176,1711,1711,14.0,1178,1356,1176,1420,1180,1483,1192,1544,1217,1600,1259,1645,1312,1674,1368,1696,1429,1707,1488,1702,1540,1680,1587,1646,1621,1600,1644,1547,1660,1492,1668,1435,1667,1379,1251,1294,1284,1262,1330,1252,1380,1255,1425,1268,1489,1277,1530,1271,1573,1273,1611,1287,1634,1319,1453,1316,1454,1349,1455,1381,1456,1415,1391,1466,1420,1472,1450,1477,1478,1474,1505,1471,1293,1325,1322,1306,1354,1309,1380,1337,1351,1335,1318,1331,1513,1346,1540,1322,1571,1323,1595,1345,1571,1349,1541,1348,1343,1559,1380,1526,1421,1513,1450,1520,1479,1516,1513,1532,1541,1567,1509,1583,1475,1593,1444,1594,1414,1590,1377,1578,1358,1557,1419,1543,1448,1545,1477,1545,1528,1563,1476,1562,1447,1563,1418,1560
421,h,1,1,1176,1176,1711,1711,14.033333333333333,1184,1355,1182,1419,1186,1483,1197,1544,1222,1599,1264,1644,1318,1673,1373,1694,1435,1704,1493,1700,1545,1678,1592,1645,1625,1598,1648,1545,1663,1489,1669,1431,1669,1375,1255,1298,1288,1263,1336,1251,1385,1256,1432,1270,1488,1279,1530,1273,1574,1274,1613,1291,1634,1328,1456,1318,1457,1351,1458,1381,1460,1415,1392,1465,1422,1472,1453,1478,1481,1475,1509,1471,1302,1328,1330,1315,1360,1318,1386,1339,1357,1337,1327,1333,1513,1350,1542,1334,1570,1337,1594,1354,1568,1355,1540,1353,1341,1556,1382,1526,1423,1515,1452,1522,1481,1518,1515,1532,1544,1565,1511,1580,1477,1588,1446,1588,1416,1585,1378,1575,1357,1554,1422,1543,1450,1545,1479,1546,1530,1561,1478,1559,1448,1559,1419,1556
422,h,1,1,1176,1176,1711,1711,14.066666666666666,1186,1357,1184,1420,1188,1482,1198,1544,1223,1599,1265,1644,1319,1674,1376,1696,1437,1707,1495,1702,1546,1679,1591,1645,1625,1598,1648,1546,1663,1490,1669,1432,1669,1377,1257,1298,1291,1264,1339,1254,1389,1259,1436,1273,1491,1282,1533,1276,1576,1277,1615,1293,1635,1329,1459,1320,1460,1353,1462,1384,1463,1418,1396,1468,1426,1473,1456,1480,1484,1476,1511,1474,1304,1330,1333,1318,1362,1320,1389,1340,1360,1339,1330,1336,1514,1350,1542,1334,1571,1337,1595,1353,1570,1355,1541,1354,1346,1555,1386,1526,1428,1515,1455,1523,1484,1519,1518,1533,1545,1567,1513,1581,1480,1590,1449,1591,1420,1587,1382,1576,1362,1554,1426,1543,1454,1546,1483,1547,1531,1563,1481,1559,1452,1560,1423,1557
423,h,1,1,1176,1176,1711,1711,14.1,1189,1355,1188,1420,1192,1484,1202,1547,1225,1602,1268,1646,1322,1675,1377,1696,1437,1707,1494,1703,1545,1681,1593,1647,1627,1601,1650,1549,1665,1492,1672,1434,1673,1378,1259,1302,1293,1267,1341,1258,1391,1264,1437,1277,1496,1285,1539,1280,1583,1282,1621,1296,1643,1330,1464,1322,1464,1355,1466,1386,1467,1420,1401,1468,1430,1474,1460,1481,1487,1477,1514,1475,1304,1328,1334,1311,1366,1315,1391,1341,1362,1338,1330,1334,1522,1352,1550,1330,1580,1332,1603,1353,1579,1356,1550,1354,1349,1560,1390,1528,1431,1517,1459,1525,1488,1521,1521,1536,1549,1570,1515,1583,1482,1590,1451,1590,1422,1587,1385,1576,1365,1558,1429,1546,1457,1548,1486,1549,1535,1566,1484,1561,1454,1561,1426,1558
424,h,1,1,1176,1176,1711,1711,14.133333333333333,1189,1355,1188,1420,1192,1484,1202,1547,1225,1602,1268,1646,1322,1675,1377,1696,1437,1707,1494,1703,1545,1681,1593,1647,1627,1601,1650,1549,1665,1492,1672,1434,1673,1378,1259,1302,1293,1267,1341,1258,1391,1264,1437,1277,1496,1285,1539,1280,1583,1282,1621,1296,1643,1330,1464,1322,1464,1355,1466,1386,1467,1420,1401,1468,1430,1474,1460,1481,1487,1477,1514,1475,1304,1328,1334,1311,1366,1315,1391,1341,1362,1338,1330,1334,1522,1352,1550,1330,1580,1332,1603,1353,1579,1356,1550,1354,1349,1560,1390,1528,1431,1517,1459,1525,1488,1521,1521,1536,1549,1570,1515,1583,1482,1590,1451,1590,1422,1587,1385,1576,1365,1558,1429,1546,1457,1548,1486,1549,1535,1566,1484,1561,1454,1561,1426,1558
425,h,1,1,1176,1176,1711,1711,14.166666666666666,1198,1358,1198,1422,1205,1484,1216,1542,1238,1598,1276,1643,1327,1672,1382,1693,1442,1703,1499,1700,1549,1678,1594,1645,1627,1600,1650,1548,1665,1494,1672,1438,1672,1382,1264,1301,1296,1267,1345,1259,1395,1268,1441,1282,1497,1290,1540,1284,1584,1285,1623,1300,1644,1334,1467,1325,1468,1358,1469,1389,1471,1423,1405,1471,1435,1476,1464,1483,1492,1480,1519,1478,1308,1326,1338,1309,1369,1313,1395,1341,1365,1338,1334,1333,1525,1352,1552,1329,1582,1331,1606,1352,1582,1356,1552,1354,1353,1557,1394,1528,1435,1518,1463,1527,1493,1523,1525,1539,1551,1570,1519,1583,1486,1591,1455,1592,1425,1588,1388,1576,1368,1556,1433,1547,1461,1550,1491,1551,1536,1566,1488,1560,1458,1561,1429,1557
426,h,2,2,1228,1228,1673,1673,14.2,1205,1350,1202,1413,1207,1476,1215,1536,1235,1594,1272,1641,1324,1673,1381,1697,1443,1708,1504,1706,1557,1684,1603,1651,1634,1605,1655,1552,1670,1498,1679,1442,1680,1386,1269,1296,1305,1266,1355,1261,1405,1271,1451,1287,1501,1296,1544,1289,1589,1289,1630,1303,1652,1337,1473,1328,1474,1361,1474,1392,1475,1426,1409,1471,1438,1477,1467,1484,1495,1482,1521,1481,1316,1324,1345,1310,1376,1314,1401,1340,1372,1336,1341,1332,1528,1352,1557,1332,1586,1334,1610,1355,1586,1357,1556,1355,1356,1557,1396,1528,1436,1518,1464,1527,1493,1524,1525,1539,1551,1570,1520,1584,1487,1592,1456,1592,1426,1588,1389,1574,1371,1555,1434,1546,1462,1550,1491,1551,1536,1566,1489,1560,1459,1561,1430,1557
427,h,1,1,1228,1228,1673,1673,14.233333333333333,1207,1349,1204,1414,1207,1477,1215,1539,1236,1595,1275,1641,1327,1672,1383,1696,1445,1707,1505,1704,1558,1682,1603,1648,1636,1603,1658,1550,1673,1496,1682,1440,1685,1384,1273,1299,1309,1270,1358,1265,1409,1274,1454,1290,1506,1298,1549,1291,1593,1292,1634,1305,1657,1338,1478,1334,1478,1365,1478,1396,1478,1429,1413,1473,1442,1479,1470,1486,1498,1485,1524,1483,1320,1326,1350,1311,1381,1315,1406,1342,1376,1338,1346,1334,1533,1354,1562,1333,1591,1335,1615,1356,1590,1359,1561,1356,1363,1557,1400,1530,1440,1522,1468,1531,1497,1527,1529,1542,1554,1573,1523,1586,1489,1594,1459,1594,1430,1589,1394,1575,1377,1556,1437,1549,1465,1553,1494,1553,1541,1569,1492,1564,1462,1564,1434,1559
428,h,1,1,1228,1228,1673,1673,14.266666666666667,1207,1349,1204,1414,1207,1477,1215,1539,1236,1595,1275,1641,1327,1672,1383,1696,1445,1707,1505,1704,1558,1682,1603,1648,1636,1603,1658,1550,1673,1496,1682,1440,1685,1384,1273,1299,1309,1270,1358,1265,1409,1274,1454,1290,1506,1298,1549,1291,1593,1292,1634,1305,1657,1338,1478,1334,1478,1365,1478,1396,1478,1429,1413,1473,1442,1479,1470,1486,1498,1485,1524,1483,1320,1326,1350,1311,1381,1315,1406,1342,1376,1338,1346,1334,1533,1354,1562,1333,1591,1335,1615,1356,1590,1359,1561,1356,1363,1557,1400,1530,1440,1522,1468,1531,1497,1527,1529,1542,1554,1573,1523,1586,1489,1594,1459,1594,1430,1589,1394,1575,1377,1556,1437,1549,1465,1553,1494,1553,1541,1569,1492,1564,1462,1564,1434,1559
429,h,1,1,1228,1228,1673,1673,14.3,1213,1352,1210,1417,1214,1481,1223,1542,1244,1599,1282,1644,1333,1676,1388,1698,1449,1710,1509,1707,1561,1687,1606,1654,1639,1608,1661,1556,1677,1502,1686,1445,1688,1390,1278,1299,1316,1270,1366,1266,1416,1276,1462,1292,1515,1301,1558,1295,1601,1295,1641,1308,1663,1341,1486,1336,1486,1368,1486,1398,1486,1432,1419,1475,1448,1481,1476,1489,1504,1487,1531,1487,1325,1327,1356,1312,1387,1317,1412,1345,1382,1340,1351,1335,1540,1359,1569,1337,1599,1339,1623,1360,1599,1363,1569,1361,1368,1560,1407,1532,1447,1523,1473,1533,1502,1530,1535,1546,1560,1578,1528,1590,1494,1598,1463,1598,1435,1592,1399,1578,1382,1558,1444,1551,1470,1556,1500,1557,1546,1574,1497,1568,1467,1567,1440,1563
430,h,1,1,1176,1176,1711,1711,14.333333333333334,1216,1350,1209,1415,1211,1481,1219,1543,1244,1600,1285,1644,1338,1674,1394,1697,1454,1708,1512,1705,1564,1684,1611,1653,1645,1610,1671,1560,1688,1506,1696,1451,1698,1397,1289,1293,1330,1267,1379,1268,1429,1280,1475,1296,1519,1304,1563,1299,1606,1300,1646,1312,1669,1342,1494,1341,1494,1372,1494,1401,1493,1433,1424,1478,1454,1485,1482,1492,1510,1491,1537,1491,1332,1329,1363,1314,1394,1320,1418,1349,1390,1343,1358,1337,1549,1364,1577,1340,1607,1343,1630,1365,1606,1367,1578,1365,1371,1564,1411,1534,1452,1526,1479,1536,1509,1533,1541,1549,1565,1581,1533,1593,1501,1601,1469,1601,1440,1596,1404,1583,1386,1563,1449,1555,1476,1559,1506,1561,1551,1577,1503,1570,1472,1570,1445,1565
431,h,1,1,1176,1176,1711,1711,14.366666666666667,1216,1350,1209,1415,1211,1481,1219,1543,1244,1600,1285,1644,1338,1674,1394,1697,1454,1708,1512,1705,1564,1684,1611,1653,1645,1610,1671,1560,1688,1506,1696,1451,1698,1397,1289,1293,1330,1267,1379,1268,1429,1280,1475,1296,1519,1304,1563,1299,1606,1300,1646,1312,1669,1342,1494,1341,1494,1372,1494,1401,1493,1433,1424,1478,1454,1485,1482,1492,1510,1491,1537,1491,1332,1329,1363,1314,1394,1320,1418,1349,1390,1343,1358,1337,1549,1364,1577,1340,1607,1343,1630,1365,1606,1367,1578,1365,1371,1564,1411,1534,1452,1526,1479,1536,1509,1533,1541,1549,1565,1581,1533,1593,1501,1601,1469,1601,1440,1596,1404,1583,1386,1563,1449,1555,1476,1559,1506,1561,1551,1577,1503,1570,1472,1570,1445,1565
432,h,1,1,1277,1228,1723,1673,14.4,1224,1354,1223,1417,1228,1479,1236,1541,1255,1599,1293,1645,1345,1677,1400,1701,1460,1713,1519,1712,1571,1691,1616,1658,1648,1614,1670,1563,1687,1509,1698,1452,1702,1396,1290,1302,1328,1273,1379,1269,1430,1280,1478,1297,1525,1308,1569,1302,1614,1303,1655,1317,1678,1350,1497,1339,1497,1371,1498,1402,1498,1436,1431,1479,1459,1486,1488,1493,1516,1493,1543,1491,1336,1330,1366,1315,1397,1319,1424,1347,1392,1342,1361,1337,1552,1363,1581,1343,1612,1345,1636,1367,1610,1369,1580,1366,1378,1564,1418,1536,1458,1529,1487,1538,1514,1535,1546,1550,1570,1582,1539,1596,1506,1605,1476,1605,1446,1599,1410,1584,1393,1563,1455,1556,1484,1561,1511,1562,1556,1579,1509,1573,1481,1573,1451,1568
433,h,1,1,1277,1228,1723,1673,14.433333333333334,1232,1349,1228,1414,1232,1478,1240,1541,1260,1600,1297,1647,1349,1680,1404,1705,1466,1717,1526,1715,1578,1693,1623,1660,1656,1615,1678,1562,1695,1508,1705,1451,1707,1395,1300,1299,1339,1272,1390,1270,1439,1282,1486,1298,1533,1308,1577,1303,1621,1304,1661,1318,1684,1350,1505,1343,1505,1374,1505,1405,1505,1438,1437,1481,1466,1488,1495,1496,1523,1495,1550,1494,1344,1330,1375,1316,1406,1321,1432,1349,1401,1345,1370,1339,1561,1365,1590,1345,1620,1348,1644,1369,1619,1371,1589,1368,1385,1567,1424,1538,1465,1531,1493,1540,1520,1537,1553,1553,1577,1586,1546,1599,1513,1608,1483,1607,1453,1601,1417,1586,1400,1565,1461,1559,1490,1564,1518,1565,1563,1581,1516,1576,1487,1576,1458,1571
434,h,1,1,1277,1228,1723,1673,14.466666666666667,1235,1351,1230,1415,1232,1479,1239,1542,1260,1601,1300,1647,1354,1679,1411,1704,1472,1715,1532,1713,1584,1691,1629,1660,1662,1616,1684,1565,1700,1512,1710,1456,1713,1402,1305,1300,1345,1272,1397,1270,1448,1283,1495,1300,1540,1312,1583,1306,1628,1307,1669,1319,1693,1352,1514,1346,1513,1377,1513,1407,1513,1440,1444,1484,1473,1490,1502,1498,1529,1497,1556,1496,1350,1332,1381,1317,1413,1323,1439,1352,1407,1347,1376,1341,1566,1369,1595,1347,1626,1349,1650,1372,1625,1375,1594,1372,1391,1568,1431,1541,1471,1533,1498,1542,1526,1539,1558,1556,1582,1588,1551,1602,1518,1610,1489,1609,1459,1604,1423,1589,1406,1567,1468,1560,1496,1565,1523,1566,1568,1584,1521,1579,1493,1578,1465,1574
435,h,1,1,1277,1228,1723,1673,14.5,1235,1351,1230,1415,1232,1479,1239,1542,1260,1601,1300,1647,1354,1679,1411,1704,1472,1715,1532,1713,1584,1691,1629,1660,1662,1616,1684,1565,1700,1512,1710,1456,1713,1402,1305,1300,1345,1272,1397,1270,1448,1283,1495,1300,1540,1312,1583,1306,1628,1307,1669,1319,1693,1352,1514,1346,1513,1377,1513,1407,1513,1440,1444,1484,1473,1490,1502,1498,1529,1497,1556,1496,1350,1332,1381,1317,1413,1323,1439,1352,1407,1347,1376,1341,1566,1369,1595,1347,1626,1349,1650,1372,1625,1375,1594,1372,1391,1568,1431,1541,1471,1533,1498,1542,1526,1539,1558,1556,1582,1588,1551,1602,1518,1610,1489,1609,1459,1604,1423,1589,1406,1567,1468,1560,1496,1565,1523,1566,1568,1584,1521,1579,1493,1578,1465,1574
436,h,1,1,1277,1228,1723,1673,14.533333333333333,1240,1356,1237,1420,1241,1485,1249,1548,1270,1607,1310,1653,1362,1685,1419,1709,1481,1721,1541,1718,1592,1696,1636,1663,1668,1619,1689,1568,1706,1515,1717,1458,1720,1403,1309,1302,1349,1274,1401,1271,1451,1283,1499,1300,1549,1313,1592,1307,1637,1309,1678,1322,1702,1356,1520,1347,1520,1379,1520,1410,1521,1443,1451,1486,1480,1493,1509,1501,1537,1500,1564,1499,1355,1334,1386,1319,1418,1324,1444,1353,1413,1348,1381,1343,1574,1371,1603,1349,1634,1352,1658,1374,1633,1377,1602,1374,1396,1571,1437,1544,1478,1536,1506,1545,1534,1542,1565,1559,1589,1592,1558,1605,1526,1613,1496,1612,1466,1607,1429,1591,1411,1570,1475,1564,1503,1569,1531,1570,1575,1587,1529,1581,1500,1581,1471,1576
437,h,1,1,1277,1228,1723,1673,14.566666666666666,1242,1359,1239,1425,1241,1491,1250,1555,1273,1614,1314,1659,1369,1690,1425,1713,1486,1725,1545,1722,1597,1700,1643,1667,1675,1624,1698,1573,1716,1521,1727,1465,1730,1411,1317,1303,1358,1275,1409,1272,1460,1285,1507,1303,1556,1315,1600,1310,1644,1311,1685,1325,1709,1357,1527,1349,1527,1381,1527,1412,1527,1445,1457,1487,1486,1495,1515,1503,1543,1503,1568,1501,1362,1335,1394,1319,1426,1324,1451,1354,1420,1349,1388,1343,1580,1373,1610,1350,1641,1354,1665,1377,1640,1379,1609,1376,1402,1572,1442,1545,1484,1536,1511,1546,1539,1543,1571,1560,1594,1593,1563,1608,1530,1617,1500,1616,1471,1610,1434,1594,1417,1571,1480,1566,1508,1571,1536,1572,1580,1589,1533,1584,1505,1583,1477,1579
438,h,1,1,1277,1228,1723,1673,14.6,1248,1359,1244,1425,1246,1491,1254,1554,1276,1613,1317,1658,1371,1689,1427,1714,1487,1728,1546,1726,1598,1705,1645,1673,1678,1629,1701,1578,1719,1524,1730,1468,1734,1411,1323,1302,1363,1274,1415,1272,1465,1286,1513,1302,1561,1315,1605,1311,1650,1312,1692,1325,1716,1358,1533,1350,1533,1381,1533,1412,1533,1446,1462,1488,1491,1496,1520,1504,1548,1503,1575,1502,1369,1334,1400,1319,1432,1325,1457,1354,1426,1349,1395,1343,1586,1373,1616,1352,1646,1355,1670,1378,1645,1380,1614,1377,1405,1575,1446,1546,1490,1537,1516,1547,1544,1544,1577,1562,1600,1597,1569,1610,1535,1618,1505,1617,1476,1612,1439,1596,1420,1574,1486,1566,1513,1571,1541,1572,1586,1592,1539,1586,1510,1586,1482,1581
439,h,1,1,1277,1228,1723,1673,14.633333333333333,1248,1359,1244,1425,1246,1491,1254,1554,1276,1613,1317,1658,1371,1689,1427,1714,1487,1728,1546,1726,1598,1705,1645,1673,1678,1629,1701,1578,1719,1524,1730,1468,1734,1411,1323,1302,1363,1274,1415,1272,1465,1286,1513,1302,1561,1315,1605,1311,1650,1312,1692,1325,1716,1358,1533,1350,1533,1381,1533,1412,1533,1446,1462,1488,1491,1496,1520,1504,1548,1503,1575,1502,1369,1334,1400,1319,1432,1325,1457,1354,1426,1349,1395,1343,1586,1373,1616,1352,1646,1355,1670,1378,1645,1380,1614,1377,1405,1575,1446,1546,1490,1537,1516,1547,1544,1544,1577,1562,1600,1597,1569,1610,1535,1618,1505,1617,1476,1612,1439,1596,1420,1574,1486,1566,1513,1571,1541,1572,1586,1592,1539,1586,1510,1586,1482,1581
440,h,1,1,1277,1228,1723,1673,14.666666666666666,1250,1356,1246,1422,1249,1487,1256,1551,1278,1611,1318,1658,1372,1690,1429,1717,1490,1731,1551,1729,1605,1707,1651,1673,1683,1628,1706,1577,1724,1523,1734,1467,1738,1411,1325,1304,1365,1275,1418,1272,1470,1286,1518,1304,1566,1317,1611,1312,1656,1314,1698,1327,1721,1361,1538,1351,1538,1383,1538,1414,1538,1448,1467,1490,1496,1497,1525,1506,1553,1505,1579,1504,1373,1335,1404,1319,1437,1325,1462,1355,1431,1349,1399,1343,1591,1374,1621,1352,1651,1356,1676,1380,1650,1381,1620,1377,1411,1575,1452,1547,1494,1539,1521,1549,1550,1546,1582,1564,1605,1598,1574,1613,1541,1621,1510,1620,1481,1614,1444,1598,1426,1574,1491,1567,1518,1572,1546,1573,1590,1593,1544,1589,1515,1588,1487,1583
441,h,1,1,1277,1228,1723,1673,14.7,1256,1356,1252,1423,1255,1490,1263,1554,1285,1613,1326,1660,1380,1693,1435,1719,1495,1733,1555,1731,1608,1709,1654,1676,1687,1632,1710,1581,1728,1528,1739,1472,1744,1416,1333,1302,1374,1276,1426,1275,1477,1287,1524,1304,1571,1316,1616,1313,1661,1316,1702,1330,1725,1362,1543,1352,1542,1384,1542,1415,1542,1449,1472,1491,1501,1498,1529,1507,1557,1506,1583,1505,1378,1337,1409,1322,1442,1327,1466,1356,1436,1352,1404,1346,1595,1375,1625,1354,1656,1357,1680,1381,1655,1383,1624,1379,1414,1575,1456,1547,1498,1540,1525,1550,1554,1547,1586,1564,1609,1598,1578,1613,1545,1622,1514,1621,1485,1615,1448,1599,1429,1575,1494,1568,1522,1573,1551,1574,1594,1593,1548,1590,1519,1590,1491,1585
442,h,1,1,1236,1176,1771,1711,14.733333333333333,1258,1358,1253,1424,1254,1490,1263,1555,1288,1613,1332,1658,1387,1691,1443,1716,1501,1731,1559,1729,1612,1705,1657,1673,1691,1629,1717,1578,1736,1524,1747,1469,1750,1414,1339,1300,1382,1275,1433,1276,1484,1288,1531,1304,1574,1316,1618,1313,1661,1316,1702,1330,1724,1362,1548,1353,1548,1385,1548,1415,1548,1448,1475,1491,1505,1500,1534,1509,1563,1508,1589,1506,1382,1337,1413,1322,1446,1328,1469,1358,1440,1352,1408,1346,1601,1378,1630,1356,1661,1360,1684,1382,1660,1384,1630,1381,1417,1578,1459,1548,1503,1540,1529,1551,1559,1548,1592,1567,1616,1603,1584,1617,1550,1624,1519,1622,1489,1616,1451,1600,1433,1577,1499,1569,1527,1574,1556,1577,1602,1597,1553,1592,1523,1591,1495,1585
443,h,1,1,1236,1176,1771,1711,14.766666666666667,1258,1358,1253,1424,1254,1490,1263,1555,1288,1613,1332,1658,1387,1691,1443,1716,1501,1731,1559,1729,1612,1705,1657,1673,1691,1629,1717,1578,1736,1524,1747,1469,1750,1414,1339,1300,1382,1275,1433,1276,1484,1288,1531,1304,1574,1316,1618,1313,1661,1316,1702,1330,1724,1362,1548,1353,1548,1385,1548,1415,1548,1448,1475,1491,1505,1500,1534,1509,1563,1508,1589,1506,1382,1337,1413,1322,1446,1328,1469,1358,1440,1352,1408,1346,1601,1378,1630,1356,1661,1360,1684,1382,1660,1384,1630,1381,1417,1578,1459,1548,1503,1540,1529,1551,1559,1548,1592,1567,1616,1603,1584,1617,1550,1624,1519,1622,1489,1616,1451,1600,1433,1577,1499,1569,1527,1574,1556,1577,1602,1597,1553,1592,1523,1591,1495,1585
444,h,1,1,1236,1176,1771,1711,14.8,1261,1358,1253,1426,1253,1494,1261,1559,1286,1618,1331,1663,1388,1694,1444,1720,1503,1734,1561,1732,1613,1707,1659,1675,1694,1631,1720,1580,1739,1527,1750,1470,1754,1415,1344,1300,1386,1275,1437,1276,1487,1288,1534,1305,1580,1317,1624,1314,1667,1318,1707,1330,1730,1361,1553,1354,1552,1385,1551,1416,1550,1449,1477,1492,1507,1500,1537,1510,1566,1509,1593,1508,1386,1337,1417,1323,1449,1329,1473,1358,1444,1352,1412,1346,1605,1378,1634,1357,1664,1361,1688,1383,1663,1384,1634,1382,1421,1579,1462,1549,1504,1541,1532,1552,1563,1549,1596,1568,1620,1604,1587,1617,1553,1624,1521,1622,1491,1616,1454,1600,1436,1578,1501,1571,1529,1576,1559,1578,1605,1599,1557,1592,1526,1590,1497,1585
466,h,1,1,1236,1176,1771,1711,15.533333333333333,1259,1362,1255,1429,1256,1495,1265,1560,1288,1618,1332,1663,1388,1694,1444,1718,1504,1733,1560,1732,1613,1710,1662,1679,1698,1636,1723,1584,1740,1530,1750,1472,1754,1415,1341,1303,1381,1275,1431,1271,1482,1279,1529,1295,1582,1307,1627,1306,1671,1311,1709,1329,1729,1363,1551,1348,1551,1380,1551,1410,1551,1444,1479,1489,1509,1497,1538,1505,1566,1504,1593,1504,1387,1334,1417,1319,1450,1325,1474,1355,1445,1350,1413,1344,1604,1374,1634,1353,1664,1357,1687,1381,1663,1382,1632,1379,1421,1575,1464,1545,1507,1538,1533,1547,1563,1544,1596,1563,1621,1599,1588,1611,1554,1617,1522,1616,1494,1610,1456,1596,1436,1574,1503,1565,1530,1570,1559,1572,1607,1593,1557,1586,1526,1585,1499,1580
467,h,1,1,1236,1176,1771,1711,15.566666666666666,1252,1363,1248,1431,1250,1498,1259,1562,1284,1620,1329,1664,1387,1694,1444,1719,1504,1733,1561,1731,1613,1709,1661,1677,1696,1633,1721,1581,1737,1527,1747,1470,1750,1414,1335,1306,1375,1275,1427,1270,1479,1278,1528,1294,1578,1305,1623,1303,1667,1308,1706,1327,1725,1362,1547,1348,1547,1380,1548,1411,1548,1445,1476,1490,1506,1497,1536,1506,1564,1505,1590,1504,1382,1334,1413,1319,1446,1324,1470,1355,1440,1350,1408,1344,1601,1374,1630,1351,1661,1355,1683,1380,1660,1381,1630,1378,1418,1575,1460,1546,1503,1538,1530,1548,1561,1545,1594,1564,1619,1600,1586,1612,1551,1618,1520,1616,1490,1610,1452,1596,1434,1574,1500,1567,1528,1572,1557,1574,1604,1594,1554,1585,1524,1584,1496,1579
468,h,1,1,1236,1176,1771,1711,15.6,1249,1367,1247,1434,1251,1500,1260,1563,1285,1620,1329,1663,1385,1693,1441,1718,1501,1733,1557,1732,1609,1710,1656,1678,1692,1634,1717,1582,1735,1527,1745,1470,1748,1414,1332,1306,1370,1276,1420,1270,1471,1278,1519,1294,1576,1305,1620,1303,1664,1309,1703,1326,1723,1361,1542,1346,1542,1379,1542,1410,1542,1445,1472,1489,1502,1497,1531,1505,1559,1504,1586,1503,1377,1335,1408,1318,1441,1323,1465,1355,1436,1350,1403,1344,1597,1373,1627,1350,1658,1354,1681,1379,1657,1381,1626,1378,1414,1577,1457,1547,1500,1538,1528,1548,1558,1545,1592,1564,1616,1601,1584,1612,1549,1618,1518,1617,1487,1611,1449,1597,1429,1576,1497,1568,1525,1572,1555,1574,1602,1595,1552,1587,1522,1585,1493,1580
469,h,1,1,1236,1176,1771,1711,15.633333333333333,1249,1367,1247,1434,1251,1500,1260,1563,1285,1620,1329,1663,1385,1693,1441,1718,1501,1733,1557,1732,1609,1710,1656,1678,1692,1634,1717,1582,1735,1527,1745,1470,1748,1414,1332,1306,1370,1276,1420,1270,1471,1278,1519,1294,1576,1305,1620,1303,1664,1309,1703,1326,1723,1361,1542,1346,1542,1379,1542,1410,1542,1445,1472,1489,1502,1497,1531,1505,1559,1504,1586,1503,1377,1335,1408,1318,1441,1323,1465,1355,1436,1350,1403,1344,1597,1373,1627,1350,1658,1354,1681,1379,1657,1381,1626,1378,1414,1577,1457,1547,1500,1538,1528,1548,1558,1545,1592,1564,1616,1601,1584,1612,1549,1618,1518,1617,1487,1611,1449,1597,1429,1576,1497,1568,1525,1572,1555,1574,1602,1595,1552,1587,1522,1585,1493,1580
470,h,1,1,1236,1176,1771,1711,15.666666666666666,1255,1357,1252,1424,1255,1490,1265,1553,1288,1612,1330,1659,1384,1691,1439,1716,1498,1729,1555,1728,1607,1706,1652,1674,1687,1629,1712,1578,1730,1524,1739,1468,1742,1413,1332,1302,1372,1275,1420,1270,1470,1279,1517,1293,1575,1304,1618,1303,1662,1308,1700,1325,1721,1358,1540,1346,1540,1379,1540,1411,1541,1445,1470,1490,1500,1497,1529,1506,1557,1505,1583,1504,1376,1335,1407,1319,1440,1325,1464,1355,1434,1351,1402,1345,1595,1374,1625,1351,1657,1355,1679,1379,1655,1381,1624,1378,1412,1578,1454,1548,1497,1538,1525,1549,1555,1546,1588,1564,1612,1600,1579,1612,1545,1618,1513,1617,1483,1611,1446,1598,1428,1577,1493,1569,1522,1573,1551,1575,1597,1594,1549,1586,1518,1584,1489,1580
471,h,1,1,1277,1228,1723,1673,15.7,1246,1366,1243,1433,1247,1499,1255,1562,1278,1620,1319,1665,1374,1696,1431,1719,1492,1732,1552,1730,1604,1708,1652,1677,1685,1633,1708,1582,1726,1529,1738,1474,1743,1418,1322,1308,1361,1277,1412,1270,1465,1278,1513,1293,1573,1305,1618,1303,1663,1309,1703,1325,1724,1360,1538,1347,1538,1380,1538,1412,1538,1446,1468,1489,1497,1497,1526,1505,1554,1504,1579,1503,1372,1337,1403,1320,1437,1325,1462,1356,1431,1351,1398,1346,1591,1374,1621,1350,1653,1354,1677,1378,1652,1381,1620,1377,1411,1576,1452,1548,1494,1539,1521,1550,1550,1546,1582,1564,1605,1597,1574,1610,1541,1617,1510,1616,1481,1611,1444,1597,1425,1575,1490,1567,1518,1572,1547,1573,1591,1592,1544,1586,1515,1585,1487,1581
472,h,1,1,1277,1228,1723,1673,15.733333333333333,1240,1368,1237,1434,1241,1499,1249,1563,1272,1622,1314,1668,1371,1699,1428,1723,1490,1736,1551,1734,1602,1712,1650,1679,1684,1635,1707,1583,1725,1529,1736,1473,1741,1418,1319,1308,1359,1277,1410,1271,1462,1279,1511,1294,1567,1305,1613,1303,1658,1309,1698,1327,1720,1362,1534,1346,1533,1379,1533,1412,1533,1446,1463,1491,1492,1498,1521,1506,1550,1504,1576,1503,1369,1337,1400,1320,1433,1325,1458,1356,1428,1352,1395,1346,1588,1374,1619,1351,1650,1355,1674,1380,1649,1382,1617,1378,1406,1576,1448,1549,1489,1540,1517,1550,1546,1547,1579,1564,1604,1598,1571,1612,1538,1619,1507,1618,1478,1612,1440,1598,1421,1575,1486,1567,1514,1572,1543,1573,1590,1593,1541,1587,1512,1586,1483,1582
473,h,1,1,1277,1228,1723,1673,15.766666666666667,1240,1368,1237,1434,1241,1499,1249,1563,1272,1622,1314,1668,1371,1699,1428,1723,1490,1736,1551,1734,1602,1712,1650,1679,1684,1635,1707,1583,1725,1529,1736,1473,1741,1418,1319,1308,1359,1277,1410,1271,1462,1279,1511,1294,1567,1305,1613,1303,1658,1309,1698,1327,1720,1362,1534,1346,1533,1379,1533,1412,1533,1446,1463,1491,1492,1498,1521,1506,1550,1504,1576,1503,1369,1337,1400,1320,1433,1325,1458,1356,1428,1352,1395,1346,1588,1374,1619,1351,1650,1355,1674,1380,1649,1382,1617,1378,1406,1576,1448,1549,1489,1540,1517,1550,1546,1547,1579,1564,1604,1598,1571,1612,1538,1619,1507,1618,1478,1612,1440,1598,1421,1575,1486,1567,1514,1572,1543,1573,1590,1593,1541,1587,1512,1586,1483,1582
474,h,1,1,1277,1228,1723,1673,15.8,1240,1366,1237,1432,1240,1497,1249,1560,1271,1619,1313,1665,1369,1696,1427,1719,1487,1732,1547,1729,1598,1707,1646,1676,1680,1633,1705,1582,1723,1528,1734,1472,1739,1416,1319,1306,1358,1277,1409,1270,1461,1279,1509,1295,1563,1306,1609,1304,1654,1309,1695,1326,1717,1362,1532,1347,1531,1380,1531,1412,1530,1447,1460,1491,1490,1498,1519,1507,1547,1505,1574,1504,1366,1337,1397,1321,1430,1326,1456,1356,1425,1351,1392,1346,1585,1374,1616,1352,1647,1356,1671,1380,1646,1382,1614,1378,1403,1577,1445,1550,1487,1541,1514,1551,1544,1548,1576,1565,1600,1598,1568,1612,1535,1620,1504,1619,1474,1613,1437,1599,1418,1576,1484,1569,1511,1574,1541,1575,1586,1593,1538,1587,1508,1587,1480,1582
475,h,1,1,1277,1228,1723,1673,15.833333333333334,1243,1366,1240,1431,1243,1496,1250,1559,1271,1617,1312,1663,1367,1693,1424,1718,1485,1731,1546,1729,1599,1708,1647,1677,1681,1633,1704,1582,1723,1529,1734,1473,1739,1417,1319,1306,1358,1277,1407,1271,1458,1279,1505,1294,1561,1307,1607,1304,1652,1310,1693,1327,1717,1362,1529,1347,1528,1380,1527,1413,1527,1447,1458,1491,1487,1498,1516,1507,1544,1505,1571,1504,1364,1337,1395,1320,1428,1325,1453,1356,1422,1352,1389,1346,1582,1375,1613,1352,1645,1356,1669,1380,1644,1383,1612,1380,1402,1576,1443,1550,1485,1542,1512,1552,1541,1548,1574,1566,1599,1598,1566,1612,1532,1620,1502,1619,1472,1613,1435,1599,1417,1575,1481,1569,1509,1574,1538,1576,1585,1594,1536,1587,1506,1586,1478,1582
476,h,1,1,1277,1228,1723,1673,15.866666666666667,1243,1366,1240,1431,1243,1496,1250,1559,1271,1617,1312,1663,1367,1693,1424,1718,1485,1731,1546,1729,1599,1708,1647,1677,1681,1633,1704,1582,1723,1529,1734,1473,1739,1417,1319,1306,1358,1277,1407,1271,1458,1279,1505,1294,1561,1307,1607,1304,1652,1310,1693,1327,1717,1362,1529,1347,1528,1380,1527,1413,1527,1447,1458,1491,1487,1498,1516,1507,1544,1505,1571,1504,1364,1337,1395,1320,1428,1325,1453,1356,1422,1352,1389,1346,1582,1375,1613,1352,1645,1356,1669,1380,1644,1383,1612,1380,1402,1576,1443,1550,1485,1542,1512,1552,1541,1548,1574,1566,1599,1598,1566,1612,1532,1620,1502,1619,1472,1613,1435,1599,1417,1575,1481,1569,1509,1574,1538,1576,1585,1594,1536,1587,1506,1586,1478,1582
477,h,1,1,1277,1228,1723,1673,15.9,1240,1366,1238,1432,1242,1496,1250,1559,1271,1617,1312,1663,1367,1693,1423,1717,1484,1730,1543,1729,1595,1708,1641,1677,1675,1634,1698,1584,1716,1531,1726,1475,1730,1419,1314,1306,1353,1277,1403,1270,1454,1279,1502,1294,1560,1306,1605,1305,1651,1310,1691,1328,1712,1363,1526,1347,1526,1380,1525,1413,1525,1448,1456,1491,1485,1498,1514,1507,1542,1505,1568,1504,1361,1337,1392,1321,1425,1326,1450,1357,1419,1352,1386,1347,1581,1376,1611,1352,1643,1356,1667,1381,1642,1383,1610,1380,1399,1577,1441,1550,1482,1541,1510,1551,1539,1547,1571,1565,1596,1598,1564,1612,1531,1620,1500,1619,1471,1614,1433,1600,1414,1576,1479,1569,1507,1574,1536,1575,1581,1593,1534,1587,1504,1587,1476,1582
478,h,1,1,1277,1228,1723,1673,15.933333333333334,1234,1369,1233,1435,1238,1499,1247,1561,1270,1619,1311,1664,1365,1694,1421,1717,1484,1730,1543,1728,1595,1706,1642,1675,1675,1631,1698,1580,1715,1526,1725,1470,1728,1415,1310,1307,1349,1278,1398,1272,1449,1280,1497,1294,1558,1307,1603,1305,1647,1310,1687,1328,1709,1362,1523,1346,1523,1380,1523,1412,1523,1447,1454,1491,1483,1498,1512,1507,1540,1505,1566,1504,1357,1338,1388,1321,1421,1326,1447,1356,1415,1352,1383,1347,1579,1374,1609,1352,1641,1356,1665,1380,1639,1382,1608,1379,1397,1578,1439,1550,1481,1542,1509,1552,1538,1548,1569,1565,1594,1598,1563,1611,1530,1618,1500,1617,1470,1612,1433,1599,1412,1577,1478,1570,1506,1575,1535,1576,1580,1593,1533,1587,1503,1586,1475,1582
479,h,1,1,1277,1228,1723,1673,15.966666666666667,1236,1363,1234,1430,1239,1495,1247,1557,1269,1616,1309,1661,1363,1693,1419,1717,1481,1729,1540,1727,1591,1705,1637,1674,1671,1631,1694,1581,1712,1528,1723,1472,1727,1416,1310,1306,1350,1278,1400,1272,1450,1280,1498,1295,1557,1308,1602,1306,1646,1311,1686,1328,1708,1363,1521,1346,1520,1380,1520,1412,1520,1447,1450,1490,1480,1497,1510,1506,1538,1504,1565,1503,1355,1337,1387,1321,1420,1326,1446,1356,1415,1352,1382,1347,1576,1374,1607,1352,1639,1355,1663,1380,1637,1382,1606,1378,1395,1576,1436,1549,1477,1540,1506,1550,1535,1547,1567,1564,1593,1597,1560,1611,1526,1619,1496,1618,1466,1612,1429,1598,1410,1575,1474,1567,1503,1573,1532,1573,1578,1592,1529,1586,1500,1586,1471,1581
480,h,1,1,1277,1228,1723,1673,16.0,1236,1363,1234,1430,1239,1495,1247,1557,1269,1616,1309,1661,1363,1693,1419,1717,1481,1729,1540,1727,1591,1705,1637,1674,1671,1631,1694,1581,1712,1528,1723,1472,1727,1416,1310,1306,1350,1278,1400,1272,1450,1280,1498,1295,1557,1308,1602,1306,1646,1311,1686,1328,1708,1363,1521,1346,1520,1380,1520,1412,1520,1447,1450,1490,1480,1497,1510,1506,1538,1504,1565,1503,1355,1337,1387,1321,1420,1326,1446,1356,1415,1352,1382,1347,1576,1374,1607,1352,1639,1355,1663,1380,1637,1382,1606,1378,1395,1576,1436,1549,1477,1540,1506,1550,1535,1547,1567,1564,1593,1597,1560,1611,1526,1619,1496,1618,1466,1612,1429,1598,1410,1575,1474,1567,1503,1573,1532,1573,1578,1592,1529,1586,1500,1586,1471,1581
481,h,1,1,1277,1228,1723,1673,16.033333333333335,1233,1367,1230,1433,1233,1497,1241,1560,1263,1619,1304,1665,1359,1696,1415,1721,1478,1735,1539,1732,1591,1709,1638,1677,1672,1632,1695,1581,1712,1526,1722,1470,1725,1414,1308,1304,1347,1276,1396,1270,1447,1279,1493,1295,1553,1306,1597,1303,1642,1307,1681,1325,1703,1360,1518,1344,1517,1378,1517,1411,1517,1447,1448,1491,1477,1498,1507,1506,1535,1505,1561,1503,1352,1337,1382,1319,1416,1324,1442,1356,1411,1351,1377,1346,1574,1373,1604,1349,1636,1353,1660,1378,1635,1380,1603,1377,1393,1576,1433,1549,1474,1540,1503,1550,1532,1547,1565,1564,1590,1597,1558,1611,1525,1619,1494,1618,1463,1612,1426,1597,1407,1575,1471,1569,1500,1575,1530,1575,1576,1593,1528,1586,1497,1585,1468,1580
482,h,1,1,1277,1228,1723,1673,16.066666666666666,1230,1366,1229,1431,1234,1494,1243,1556,1264,1614,1304,1660,1358,1692,1414,1717,1477,1730,1538,1729,1590,1708,1636,1675,1669,1630,1691,1579,1709,1525,1720,1469,1724,1413,1304,1306,1343,1277,1393,1271,1444,1279,1491,1293,1549,1304,1594,1302,1639,1307,1679,1324,1701,1359,1515,1343,1515,1377,1515,1410,1515,1446,1447,1490,1476,1497,1505,1505,1533,1504,1559,1503,1349,1337,1380,1320,1414,1324,1439,1355,1408,1351,1375,1346,1571,1373,1602,1349,1634,1353,1658,1378,1632,1380,1601,1377,1391,1576,1431,1548,1473,1539,1501,1549,1530,1546,1564,1563,1589,1598,1556,1611,1522,1618,1492,1618,1461,1611,1424,1597,1406,1575,1470,1569,1499,1574,1528,1575,1575,1593,1525,1585,1496,1585,1466,1579
483,h,1,1,1277,1228,1723,1673,16.1,1230,1366,1228,1430,1232,1494,1240,1556,1261,1616,1301,1663,1355,1696,1412,1720,1475,1734,1536,1732,1589,1711,1635,1678,1667,1632,1689,1580,1706,1526,1716,1469,1719,1412,1302,1307,1339,1276,1390,1269,1441,1277,1490,1293,1547,1305,1591,1302,1636,1306,1676,1324,1697,1360,1514,1341,1513,1376,1513,1409,1514,1445,1445,1489,1474,1497,1503,1505,1532,1503,1558,1501,1350,1336,1381,1321,1413,1326,1439,1352,1408,1348,1376,1344,1569,1371,1599,1351,1630,1355,1654,1378,1627,1379,1597,1375,1389,1575,1430,1548,1472,1540,1501,1549,1529,1546,1562,1563,1587,1596,1554,1610,1521,1617,1490,1617,1460,1611,1422,1597,1404,1574,1469,1568,1498,1573,1526,1574,1573,1591,1524,1584,1494,1584,1465,1579
484,h,1,1,1277,1228,1723,1673,16.133333333333333,1230,1366,1228,1430,1232,1494,1240,1556,1261,1616,1301,1663,1355,1696,1412,1720,1475,1734,1536,1732,1589,1711,1635,1678,1667,1632,1689,1580,1706,1526,1716,1469,1719,1412,1302,1307,1339,1276,1390,1269,1441,1277,1490,1293,1547,1305,1591,1302,1636,1306,1676,1324,1697,1360,1514,1341,1513,1376,1513,1409,1514,1445,1445,1489,1474,1497,1503,1505,1532,1503,1558,1501,1350,1336,1381,1321,1413,1326,1439,1352,1408,1348,1376,1344,1569,1371,1599,1351,1630,1355,1654,1378,1627,1379,1597,1375,1389,1575,1430,1548,1472,1540,1501,1549,1529,1546,1562,1563,1587,1596,1554,1610,1521,1617,1490,1617,1460,1611,1422,1597,1404,1574,1469,1568,1498,1573,1526,1574,1573,1591,1524,1584,1494,1584,1465,1579
485,h,1,1,1277,1228,1723,1673,16.166666666666668,1234,1360,1232,1426,1236,1491,1243,1553,1263,1614,1301,1662,1353,1696,1409,1722,1472,1734,1533,1732,1586,1709,1633,1676,1665,1631,1687,1578,1704,1522,1714,1465,1718,1407,1302,1311,1339,1278,1391,1270,1443,1278,1491,1293,1547,1304,1591,1301,1636,1306,1675,1323,1696,1360,1515,1342,1514,1376,1513,1409,1513,1444,1443,1488,1472,1496,1502,1504,1531,1502,1558,1501,1353,1339,1383,1322,1416,1326,1442,1356,1411,1353,1378,1348,1567,1373,1597,1351,1629,1354,1653,1378,1627,1381,1596,1378,1388,1575,1429,1547,1470,1538,1498,1549,1528,1545,1561,1561,1587,1595,1554,1609,1519,1616,1488,1616,1459,1610,1422,1597,1404,1574,1467,1567,1496,1572,1525,1573,1572,1591,1522,1584,1492,1584,1463,1579
486,h,1,1,1277,1228,1723,1673,16.2,1234,1358,1232,1424,1236,1488,1243,1551,1264,1611,1304,1659,1357,1693,1412,1719,1475,1732,1536,1729,1588,1706,1635,1673,1666,1627,1687,1574,1703,1519,1713,1463,1716,1406,1301,1311,1337,1277,1389,1269,1441,1277,1490,1293,1543,1304,1588,1301,1633,1305,1673,1323,1693,1361,1513,1341,1513,1375,1512,1407,1512,1443,1445,1487,1473,1494,1502,1502,1530,1500,1555,1499,1352,1337,1383,1321,1415,1326,1441,1354,1410,1351,1378,1346,1566,1371,1596,1351,1627,1355,1650,1378,1625,1380,1594,1376,1390,1572,1430,1545,1471,1536,1499,1547,1527,1543,1560,1560,1586,1593,1553,1607,1519,1613,1489,1612,1459,1607,1423,1593,1405,1571,1468,1564,1496,1569,1525,1570,1572,1589,1522,1582,1493,1581,1464,1576
487,h,1,1,1277,1228,1723,1673,16.233333333333334,1232,1361,1231,1425,1235,1488,1244,1550,1265,1608,1304,1655,1357,1687,1413,1711,1476,1723,1536,1720,1586,1698,1632,1666,1664,1622,1686,1571,1702,1517,1711,1462,1714,1407,1300,1308,1338,1276,1389,1268,1440,1278,1489,1293,1543,1303,1587,1300,1632,1305,1671,1323,1690,1360,1512,1339,1513,1373,1513,1405,1513,1440,1444,1484,1473,1491,1502,1499,1530,1497,1557,1496,1351,1335,1381,1319,1413,1324,1438,1352,1408,1348,1376,1343,1565,1369,1594,1349,1625,1352,1649,1375,1623,1376,1592,1373,1389,1570,1430,1543,1471,1535,1499,1544,1527,1541,1559,1557,1586,1589,1552,1605,1519,1612,1489,1611,1460,1606,1423,1592,1403,1569,1468,1562,1496,1566,1524,1567,1572,1585,1522,1580,1493,1580,1465,1575
488,h,1,1,1277,1228,1723,1673,16.266666666666666,1232,1361,1231,1425,1235,1488,1244,1550,1265,1608,1304,1655,1357,1687,1413,1711,1476,1723,1536,1720,1586,1698,1632,1666,1664,1622,1686,1571,1702,1517,1711,1462,1714,1407,1300,1308,1338,1276,1389,1268,1440,1278,1489,1293,1543,1303,1587,1300,1632,1305,1671,1323,1690,1360,1512,1339,1513,1373,1513,1405,1513,1440,1444,1484,1473,1491,1502,1499,1530,1497,1557,1496,1351,1335,1381,1319,1413,1324,1438,1352,1408,1348,1376,1343,1565,1369,1594,1349,1625,1352,1649,1375,1623,1376,1592,1373,1389,1570,1430,1543,1471,1535,1499,1544,1527,1541,1559,1557,1586,1589,1552,1605,1519,1612,1489,1611,1460,1606,1423,1592,1403,1569,1468,1562,1496,1566,1524,1567,1572,1585,1522,1580,1493,1580,1465,1575
489,h,1,1,1277,1228,1723,1673,16.3,1230,1358,1228,1423,1232,1486,1241,1548,1262,1606,1303,1653,1356,1685,1413,1711,1475,1723,1535,1720,1586,1698,1632,1666,1665,1621,1687,1570,1703,1516,1713,1460,1716,1405,1300,1301,1340,1272,1390,1266,1441,1276,1489,1291,1544,1302,1588,1299,1632,1302,1671,1318,1692,1352,1513,1339,1513,1371,1514,1403,1515,1437,1445,1481,1474,1488,1503,1496,1531,1495,1557,1493,1349,1332,1380,1317,1412,1321,1438,1349,1407,1345,1375,1340,1567,1365,1596,1345,1627,1349,1651,1371,1626,1373,1595,1370,1390,1567,1432,1539,1473,1530,1500,1540,1528,1536,1561,1553,1586,1587,1554,1603,1520,1612,1490,1611,1461,1606,1424,1591,1405,1567,1470,1558,1497,1563,1525,1564,1571,1583,1523,1579,1494,1579,1466,1575
490,h,1,1,1277,1228,1723,1673,16.333333333333332,1231,1354,1229,1419,1233,1482,1241,1545,1263,1604,1303,1652,1357,1685,1414,1710,1477,1722,1538,1719,1588,1696,1634,1663,1666,1617,1687,1564,1702,1510,1712,1454,1713,1399,1301,1297,1340,1267,1390,1262,1442,1272,1490,1287,1544,1299,1588,1295,1632,1298,1671,1314,1692,1348,1513,1335,1513,1367,1514,1398,1515,1432,1446,1477,1475,1484,1503,1492,1531,1490,1557,1488,1349,1327,1379,1311,1411,1316,1437,1344,1406,1340,1375,1335,1567,1361,1596,1340,1626,1344,1650,1366,1625,1368,1594,1365,1391,1566,1431,1536,1473,1526,1501,1536,1529,1532,1561,1550,1585,1584,1555,1601,1521,1610,1491,1610,1461,1604,1424,1589,1406,1565,1470,1554,1498,1558,1526,1559,1571,1580,1524,1579,1495,1579,1466,1574
491,h,1,1,1277,1228,1723,1673,16.366666666666667,1231,1354,1229,1419,1233,1482,1241,1545,1263,1604,1303,1652,1357,1685,1414,1710,1477,1722,1538,1719,1588,1696,1634,1663,1666,1617,1687,1564,1702,1510,1712,1454,1713,1399,1301,1297,1340,1267,1390,1262,1442,1272,1490,1287,1544,1299,1588,1295,1632,1298,1671,1314,1692,1348,1513,1335,1513,1367,1514,1398,1515,1432,1446,1477,1475,1484,1503,1492,1531,1490,1557,1488,1349,1327,1379,1311,1411,1316,1437,1344,1406,1340,1375,1335,1567,1361,1596,1340,1626,1344,1650,1366,1625,1368,1594,1365,1391,1566,1431,1536,1473,1526,1501,1536,1529,1532,1561,1550,1585,1584,1555,1601,1521,1610,1491,1610,1461,1604,1424,1589,1406,1565,1470,1554,1498,1558,1526,1559,1571,1580,1524,1579,1495,1579,1466,1574
492,h,1,1,1277,1228,1723,1673,16.4,1231,1348,1228,1414,1231,1479,1239,1542,1260,1602,1300,1650,1353,1685,1411,1712,1475,1725,1536,1721,1587,1698,1633,1663,1664,1616,1686,1563,1702,1508,1711,1451,1713,1397,1303,1295,1341,1264,1392,1259,1443,1267,1490,1284,1545,1294,1589,1290,1633,1294,1673,1310,1693,1345,1514,1332,1514,1363,1514,1393,1515,1427,1445,1472,1474,1478,1503,1487,1531,1485,1558,1483,1350,1323,1380,1307,1412,1312,1439,1340,1408,1336,1376,1331,1567,1357,1597,1335,1627,1338,1651,1362,1626,1363,1596,1360,1391,1563,1430,1531,1473,1521,1501,1531,1530,1527,1563,1545,1586,1582,1557,1601,1523,1610,1492,1610,1462,1604,1423,1589,1405,1562,1470,1551,1498,1555,1527,1556,1572,1578,1525,1577,1495,1577,1466,1572
493,h,1,1,1236,1176,1771,1711,16.433333333333334,1233,1343,1229,1410,1233,1476,1241,1540,1265,1599,1306,1645,1360,1677,1415,1703,1475,1716,1533,1712,1586,1688,1633,1654,1666,1609,1691,1557,1708,1503,1718,1448,1720,1393,1308,1290,1345,1259,1394,1253,1445,1263,1492,1278,1548,1290,1591,1287,1634,1291,1672,1307,1694,1340,1515,1326,1514,1358,1514,1388,1514,1421,1445,1467,1474,1474,1503,1481,1532,1480,1559,1478,1352,1317,1383,1302,1415,1307,1441,1336,1409,1331,1378,1325,1570,1353,1598,1332,1629,1335,1653,1358,1627,1359,1597,1356,1392,1559,1431,1525,1473,1515,1502,1524,1531,1521,1565,1540,1588,1579,1556,1597,1522,1607,1490,1606,1460,1601,1423,1585,1407,1558,1470,1544,1498,1548,1527,1550,1574,1574,1525,1574,1495,1573,1466,1569
494,h,1,1,1236,1176,1771,1711,16.466666666666665,1230,1343,1226,1408,1228,1473,1237,1536,1263,1595,1306,1641,1359,1676,1416,1701,1477,1714,1535,1711,1588,1687,1634,1651,1668,1605,1692,1553,1710,1499,1720,1443,1723,1388,1311,1283,1349,1254,1399,1250,1449,1258,1497,1273,1546,1283,1590,1281,1633,1286,1672,1300,1696,1331,1517,1322,1517,1352,1517,1382,1516,1415,1447,1461,1476,1468,1505,1476,1533,1475,1560,1473,1353,1313,1384,1296,1416,1302,1441,1330,1410,1325,1379,1320,1571,1347,1601,1326,1632,1329,1655,1353,1629,1354,1600,1351,1393,1554,1431,1519,1475,1508,1503,1518,1532,1515,1567,1534,1589,1576,1559,1596,1524,1606,1492,1605,1461,1599,1423,1582,1409,1554,1471,1539,1500,1543,1529,1545,1575,1571,1527,1573,1497,1572,1468,1567
495,h,1,1,1236,1176,1771,1711,16.5,1230,1343,1226,1408,1228,1473,1237,1536,1263,1595,1306,1641,1359,1676,1416,1701,1477,1714,1535,1711,1588,1687,1634,1651,1668,1605,1692,1553,1710,1499,1720,1443,1723,1388,1311,1283,1349,1254,1399,1250,1449,1258,1497,1273,1546,1283,1590,1281,1633,1286,1672,1300,1696,1331,1517,1322,1517,1352,1517,1382,1516,1415,1447,1461,1476,1468,1505,1476,1533,1475,1560,1473,1353,1313,1384,1296,1416,1302,1441,1330,1410,1325,1379,1320,1571,1347,1601,1326,1632,1329,1655,1353,1629,1354,1600,1351,1393,1554,1431,1519,1475,1508,1503,1518,1532,1515,1567,1534,1589,1576,1559,1596,1524,1606,1492,1605,1461,1599,1423,1582,1409,1554,1471,1539,1500,1543,1529,1545,1575,1571,1527,1573,1497,1572,1468,1567
496,h,1,1,1236,1176,1771,1711,16.533333333333335,1235,1339,1232,1404,1235,1468,1243,1531,1267,1589,1309,1635,1361,1668,1416,1692,1475,1706,1533,1703,1584,1680,1631,1645,1665,1601,1691,1550,1709,1495,1720,1439,1723,1383,1314,1279,1351,1250,1400,1247,1450,1256,1497,1272,1549,1282,1590,1279,1632,1281,1670,1294,1693,1324,1518,1318,1518,1349,1518,1378,1518,1410,1451,1456,1479,1463,1507,1471,1535,1469,1562,1468,1355,1310,1385,1293,1418,1297,1443,1326,1413,1322,1381,1317,1573,1343,1602,1322,1632,1325,1656,1349,1630,1350,1600,1347,1396,1551,1434,1515,1477,1504,1506,1513,1536,1511,1568,1530,1590,1572,1559,1591,1525,1601,1493,1600,1462,1594,1425,1578,1411,1550,1474,1534,1502,1538,1532,1540,1576,1567,1529,1570,1498,1568,1469,1564
497,h,1,1,1236,1176,1771,1711,16.566666666666666,1238,1337,1233,1402,1235,1466,1242,1528,1267,1586,1309,1632,1363,1665,1419,1690,1479,1705,1538,1701,1590,1678,1636,1643,1671,1598,1696,1548,1714,1494,1724,1438,1727,1383,1317,1277,1355,1249,1404,1246,1454,1253,1501,1268,1554,1278,1595,1275,1637,1280,1675,1294,1697,1324,1523,1315,1523,1345,1523,1374,1523,1406,1455,1452,1483,1459,1512,1467,1539,1465,1565,1464,1359,1308,1390,1292,1422,1297,1447,1324,1417,1319,1385,1314,1577,1341,1606,1321,1636,1324,1659,1347,1634,1348,1604,1344,1398,1545,1438,1510,1481,1499,1510,1508,1539,1505,1572,1525,1594,1567,1563,1586,1529,1597,1498,1596,1467,1590,1429,1573,1414,1545,1478,1530,1506,1534,1535,1536,1580,1562,1532,1565,1502,1565,1473,1560
498,h,1,1,1277,1178,1723,1624,16.6,1243,1335,1239,1398,1243,1462,1253,1524,1275,1582,1315,1626,1368,1658,1424,1681,1486,1692,1545,1689,1597,1669,1642,1636,1674,1592,1695,1543,1712,1491,1720,1438,1722,1386,1322,1272,1361,1246,1410,1241,1459,1250,1505,1266,1558,1277,1601,1274,1643,1279,1680,1295,1701,1327,1528,1315,1528,1344,1528,1372,1528,1403,1460,1448,1488,1455,1516,1463,1543,1462,1569,1461,1364,1305,1395,1289,1427,1293,1452,1322,1422,1318,1391,1313,1579,1340,1609,1319,1640,1322,1662,1347,1638,1347,1608,1343,1403,1541,1443,1506,1487,1495,1515,1504,1543,1501,1576,1520,1598,1560,1568,1578,1534,1587,1503,1586,1473,1580,1435,1565,1418,1539,1484,1525,1511,1529,1540,1531,1583,1555,1537,1554,1507,1554,1479,1549
499,h,1,1,1277,1178,1723,1624,16.633333333333333,1243,1335,1239,1398,1243,1462,1253,1524,1275,1582,1315,1626,1368,1658,1424,1681,1486,1692,1545,1689,1597,1669,1642,1636,1674,1592,1695,1543,1712,1491,1720,1438,1722,1386,1322,1272,1361,1246,1410,1241,1459,1250,1505,1266,1558,1277,1601,1274,1643,1279,1680,1295,1701,1327,1528,1315,1528,1344,1528,1372,1528,1403,1460,1448,1488,1455,1516,1463,1543,1462,1569,1461,1364,1305,1395,1289,1427,1293,1452,1322,1422,1318,1391,1313,1579,1340,1609,1319,1640,1322,1662,1347,1638,1347,1608,1343,1403,1541,1443,1506,1487,1495,1515,1504,1543,1501,1576,1520,1598,1560,1568,1578,1534,1587,1503,1586,1473,1580,1435,1565,1418,1539,1484,1525,1511,1529,1540,1531,1583,1555,1537,1554,1507,1554,1479,1549
500,h,1,1,1277,1178,1723,1624,16.666666666666668,1247,1334,1244,1396,1248,1460,1257,1521,1280,1577,1322,1620,1377,1648,1434,1668,1495,1679,1553,1676,1603,1657,1648,1626,1680,1584,1702,1535,1719,1485,1728,1432,1729,1380,1327,1272,1366,1245,1416,1240,1467,1248,1513,1263,1563,1274,1605,1270,1648,1275,1686,1292,1706,1323,1535,1311,1535,1340,1535,1368,1535,1398,1468,1443,1496,1450,1524,1457,1550,1456,1575,1455,1372,1303,1403,1287,1434,1291,1459,1319,1430,1315,1399,1310,1585,1336,1615,1315,1645,1319,1666,1343,1643,1343,1613,1340,1413,1531,1454,1500,1497,1489,1521,1498,1549,1496,1581,1514,1602,1550,1573,1565,1540,1572,1511,1571,1484,1566,1445,1552,1427,1530,1493,1518,1518,1522,1545,1524,1589,1546,1543,1542,1515,1541,1489,1537
501,h,1,1,1277,1178,1723,1624,16.7,1254,1329,1250,1391,1252,1454,1259,1514,1281,1570,1324,1612,1380,1639,1438,1659,1499,1670,1557,1669,1609,1650,1654,1620,1687,1578,1708,1530,1723,1479,1732,1426,1733,1375,1336,1267,1375,1240,1424,1236,1474,1244,1519,1261,1569,1273,1610,1268,1652,1273,1689,1288,1711,1318,1540,1308,1541,1336,1542,1363,1543,1393,1475,1439,1503,1445,1531,1452,1557,1451,1581,1451,1381,1298,1412,1283,1443,1288,1467,1315,1438,1311,1408,1306,1591,1333,1621,1313,1649,1317,1671,1338,1648,1339,1619,1336,1418,1522,1461,1494,1503,1484,1529,1493,1557,1491,1589,1509,1612,1543,1581,1553,1548,1558,1518,1557,1490,1552,1453,1539,1433,1521,1500,1513,1526,1517,1554,1519,1599,1538,1551,1529,1522,1528,1495,1524
502,h,1,1,1277,1178,1723,1624,16.733333333333334,1265,1328,1260,1390,1261,1451,1268,1509,1291,1564,1333,1604,1388,1629,1445,1648,1506,1659,1564,1657,1615,1639,1661,1611,1692,1571,1711,1523,1725,1474,1734,1424,1736,1373,1347,1264,1385,1237,1433,1232,1483,1241,1527,1258,1575,1269,1616,1264,1659,1269,1696,1285,1717,1316,1549,1304,1549,1332,1550,1359,1551,1388,1483,1433,1511,1439,1538,1446,1564,1445,1588,1445,1390,1293,1420,1279,1450,1284,1473,1312,1445,1306,1416,1301,1597,1329,1626,1309,1655,1313,1676,1335,1653,1335,1625,1332,1428,1512,1471,1487,1512,1478,1536,1486,1563,1485,1594,1503,1617,1536,1585,1544,1553,1549,1524,1547,1498,1542,1462,1530,1443,1511,1508,1505,1533,1510,1560,1512,1603,1530,1556,1521,1529,1520,1504,1515
503,h,1,1,1277,1178,1723,1624,16.766666666666666,1265,1328,1260,1390,1261,1451,1268,1509,1291,1564,1333,1604,1388,1629,1445,1648,1506,1659,1564,1657,1615,1639,1661,1611,1692,1571,1711,1523,1725,1474,1734,1424,1736,1373,1347,1264,1385,1237,1433,1232,1483,1241,1527,1258,1575,1269,1616,1264,1659,1269,1696,1285,1717,1316,1549,1304,1549,1332,1550,1359,1551,1388,1483,1433,1511,1439,1538,1446,1564,1445,1588,1445,1390,1293,1420,1279,1450,1284,1473,1312,1445,1306,1416,1301,1597,1329,1626,1309,1655,1313,1676,1335,1653,1335,1625,1332,1428,1512,1471,1487,1512,1478,1536,1486,1563,1485,1594,1503,1617,1536,1585,1544,1553,1549,1524,1547,1498,1542,1462,1530,1443,1511,1508,1505,1533,1510,1560,1512,1603,1530,1556,1521,1529,1520,1504,1515
543,h,1,1,1277,1178,1723,1624,18.1,1257,1343,1255,1404,1259,1465,1267,1524,1293,1577,1338,1614,1396,1636,1456,1651,1515,1659,1568,1654,1614,1635,1655,1606,1682,1566,1701,1520,1716,1472,1723,1423,1723,1375,1342,1268,1382,1243,1430,1239,1478,1246,1523,1260,1574,1271,1613,1268,1653,1272,1688,1284,1708,1311,1547,1310,1550,1337,1552,1364,1556,1393,1489,1440,1516,1445,1543,1451,1567,1451,1589,1450,1388,1300,1418,1285,1448,1289,1472,1317,1445,1313,1414,1309,1592,1332,1620,1311,1648,1314,1669,1336,1648,1338,1620,1336,1434,1521,1476,1494,1517,1484,1541,1492,1567,1490,1595,1507,1614,1537,1588,1546,1558,1551,1531,1551,1504,1547,1468,1537,1449,1519,1514,1512,1539,1516,1564,1517,1601,1533,1561,1522,1534,1521,1509,1519
544,h,1,1,1277,1178,1723,1624,18.133333333333333,1257,1343,1255,1404,1259,1465,1267,1524,1293,1577,1338,1614,1396,1636,1456,1651,1515,1659,1568,1654,1614,1635,1655,1606,1682,1566,1701,1520,1716,1472,1723,1423,1723,1375,1342,1268,1382,1243,1430,1239,1478,1246,1523,1260,1574,1271,1613,1268,1653,1272,1688,1284,1708,1311,1547,1310,1550,1337,1552,1364,1556,1393,1489,1440,1516,1445,1543,1451,1567,1451,1589,1450,1388,1300,1418,1285,1448,1289,1472,1317,1445,1313,1414,1309,1592,1332,1620,1311,1648,1314,1669,1336,1648,1338,1620,1336,1434,1521,1476,1494,1517,1484,1541,1492,1567,1490,1595,1507,1614,1537,1588,1546,1558,1551,1531,1551,1504,1547,1468,1537,1449,1519,1514,1512,1539,1516,1564,1517,1601,1533,1561,1522,1534,1521,1509,1519
545,h,1,1,1277,1178,1723,1624,18.166666666666668,1252,1337,1250,1399,1254,1462,1262,1522,1287,1578,1332,1617,1392,1641,1452,1659,1512,1668,1566,1663,1612,1641,1652,1608,1678,1565,1697,1518,1711,1468,1718,1419,1718,1371,1344,1265,1382,1239,1429,1234,1477,1242,1522,1257,1574,1270,1611,1266,1648,1269,1682,1282,1701,1309,1546,1306,1548,1333,1551,1360,1554,1389,1487,1435,1514,1441,1541,1448,1565,1447,1587,1445,1389,1296,1418,1281,1448,1285,1471,1313,1443,1309,1414,1304,1591,1329,1619,1308,1646,1311,1666,1333,1644,1335,1617,1333,1434,1523,1475,1491,1516,1479,1540,1487,1566,1485,1594,1503,1610,1539,1586,1552,1558,1560,1531,1560,1504,1556,1467,1544,1448,1521,1513,1508,1538,1511,1563,1513,1597,1534,1560,1532,1534,1531,1509,1528
546,h,1,1,1277,1178,1723,1624,18.2,1249,1341,1247,1404,1251,1467,1261,1527,1288,1582,1333,1620,1391,1645,1451,1664,1511,1674,1565,1669,1612,1648,1653,1615,1679,1571,1697,1522,1712,1472,1719,1422,1718,1373,1340,1262,1381,1235,1429,1229,1477,1235,1522,1251,1572,1262,1611,1259,1651,1263,1686,1276,1706,1304,1546,1301,1548,1327,1551,1353,1554,1382,1486,1429,1514,1435,1540,1442,1564,1441,1587,1440,1385,1293,1414,1276,1445,1280,1470,1308,1442,1305,1411,1300,1591,1324,1619,1302,1647,1306,1668,1330,1646,1330,1618,1328,1431,1524,1471,1487,1515,1473,1540,1480,1566,1479,1597,1499,1612,1542,1589,1559,1557,1569,1529,1569,1501,1564,1463,1550,1445,1522,1512,1503,1537,1505,1563,1508,1599,1536,1560,1539,1533,1537,1507,1535
547,h,1,1,1277,1178,1723,1624,18.233333333333334,1251,1338,1249,1400,1253,1463,1261,1522,1287,1576,1332,1615,1390,1639,1451,1657,1513,1666,1569,1662,1615,1641,1655,1609,1680,1566,1697,1518,1712,1470,1721,1421,1722,1372,1342,1259,1380,1231,1428,1225,1477,1231,1523,1247,1575,1259,1614,1256,1654,1260,1690,1273,1711,1301,1547,1296,1550,1323,1553,1348,1556,1376,1489,1423,1516,1428,1542,1436,1566,1435,1588,1434,1386,1290,1415,1273,1445,1277,1470,1304,1442,1300,1412,1296,1593,1321,1621,1300,1649,1305,1670,1328,1648,1327,1620,1324,1431,1520,1472,1482,1516,1467,1542,1475,1569,1473,1600,1495,1614,1538,1592,1556,1560,1564,1531,1563,1502,1558,1464,1545,1445,1518,1512,1497,1539,1500,1566,1502,1602,1533,1563,1534,1534,1532,1507,1530
548,h,1,1,1277,1178,1723,1624,18.266666666666666,1251,1338,1249,1400,1253,1463,1261,1522,1287,1576,1332,1615,1390,1639,1451,1657,1513,1666,1569,1662,1615,1641,1655,1609,1680,1566,1697,1518,1712,1470,1721,1421,1722,1372,1342,1259,1380,1231,1428,1225,1477,1231,1523,1247,1575,1259,1614,1256,1654,1260,1690,1273,1711,1301,1547,1296,1550,1323,1553,1348,1556,1376,1489,1423,1516,1428,1542,1436,1566,1435,1588,1434,1386,1290,1415,1273,1445,1277,1470,1304,1442,1300,1412,1296,1593,1321,1621,1300,1649,1305,1670,1328,1648,1327,1620,1324,1431,1520,1472,1482,1516,1467,1542,1475,1569,1473,1600,1495,1614,1538,1592,1556,1560,1564,1531,1563,1502,1558,1464,1545,1445,1518,1512,1497,1539,1500,1566,1502,1602,1533,1563,1534,1534,1532,1507,1530
549,h,1,1,1277,1178,1723,1624,18.3,1252,1337,1251,1399,1254,1461,1261,1520,1286,1574,1330,1611,1389,1634,1450,1652,1512,1660,1568,1657,1616,1639,1656,1608,1680,1565,1698,1518,1713,1469,1721,1421,1721,1374,1345,1255,1384,1228,1433,1221,1481,1228,1526,1246,1577,1258,1616,1253,1656,1256,1692,1270,1712,1300,1550,1295,1552,1322,1554,1348,1557,1376,1489,1422,1516,1427,1543,1434,1568,1434,1590,1433,1390,1287,1419,1271,1449,1275,1474,1303,1446,1299,1416,1295,1594,1319,1622,1298,1651,1303,1671,1327,1649,1326,1621,1323,1432,1515,1475,1479,1518,1466,1543,1472,1570,1471,1601,1492,1616,1534,1593,1548,1561,1554,1533,1553,1505,1548,1467,1536,1447,1513,1515,1496,1540,1498,1567,1501,1604,1529,1564,1526,1537,1523,1511,1521
550,h,1,1,1277,1178,1723,1624,18.333333333333332,1250,1338,1249,1399,1253,1460,1260,1519,1285,1572,1330,1608,1391,1628,1452,1644,1514,1653,1568,1650,1615,1633,1655,1603,1681,1562,1699,1514,1713,1465,1720,1416,1719,1369,1344,1255,1383,1228,1431,1223,1480,1229,1525,1244,1578,1257,1617,1253,1656,1257,1691,1271,1711,1300,1549,1295,1552,1321,1555,1347,1558,1375,1491,1422,1517,1427,1544,1434,1568,1433,1590,1433,1387,1289,1416,1272,1447,1276,1471,1304,1444,1300,1413,1295,1594,1320,1623,1299,1651,1303,1670,1326,1649,1326,1621,1323,1432,1511,1475,1478,1518,1465,1543,1472,1570,1471,1601,1490,1617,1528,1593,1541,1561,1546,1533,1545,1506,1541,1468,1530,1446,1510,1515,1495,1540,1498,1567,1500,1605,1523,1564,1518,1537,1516,1511,1514
551,h,1,1,1277,1178,1723,1624,18.366666666666667,1253,1334,1251,1395,1255,1455,1263,1514,1288,1566,1334,1602,1393,1623,1455,1639,1515,1647,1569,1644,1616,1627,1657,1598,1684,1558,1702,1511,1716,1464,1723,1416,1724,1369,1344,1258,1383,1230,1432,1224,1481,1231,1526,1247,1574,1258,1615,1255,1655,1259,1692,1273,1712,1303,1549,1298,1551,1324,1555,1349,1558,1376,1490,1424,1517,1429,1544,1435,1568,1435,1590,1434,1388,1290,1417,1273,1448,1277,1473,1305,1445,1301,1414,1297,1593,1322,1621,1300,1650,1304,1671,1327,1649,1327,1620,1325,1433,1510,1476,1478,1519,1466,1543,1473,1570,1471,1600,1490,1617,1528,1593,1539,1563,1545,1535,1544,1507,1540,1469,1530,1447,1508,1516,1496,1541,1498,1567,1500,1605,1523,1565,1517,1538,1515,1512,1513
552,h,1,1,1277,1178,1723,1624,18.4,1253,1334,1251,1395,1255,1455,1263,1514,1288,1566,1334,1602,1393,1623,1455,1639,1515,1647,1569,1644,1616,1627,1657,1598,1684,1558,1702,1511,1716,1464,1723,1416,1724,1369,1344,1258,1383,1230,1432,1224,1481,1231,1526,1247,1574,1258,1615,1255,1655,1259,1692,1273,1712,1303,1549,1298,1551,1324,1555,1349,1558,1376,1490,1424,1517,1429,1544,1435,1568,1435,1590,1434,1388,1290,1417,1273,1448,1277,1473,1305,1445,1301,1414,1297,1593,1322,1621,1300,1650,1304,1671,1327,1649,1327,1620,1325,1433,1510,1476,1478,1519,1466,1543,1473,1570,1471,1600,1490,1617,1528,1593,1539,1563,1545,1535,1544,1507,1540,1469,1530,1447,1508,1516,1496,1541,1498,1567,1500,1605,1523,1565,1517,1538,1515,1512,1513
553,h,1,1,1277,1178,1723,1624,18.433333333333334,1255,1331,1253,1392,1256,1454,1263,1513,1288,1566,1333,1603,1392,1624,1453,1638,1514,1647,1568,1643,1617,1627,1657,1598,1684,1557,1701,1511,1715,1463,1724,1414,1725,1368,1347,1255,1386,1229,1434,1224,1481,1231,1526,1247,1579,1259,1617,1255,1656,1259,1691,1271,1711,1299,1551,1298,1552,1324,1555,1349,1558,1376,1490,1424,1517,1429,1544,1435,1568,1435,1591,1435,1389,1291,1419,1274,1450,1278,1474,1307,1447,1304,1415,1300,1596,1323,1623,1301,1651,1304,1671,1327,1651,1329,1622,1326,1434,1510,1476,1479,1518,1467,1542,1474,1569,1472,1599,1491,1618,1527,1593,1538,1562,1544,1533,1543,1506,1539,1469,1529,1448,1508,1515,1496,1540,1499,1566,1501,1605,1522,1564,1516,1537,1515,1511,1512
554,h,1,1,1277,1178,1723,1624,18.466666666666665,1254,1335,1252,1395,1255,1457,1262,1516,1287,1569,1331,1605,1391,1625,1452,1640,1514,1648,1570,1645,1617,1627,1658,1598,1684,1557,1700,1511,1713,1465,1721,1417,1723,1371,1345,1259,1384,1231,1432,1225,1480,1231,1525,1246,1578,1258,1618,1256,1657,1261,1693,1275,1712,1305,1550,1298,1551,1324,1554,1349,1557,1377,1490,1424,1517,1429,1543,1435,1568,1435,1590,1435,1389,1292,1418,1274,1449,1279,1473,1307,1446,1304,1415,1299,1594,1323,1621,1302,1649,1306,1669,1329,1648,1330,1620,1327,1432,1511,1474,1479,1516,1467,1542,1474,1569,1473,1598,1490,1616,1527,1591,1537,1561,1542,1532,1541,1505,1537,1467,1528,1447,1509,1513,1496,1539,1499,1565,1500,1604,1522,1563,1515,1536,1514,1509,1511
555,h,1,1,1277,1178,1723,1624,18.5,1254,1335,1252,1395,1255,1457,1262,1516,1287,1569,1331,1605,1391,1625,1452,1640,1514,1648,1570,1645,1617,1627,1658,1598,1684,1557,1700,1511,1713,1465,1721,1417,1723,1371,1345,1259,1384,1231,1432,1225,1480,1231,1525,1246,1578,1258,1618,1256,1657,1261,1693,1275,1712,1305,1550,1298,1551,1324,1554,1349,1557,1377,1490,1424,1517,1429,1543,1435,1568,1435,1590,1435,1389,1292,1418,1274,1449,1279,1473,1307,1446,1304,1415,1299,1594,1323,1621,1302,1649,1306,1669,1329,1648,1330,1620,1327,1432,1511,1474,1479,1516,1467,1542,1474,1569,1473,1598,1490,1616,1527,1591,1537,1561,1542,1532,1541,1505,1537,1467,1528,1447,1509,1513,1496,1539,1499,1565,1500,1604,1522,1563,1515,1536,1514,1509,1511
556,h,1,1,1277,1178,1723,1624,18.533333333333335,1254,1337,1253,1399,1257,1460,1265,1519,1291,1571,1336,1608,1396,1628,1456,1642,1516,1650,1569,1646,1615,1630,1655,1601,1680,1561,1698,1515,1712,1468,1720,1420,1720,1373,1345,1257,1384,1230,1431,1225,1479,1231,1524,1247,1577,1259,1616,1256,1654,1261,1689,1274,1709,1303,1548,1297,1551,1323,1554,1349,1557,1377,1489,1424,1516,1429,1543,1436,1568,1436,1590,1435,1389,1290,1418,1273,1448,1278,1472,1305,1445,1301,1414,1297,1593,1322,1621,1301,1649,1306,1669,1328,1647,1328,1619,1325,1431,1510,1474,1478,1516,1466,1542,1473,1569,1472,1599,1490,1615,1528,1592,1539,1561,1544,1532,1543,1505,1539,1467,1529,1446,1508,1513,1496,1539,1499,1566,1500,1603,1523,1564,1516,1536,1515,1510,1512
557,h,1,1,1277,1178,1723,1624,18.566666666666666,1249,1334,1248,1396,1250,1457,1257,1517,1283,1571,1328,1608,1388,1630,1449,1647,1510,1657,1565,1653,1611,1634,1651,1603,1677,1563,1696,1515,1710,1466,1717,1416,1718,1369,1342,1255,1381,1228,1429,1223,1478,1229,1524,1245,1573,1257,1613,1254,1652,1259,1687,1272,1708,1300,1545,1296,1548,1322,1551,1347,1554,1375,1485,1422,1513,1428,1540,1434,1565,1434,1588,1433,1385,1289,1414,1274,1445,1278,1470,1304,1442,1301,1411,1297,1591,1321,1618,1301,1647,1305,1667,1328,1645,1328,1617,1325,1429,1511,1471,1477,1513,1465,1539,1472,1566,1470,1596,1490,1611,1529,1588,1541,1556,1547,1528,1546,1500,1542,1463,1531,1443,1509,1510,1494,1536,1497,1562,1499,1599,1524,1559,1520,1532,1518,1505,1515
558,h,1,1,1277,1178,1723,1624,18.6,1250,1330,1249,1392,1252,1453,1260,1511,1284,1565,1327,1603,1386,1626,1446,1642,1507,1651,1562,1647,1609,1630,1649,1599,1675,1558,1693,1512,1707,1464,1715,1416,1716,1369,1340,1255,1379,1228,1426,1223,1474,1229,1519,1244,1571,1256,1611,1253,1651,1258,1686,1273,1706,1303,1542,1296,1544,1321,1547,1346,1550,1373,1483,1422,1510,1427,1537,1433,1561,1433,1584,1432,1382,1289,1411,1273,1442,1277,1466,1304,1439,1300,1408,1296,1589,1321,1616,1300,1645,1304,1665,1327,1643,1327,1615,1324,1427,1510,1468,1476,1509,1464,1535,1471,1563,1470,1593,1489,1609,1528,1585,1542,1554,1548,1525,1547,1496,1543,1460,1532,1441,1509,1506,1493,1533,1496,1560,1498,1596,1523,1557,1519,1529,1518,1502,1515
559,h,1,1,1277,1178,1723,1624,18.633333333333333,1250,1330,1249,1392,1252,1453,1260,1511,1284,1565,1327,1603,1386,1626,1446,1642,1507,1651,1562,1647,1609,1630,1649,1599,1675,1558,1693,1512,1707,1464,1715,1416,1716,1369,1340,1255,1379,1228,1426,1223,1474,1229,1519,1244,1571,1256,1611,1253,1651,1258,1686,1273,1706,1303,1542,1296,1544,1321,1547,1346,1550,1373,1483,1422,1510,1427,1537,1433,1561,1433,1584,1432,1382,1289,1411,1273,1442,1277,1466,1304,1439,1300,1408,1296,1589,1321,1616,1300,1645,1304,1665,1327,1643,1327,1615,1324,1427,1510,1468,1476,1509,1464,1535,1471,1563,1470,1593,1489,1609,1528,1585,1542,1554,1548,1525,1547,1496,1543,1460,1532,1441,1509,1506,1493,1533,1496,1560,1498,1596,1523,1557,1519,1529,1518,1502,1515
560,h,1,1,1277,1178,1723,1624,18.666666666666668,1251,1323,1248,1383,1251,1444,1258,1503,1281,1556,1324,1596,1381,1621,1441,1640,1502,1650,1557,1646,1604,1628,1645,1598,1671,1557,1689,1511,1704,1463,1712,1414,1713,1368,1341,1251,1380,1226,1426,1221,1473,1227,1515,1243,1569,1255,1607,1252,1646,1257,1679,1269,1700,1296,1540,1293,1541,1319,1544,1344,1547,1372,1480,1420,1507,1425,1533,1431,1558,1431,1580,1430,1386,1288,1415,1273,1444,1278,1467,1304,1440,1300,1411,1295,1584,1320,1611,1302,1638,1305,1658,1327,1636,1327,1609,1324,1424,1508,1465,1475,1507,1463,1532,1469,1559,1468,1589,1486,1606,1525,1581,1538,1551,1546,1522,1545,1495,1542,1457,1530,1438,1507,1504,1492,1530,1495,1556,1497,1594,1520,1553,1517,1526,1515,1500,1513
561,h,1,1,1277,1178,1723,1624,18.7,1245,1330,1244,1390,1250,1452,1259,1510,1283,1562,1327,1600,1384,1622,1444,1639,1505,1648,1559,1644,1606,1627,1645,1597,1670,1555,1688,1509,1702,1460,1709,1412,1708,1365,1336,1251,1374,1225,1421,1219,1468,1226,1512,1242,1565,1255,1603,1251,1642,1255,1677,1268,1696,1298,1535,1293,1538,1319,1541,1343,1545,1370,1478,1419,1505,1425,1532,1431,1556,1430,1578,1430,1380,1290,1409,1275,1439,1278,1463,1304,1436,1301,1406,1297,1580,1321,1608,1304,1635,1308,1655,1329,1633,1328,1606,1325,1423,1507,1464,1474,1506,1462,1532,1469,1559,1467,1588,1486,1605,1524,1581,1538,1550,1545,1522,1543,1494,1539,1457,1528,1437,1506,1503,1491,1529,1493,1555,1496,1593,1519,1552,1517,1525,1514,1499,1512
562,h,1,1,1277,1178,1723,1624,18.733333333333334,1243,1324,1243,1384,1248,1445,1257,1503,1280,1557,1323,1596,1380,1621,1440,1639,1501,1647,1557,1646,1604,1628,1643,1597,1667,1554,1684,1507,1699,1459,1706,1410,1706,1363,1334,1252,1372,1226,1419,1220,1466,1227,1510,1243,1562,1255,1601,1251,1640,1255,1674,1267,1694,1296,1533,1291,1536,1318,1539,1343,1542,1371,1476,1420,1503,1424,1530,1430,1554,1430,1576,1429,1377,1290,1405,1276,1435,1279,1460,1303,1432,1300,1402,1296,1579,1320,1607,1302,1634,1307,1655,1327,1632,1326,1605,1323,1421,1507,1463,1474,1504,1462,1530,1469,1556,1467,1586,1485,1603,1525,1579,1538,1548,1543,1520,1542,1493,1538,1456,1527,1436,1506,1501,1491,1527,1494,1552,1496,1591,1520,1550,1515,1524,1513,1497,1510
563,h,1,1,1277,1178,1723,1624,18.766666666666666,1243,1324,1243,1384,1248,1445,1257,1503,1280,1557,1323,1596,1380,1621,1440,1639,1501,1647,1557,1646,1604,1628,1643,1597,1667,1554,1684,1507,1699,1459,1706,1410,1706,1363,1334,1252,1372,1226,1419,1220,1466,1227,1510,1243,1562,1255,1601,1251,1640,1255,1674,1267,1694,1296,1533,1291,1536,1318,1539,1343,1542,1371,1476,1420,1503,1424,1530,1430,1554,1430,1576,1429,1377,1290,1405,1276,1435,1279,1460,1303,1432,1300,1402,1296,1579,1320,1607,1302,1634,1307,1655,1327,1632,1326,1605,1323,1421,1507,1463,1474,1504,1462,1530,1469,1556,1467,1586,1485,1603,1525,1579,1538,1548,1543,1520,1542,1493,1538,1456,1527,1436,1506,1501,1491,1527,1494,1552,1496,1591,1520,1550,1515,1524,1513,1497,1510
564,h,1,1,1277,1178,1723,1624,18.8,1242,1328,1241,1389,1246,1451,1255,1509,1280,1563,1323,1601,1380,1625,1440,1641,1500,1650,1555,1646,1601,1628,1640,1599,1665,1557,1683,1510,1697,1462,1704,1412,1704,1364,1329,1256,1368,1228,1416,1221,1464,1227,1510,1243,1559,1254,1598,1251,1638,1256,1672,1270,1693,1300,1531,1292,1534,1318,1537,1343,1541,1371,1474,1420,1501,1425,1528,1431,1552,1430,1575,1430,1374,1290,1404,1276,1433,1279,1458,1303,1430,1299,1400,1295,1575,1319,1604,1302,1631,1306,1652,1327,1629,1325,1602,1322,1418,1508,1460,1475,1502,1463,1528,1470,1554,1468,1583,1486,1599,1524,1575,1537,1545,1544,1517,1543,1490,1539,1452,1528,1433,1507,1499,1490,1525,1493,1550,1495,1587,1519,1548,1517,1521,1516,1495,1513
565,h,1,1,1277,1178,1723,1624,18.833333333333332,1233,1332,1232,1394,1235,1456,1244,1514,1270,1567,1315,1604,1374,1625,1436,1639,1497,1647,1550,1644,1597,1626,1635,1595,1661,1554,1678,1508,1692,1459,1700,1410,1701,1362,1326,1255,1366,1229,1413,1222,1462,1228,1507,1243,1558,1254,1596,1252,1634,1256,1668,1269,1688,1297,1531,1292,1533,1318,1537,1343,1541,1371,1473,1421,1500,1425,1527,1431,1551,1430,1573,1430,1371,1290,1401,1275,1430,1278,1454,1303,1427,1299,1398,1295,1574,1320,1602,1301,1629,1305,1650,1326,1627,1325,1600,1322,1417,1508,1459,1476,1501,1464,1527,1471,1553,1469,1581,1487,1598,1524,1574,1538,1545,1544,1517,1543,1488,1539,1451,1529,1431,1507,1498,1492,1524,1495,1550,1497,1586,1520,1547,1517,1520,1515,1493,1512
566,h,1,1,1277,1178,1723,1624,18.866666666666667,1228,1337,1228,1400,1233,1463,1243,1522,1270,1574,1317,1610,1378,1630,1440,1643,1501,1650,1555,1646,1601,1628,1641,1598,1665,1556,1680,1508,1693,1460,1699,1411,1697,1364,1322,1260,1361,1231,1409,1224,1458,1229,1504,1244,1555,1254,1594,1252,1633,1257,1667,1271,1686,1301,1528,1294,1531,1319,1535,1344,1538,1372,1470,1422,1498,1427,1525,1432,1549,1432,1572,1431,1368,1291,1398,1274,1428,1277,1453,1304,1425,1300,1395,1296,1571,1320,1598,1299,1626,1303,1647,1326,1624,1325,1597,1322,1415,1509,1457,1477,1499,1464,1526,1471,1552,1469,1580,1487,1596,1524,1574,1536,1545,1543,1517,1542,1489,1538,1450,1528,1429,1508,1497,1492,1524,1495,1549,1496,1584,1519,1547,1516,1520,1515,1493,1513
567,h,1,1,1277,1178,1723,1624,18.9,1228,1337,1228,1400,1233,1463,1243,1522,1270,1574,1317,1610,1378,1630,1440,1643,1501,1650,1555,1646,1601,1628,1641,1598,1665,1556,1680,1508,1693,1460,1699,1411,1697,1364,1322,1260,1361,1231,1409,1224,1458,1229,1504,1244,1555,1254,1594,1252,1633,1257,1667,1271,1686,1301,1528,1294,1531,1319,1535,1344,1538,1372,1470,1422,1498,1427,1525,1432,1549,1432,1572,1431,1368,1291,1398,1274,1428,1277,1453,1304,1425,1300,1395,1296,1571,1320,1598,1299,1626,1303,1647,1326,1624,1325,1597,1322,1415,1509,1457,1477,1499,1464,1526,1471,1552,1469,1580,1487,1596,1524,1574,1536,1545,1543,1517,1542,1489,1538,1450,1528,1429,1508,1497,1492,1524,1495,1549,1496,1584,1519,1547,1516,1520,1515,1493,1513
568,h,1,1,1277,1178,1723,1624,18.933333333333334,1240,1326,1240,1388,1245,1449,1255,1507,1280,1561,1322,1599,1378,1624,1437,1641,1498,1649,1552,1646,1600,1628,1640,1598,1664,1556,1680,1508,1694,1461,1701,1411,1702,1363,1325,1257,1363,1231,1409,1225,1456,1231,1500,1245,1555,1256,1594,1253,1634,1258,1669,1273,1687,1305,1525,1295,1527,1321,1530,1346,1533,1374,1467,1423,1494,1428,1521,1434,1546,1433,1569,1433,1368,1291,1398,1276,1428,1279,1451,1305,1424,1302,1394,1297,1572,1322,1599,1302,1626,1305,1647,1328,1625,1328,1597,1325,1412,1509,1452,1477,1494,1465,1521,1473,1548,1471,1578,1489,1596,1527,1571,1538,1540,1544,1512,1543,1483,1539,1445,1528,1427,1507,1491,1494,1518,1497,1545,1498,1584,1521,1543,1515,1515,1514,1488,1511
569,h,1,1,1277,1178,1723,1624,18.966666666666665,1231,1331,1231,1393,1236,1454,1246,1513,1273,1566,1317,1604,1377,1626,1437,1641,1497,1649,1550,1645,1595,1626,1633,1597,1658,1555,1675,1509,1689,1462,1695,1413,1694,1366,1322,1258,1360,1231,1407,1225,1455,1232,1501,1246,1552,1257,1590,1255,1629,1259,1663,1272,1683,1302,1524,1297,1526,1322,1530,1347,1533,1375,1465,1424,1492,1429,1520,1436,1545,1435,1568,1433,1365,1292,1394,1275,1424,1279,1448,1306,1420,1303,1390,1298,1568,1323,1595,1302,1623,1305,1644,1328,1621,1328,1594,1325,1409,1511,1450,1480,1493,1467,1520,1474,1545,1472,1574,1489,1591,1526,1567,1536,1539,1543,1511,1542,1483,1539,1444,1528,1424,1509,1490,1496,1517,1499,1543,1500,1579,1521,1541,1514,1514,1513,1487,1511
570,h,1,1,1277,1178,1723,1624,19.0,1231,1331,1231,1393,1236,1454,1246,1513,1273,1566,1317,1604,1377,1626,1437,1641,1497,1649,1550,1645,1595,1626,1633,1597,1658,1555,1675,1509,1689,1462,1695,1413,1694,1366,1322,1258,1360,1231,1407,1225,1455,1232,1501,1246,1552,1257,1590,1255,1629,1259,1663,1272,1683,1302,1524,1297,1526,1322,1530,1347,1533,1375,1465,1424,1492,1429,1520,1436,1545,1435,1568,1433,1365,1292,1394,1275,1424,1279,1448,1306,1420,1303,1390,1298,1568,1323,1595,1302,1623,1305,1644,1328,1621,1328,1594,1325,1409,1511,1450,1480,1493,1467,1520,1474,1545,1472,1574,1489,1591,1526,1567,1536,1539,1543,1511,1542,1483,1539,1444,1528,1424,1509,1490,1496,1517,1499,1543,1500,1579,1521,1541,1514,1514,1513,1487,1511
571,h,1,1,1277,1178,1723,1624,19.033333333333335,1228,1335,1229,1396,1235,1456,1244,1514,1269,1566,1312,1603,1370,1625,1429,1642,1488,1652,1542,1650,1589,1633,1629,1602,1655,1561,1672,1514,1685,1467,1692,1418,1692,1372,1317,1262,1356,1233,1405,1226,1454,1234,1500,1249,1548,1258,1587,1256,1627,1260,1662,1274,1682,1306,1521,1296,1523,1323,1526,1349,1529,1378,1462,1427,1489,1431,1516,1438,1541,1437,1564,1436,1362,1293,1391,1277,1421,1281,1446,1307,1417,1304,1387,1300,1564,1323,1592,1303,1619,1307,1640,1329,1617,1330,1590,1326,1407,1512,1448,1482,1489,1470,1516,1478,1542,1475,1570,1493,1588,1529,1564,1537,1534,1542,1507,1541,1479,1538,1441,1528,1421,1510,1486,1498,1513,1501,1538,1502,1576,1524,1537,1516,1510,1514,1483,1511
572,h,1,1,1277,1178,1723,1624,19.066666666666666,1231,1334,1232,1395,1236,1456,1245,1514,1270,1568,1313,1605,1371,1627,1429,1644,1487,1652,1540,1650,1585,1634,1625,1604,1652,1564,1670,1518,1684,1471,1691,1422,1693,1373,1316,1263,1354,1234,1403,1227,1452,1235,1498,1250,1548,1260,1588,1257,1629,1261,1665,1276,1684,1310,1519,1299,1522,1326,1525,1351,1528,1380,1461,1429,1488,1434,1515,1440,1539,1439,1562,1439,1361,1295,1390,1279,1421,1282,1446,1310,1417,1307,1386,1302,1564,1326,1592,1305,1620,1309,1641,1332,1618,1333,1590,1330,1405,1516,1446,1485,1488,1472,1514,1480,1540,1478,1568,1495,1586,1531,1562,1539,1532,1545,1505,1544,1477,1540,1439,1531,1420,1514,1485,1501,1512,1504,1537,1505,1574,1525,1535,1518,1509,1516,1482,1514
573,h,1,1,1277,1178,1723,1624,19.1,1228,1336,1229,1397,1235,1458,1246,1516,1272,1569,1317,1607,1373,1631,1431,1647,1490,1656,1543,1653,1588,1635,1625,1605,1650,1563,1668,1516,1682,1469,1689,1419,1689,1371,1314,1263,1352,1236,1400,1230,1449,1238,1495,1251,1545,1262,1585,1260,1624,1264,1659,1276,1680,1307,1517,1301,1519,1328,1522,1354,1526,1383,1458,1432,1486,1437,1513,1443,1538,1442,1561,1441,1359,1298,1387,1282,1417,1285,1441,1311,1413,1309,1384,1304,1562,1328,1589,1308,1617,1311,1638,1333,1615,1334,1587,1331,1404,1519,1444,1488,1485,1476,1513,1484,1540,1481,1568,1498,1586,1534,1562,1543,1533,1549,1505,1548,1476,1544,1438,1533,1419,1516,1483,1504,1510,1507,1536,1508,1574,1528,1535,1520,1508,1519,1480,1516
574,h,1,1,1277,1178,1723,1624,19.133333333333333,1228,1336,1229,1397,1235,1458,1246,1516,1272,1569,1317,1607,1373,1631,1431,1647,1490,1656,1543,1653,1588,1635,1625,1605,1650,1563,1668,1516,1682,1469,1689,1419,1689,1371,1314,1263,1352,1236,1400,1230,1449,1238,1495,1251,1545,1262,1585,1260,1624,1264,1659,1276,1680,1307,1517,1301,1519,1328,1522,1354,1526,1383,1458,1432,1486,1437,1513,1443,1538,1442,1561,1441,1359,1298,1387,1282,1417,1285,1441,1311,1413,1309,1384,1304,1562,1328,1589,1308,1617,1311,1638,1333,1615,1334,1587,1331,1404,1519,1444,1488,1485,1476,1513,1484,1540,1481,1568,1498,1586,1534,1562,1543,1533,1549,1505,1548,1476,1544,1438,1533,1419,1516,1483,1504,1510,1507,1536,1508,1574,1528,1535,1520,1508,1519,1480,1516
575,h,1,1,1277,1178,1723,1624,19.166666666666668,1226,1338,1229,1399,1236,1460,1247,1518,1272,1570,1314,1608,1370,1631,1428,1648,1486,1656,1539,1654,1585,1636,1624,1606,1649,1565,1666,1519,1680,1473,1688,1423,1688,1374,1310,1267,1348,1240,1397,1233,1446,1240,1492,1254,1544,1266,1584,1264,1624,1268,1660,1282,1680,1314,1514,1302,1516,1330,1519,1357,1523,1386,1457,1434,1483,1439,1511,1445,1534,1444,1558,1443,1354,1299,1383,1284,1413,1287,1439,1313,1410,1311,1379,1306,1561,1330,1587,1309,1616,1313,1637,1335,1614,1336,1586,1333,1402,1520,1442,1490,1483,1478,1511,1486,1537,1483,1565,1500,1583,1536,1559,1545,1530,1550,1502,1550,1473,1546,1436,1537,1416,1518,1480,1506,1508,1509,1534,1510,1571,1530,1532,1522,1505,1521,1477,1519
576,h,1,1,1277,1178,1723,1624,19.2,1224,1338,1225,1398,1231,1458,1241,1515,1266,1568,1309,1607,1365,1631,1423,1649,1482,1658,1534,1656,1579,1638,1618,1609,1644,1569,1662,1522,1677,1475,1685,1425,1687,1376,1310,1267,1349,1240,1397,1234,1446,1241,1492,1254,1541,1266,1581,1264,1622,1268,1658,1282,1678,1316,1512,1303,1514,1331,1517,1358,1520,1388,1454,1436,1480,1440,1507,1446,1531,1446,1555,1445,1355,1299,1383,1283,1413,1287,1437,1314,1409,1312,1379,1307,1558,1331,1585,1310,1613,1314,1634,1336,1611,1337,1583,1335,1400,1521,1440,1492,1480,1480,1508,1487,1534,1485,1562,1502,1580,1537,1556,1545,1526,1550,1499,1549,1471,1546,1433,1536,1415,1519,1477,1507,1505,1510,1531,1512,1568,1531,1529,1523,1502,1521,1475,1518
577,h,1,1,1277,1178,1723,1624,19.233333333333334,1223,1333,1223,1395,1229,1457,1239,1516,1264,1571,1306,1611,1363,1635,1422,1652,1481,1661,1535,1659,1583,1640,1622,1608,1647,1565,1663,1515,1676,1467,1683,1416,1683,1367,1308,1265,1347,1239,1396,1233,1445,1241,1490,1256,1540,1267,1578,1265,1618,1268,1652,1280,1672,1311,1511,1304,1513,1332,1516,1359,1519,1389,1452,1437,1479,1441,1507,1448,1531,1447,1555,1445,1353,1300,1382,1285,1412,1289,1437,1315,1408,1312,1378,1307,1556,1331,1584,1312,1612,1315,1632,1337,1609,1338,1582,1335,1397,1523,1437,1492,1479,1481,1506,1489,1533,1486,1562,1503,1579,1539,1555,1548,1525,1553,1497,1552,1468,1548,1431,1538,1411,1521,1475,1509,1503,1513,1529,1514,1568,1533,1528,1525,1501,1524,1473,1521
578,h,1,1,1277,1178,1723,1624,19.266666666666666,1223,1333,1223,1395,1229,1457,1239,1516,1264,1571,1306,1611,1363,1635,1422,1652,1481,1661,1535,1659,1583,1640,1622,1608,1647,1565,1663,1515,1676,1467,1683,1416,1683,1367,1308,1265,1347,1239,1396,1233,1445,1241,1490,1256,1540,1267,1578,1265,1618,1268,1652,1280,1672,1311,1511,1304,1513,1332,1516,1359,1519,1389,1452,1437,1479,1441,1507,1448,1531,1447,1555,1445,1353,1300,1382,1285,1412,1289,1437,1315,1408,1312,1378,1307,1556,1331,1584,1312,1612,1315,1632,1337,1609,1338,1582,1335,1397,1523,1437,1492,1479,1481,1506,1489,1533,1486,1562,1503,1579,1539,1555,1548,1525,1553,1497,1552,1468,1548,1431,1538,1411,1521,1475,1509,1503,1513,1529,1514,1568,1533,1528,1525,1501,1524,1473,1521
579,h,1,1,1277,1178,1723,1624,19.3,1220,1335,1219,1396,1224,1457,1234,1516,1259,1571,1302,1609,1359,1633,1417,1650,1476,1658,1529,1656,1575,1638,1614,1608,1640,1567,1658,1520,1672,1472,1679,1421,1679,1373,1306,1265,1346,1240,1394,1234,1442,1242,1488,1255,1539,1267,1577,1264,1616,1267,1650,1279,1670,1310,1509,1305,1511,1333,1514,1361,1518,1390,1451,1438,1478,1442,1505,1449,1529,1448,1553,1447,1350,1300,1379,1285,1410,1289,1434,1316,1405,1313,1375,1308,1555,1331,1582,1311,1610,1314,1630,1336,1608,1337,1580,1335,1394,1524,1434,1494,1476,1482,1504,1489,1530,1487,1559,1504,1576,1539,1551,1547,1522,1553,1494,1552,1465,1548,1427,1539,1409,1522,1473,1510,1501,1513,1527,1514,1565,1534,1525,1525,1498,1524,1470,1521
580,h,1,1,1277,1178,1723,1624,19.333333333333332,1219,1334,1218,1395,1223,1457,1234,1515,1260,1569,1304,1609,1359,1634,1417,1651,1476,1660,1530,1658,1575,1640,1613,1609,1639,1568,1657,1521,1672,1473,1679,1423,1679,1376,1306,1265,1345,1240,1393,1234,1442,1242,1487,1255,1538,1267,1577,1265,1616,1268,1649,1280,1670,1309,1508,1307,1511,1335,1513,1362,1517,1391,1450,1440,1476,1444,1504,1450,1528,1450,1551,1448,1350,1301,1379,1286,1409,1289,1434,1316,1405,1313,1375,1309,1553,1332,1581,1312,1609,1316,1629,1337,1607,1339,1579,1336,1394,1525,1434,1494,1476,1483,1503,1490,1529,1488,1557,1504,1575,1539,1551,1548,1522,1554,1494,1553,1466,1550,1428,1540,1409,1523,1473,1510,1500,1513,1526,1515,1563,1534,1524,1526,1498,1524,1471,1521
581,h,1,1,1277,1178,1723,1624,19.366666666666667,1218,1334,1218,1395,1224,1455,1235,1513,1260,1567,1302,1607,1358,1632,1416,1651,1475,1660,1529,1657,1575,1639,1613,1609,1640,1567,1657,1520,1671,1471,1679,1420,1680,1371,1303,1267,1342,1241,1390,1235,1438,1243,1485,1256,1538,1267,1578,1266,1618,1271,1654,1285,1674,1319,1506,1307,1508,1335,1511,1362,1514,1391,1449,1440,1475,1444,1502,1450,1526,1449,1550,1448,1345,1302,1375,1285,1406,1289,1431,1317,1402,1314,1371,1309,1552,1334,1579,1313,1608,1316,1630,1339,1606,1341,1578,1338,1394,1525,1434,1495,1476,1483,1503,1491,1529,1488,1556,1505,1574,1541,1549,1549,1521,1556,1493,1555,1465,1551,1428,1541,1409,1523,1472,1510,1500,1514,1525,1515,1563,1535,1523,1528,1497,1527,1470,1524
582,h,1,1,1277,1178,1723,1624,19.4,1218,1334,1218,1395,1224,1455,1235,1513,1260,1567,1302,1607,1358,1632,1416,1651,1475,1660,1529,1657,1575,1639,1613,1609,1640,1567,1657,1520,1671,1471,1679,1420,1680,1371,1303,1267,1342,1241,1390,1235,1438,1243,1485,1256,1538,1267,1578,1266,1618,1271,1654,1285,1674,1319,1506,1307,1508,1335,1511,1362,1514,1391,1449,1440,1475,1444,1502,1450,1526,1449,1550,1448,1345,1302,1375,1285,1406,1289,1431,1317,1402,1314,1371,1309,1552,1334,1579,1313,1608,1316,1630,1339,1606,1341,1578,1338,1394,1525,1434,1495,1476,1483,1503,1491,1529,1488,1556,1505,1574,1541,1549,1549,1521,1556,1493,1555,1465,1551,1428,1541,1409,1523,1472,1510,1500,1514,1525,1515,1563,1535,1523,1528,1497,1527,1470,1524
583,h,1,1,1277,1178,1723,1624,19.433333333333334,1216,1337,1217,1398,1223,1459,1233,1518,1259,1572,1302,1610,1358,1634,1416,1651,1475,1661,1528,1658,1572,1639,1610,1609,1637,1568,1655,1522,1669,1475,1677,1425,1678,1376,1302,1268,1341,1243,1389,1237,1436,1245,1483,1258,1537,1270,1577,1268,1617,1271,1653,1285,1671,1319,1505,1309,1508,1337,1511,1364,1514,1393,1449,1440,1475,1445,1502,1451,1525,1451,1549,1450,1346,1303,1374,1287,1405,1290,1429,1317,1401,1315,1371,1311,1552,1335,1578,1314,1607,1317,1628,1340,1605,1342,1577,1339,1391,1526,1431,1496,1473,1484,1500,1491,1526,1489,1553,1505,1570,1541,1547,1550,1519,1556,1492,1555,1463,1551,1425,1541,1406,1525,1470,1512,1498,1515,1523,1516,1558,1536,1521,1528,1495,1527,1467,1524
584,h,1,1,1277,1178,1723,1624,19.466666666666665,1214,1337,1214,1399,1219,1460,1230,1518,1256,1572,1299,1611,1356,1635,1413,1654,1472,1663,1525,1661,1569,1643,1608,1613,1635,1571,1654,1524,1668,1476,1676,1424,1676,1374,1300,1269,1339,1243,1387,1237,1436,1245,1482,1260,1536,1270,1574,1268,1612,1272,1647,1285,1667,1316,1504,1309,1506,1337,1509,1364,1512,1393,1447,1441,1473,1445,1500,1452,1524,1451,1547,1450,1344,1303,1372,1287,1403,1290,1428,1319,1399,1316,1369,1311,1550,1335,1576,1314,1604,1317,1626,1340,1603,1342,1574,1339,1392,1525,1431,1497,1472,1484,1500,1492,1524,1489,1552,1506,1571,1542,1546,1551,1517,1557,1491,1556,1462,1553,1424,1543,1406,1524,1470,1513,1497,1516,1521,1517,1559,1536,1519,1528,1494,1527,1467,1525
585,h,1,1,1277,1178,1723,1624,19.5,1214,1337,1214,1399,1219,1460,1230,1518,1256,1572,1299,1611,1356,1635,1413,1654,1472,1663,1525,1661,1569,1643,1608,1613,1635,1571,1654,1524,1668,1476,1676,1424,1676,1374,1300,1269,1339,1243,1387,1237,1436,1245,1482,1260,1536,1270,1574,1268,1612,1272,1647,1285,1667,1316,1504,1309,1506,1337,1509,1364,1512,1393,1447,1441,1473,1445,1500,1452,1524,1451,1547,1450,1344,1303,1372,1287,1403,1290,1428,1319,1399,1316,1369,1311,1550,1335,1576,1314,1604,1317,1626,1340,1603,1342,1574,1339,1392,1525,1431,1497,1472,1484,1500,1492,1524,1489,1552,1506,1571,1542,1546,1551,1517,1557,1491,1556,1462,1553,1424,1543,1406,1524,1470,1513,1497,1516,1521,1517,1559,1536,1519,1528,1494,1527,1467,1525
586,h,1,1,1277,1178,1723,1624,19.533333333333335,1213,1335,1212,1397,1217,1459,1227,1517,1253,1571,1296,1610,1354,1634,1413,1652,1472,1662,1525,1659,1571,1639,1610,1609,1637,1567,1654,1519,1667,1471,1674,1420,1675,1372,1299,1268,1339,1242,1387,1238,1436,1246,1483,1260,1535,1272,1574,1270,1613,1273,1649,1286,1668,1318,1504,1310,1507,1338,1510,1366,1513,1396,1447,1442,1473,1447,1500,1454,1524,1453,1547,1451,1344,1303,1372,1287,1403,1290,1429,1319,1399,1316,1368,1311,1549,1336,1575,1314,1604,1317,1625,1341,1602,1343,1574,1340,1391,1528,1430,1498,1472,1487,1499,1494,1524,1492,1552,1508,1570,1543,1546,1552,1517,1558,1491,1557,1463,1553,1425,1543,1405,1526,1469,1514,1497,1518,1521,1519,1558,1537,1520,1530,1494,1529,1467,1526
587,h,1,1,1277,1178,1723,1624,19.566666666666666,1210,1345,1211,1407,1218,1468,1229,1526,1256,1578,1300,1615,1357,1638,1414,1655,1473,1665,1525,1663,1570,1644,1608,1613,1634,1571,1651,1523,1665,1475,1674,1425,1675,1375,1297,1274,1335,1246,1382,1239,1431,1246,1478,1260,1534,1273,1575,1270,1616,1274,1653,1290,1671,1326,1503,1309,1505,1338,1507,1366,1510,1397,1445,1443,1472,1448,1499,1454,1523,1453,1546,1452,1341,1305,1370,1288,1401,1291,1426,1319,1397,1317,1366,1313,1549,1337,1576,1315,1605,1318,1626,1342,1603,1344,1574,1341,1389,1530,1428,1500,1470,1488,1498,1495,1523,1492,1551,1509,1570,1545,1546,1555,1517,1561,1490,1560,1461,1556,1423,1546,1403,1528,1467,1515,1495,1519,1520,1519,1559,1539,1520,1533,1494,1532,1465,1528
588,h,1,1,1277,1178,1723,1624,19.6,1216,1334,1215,1396,1220,1458,1231,1517,1256,1571,1298,1612,1354,1638,1411,1656,1469,1665,1521,1663,1566,1643,1606,1613,1633,1571,1652,1524,1668,1476,1677,1425,1678,1375,1301,1271,1339,1246,1387,1239,1435,1249,1480,1264,1537,1278,1576,1274,1616,1277,1653,1291,1671,1325,1504,1312,1505,1341,1508,1369,1509,1400,1445,1445,1471,1450,1498,1457,1522,1456,1546,1454,1345,1304,1373,1289,1404,1293,1429,1321,1399,1318,1369,1313,1550,1338,1576,1317,1605,1320,1627,1343,1603,1345,1574,1342,1391,1529,1429,1501,1470,1489,1496,1496,1521,1494,1549,1510,1568,1544,1543,1555,1514,1562,1489,1562,1461,1558,1424,1548,1405,1527,1467,1516,1494,1519,1518,1520,1556,1539,1517,1533,1492,1533,1465,1530
589,h,1,1,1277,1178,1723,1624,19.633333333333333,1216,1334,1215,1396,1220,1458,1231,1517,1256,1571,1298,1612,1354,1638,1411,1656,1469,1665,1521,1663,1566,1643,1606,1613,1633,1571,1652,1524,1668,1476,1677,1425,1678,1375,1301,1271,1339,1246,1387,1239,1435,1249,1480,1264,1537,1278,1576,1274,1616,1277,1653,1291,1671,1325,1504,1312,1505,1341,1508,1369,1509,1400,1445,1445,1471,1450,1498,1457,1522,1456,1546,1454,1345,1304,1373,1289,1404,1293,1429,1321,1399,1318,1369,1313,1550,1338,1576,1317,1605,1320,1627,1343,1603,1345,1574,1342,1391,1529,1429,1501,1470,1489,1496,1496,1521,1494,1549,1510,1568,1544,1543,1555,1514,1562,1489,1562,1461,1558,1424,1548,1405,1527,1467,1516,1494,1519,1518,1520,1556,1539,1517,1533,1492,1533,1465,1530
590,h,1,1,1277,1178,1723,1624,19.666666666666668,1211,1341,1212,1403,1219,1464,1231,1523,1256,1576,1298,1615,1355,1640,1413,1657,1473,1667,1526,1665,1571,1645,1609,1614,1634,1572,1651,1524,1665,1476,1674,1426,1674,1376,1299,1272,1337,1246,1385,1240,1433,1248,1480,1263,1537,1275,1575,1272,1614,1276,1649,1290,1668,1323,1504,1312,1506,1341,1509,1369,1512,1400,1448,1447,1474,1452,1500,1458,1524,1457,1547,1456,1343,1306,1372,1289,1403,1293,1428,1322,1398,1319,1368,1314,1550,1339,1576,1317,1605,1321,1627,1345,1604,1347,1575,1344,1391,1531,1431,1502,1473,1491,1500,1499,1524,1496,1552,1513,1568,1548,1545,1558,1517,1564,1491,1564,1462,1559,1425,1548,1406,1529,1469,1519,1497,1523,1521,1524,1556,1543,1520,1535,1494,1534,1467,1531
591,h,1,1,1277,1178,1723,1624,19.7,1213,1339,1214,1402,1220,1463,1232,1522,1258,1575,1300,1614,1355,1639,1411,1658,1469,1669,1521,1666,1564,1645,1603,1615,1630,1573,1649,1526,1665,1479,1674,1428,1675,1379,1301,1270,1341,1247,1389,1242,1436,1251,1481,1265,1538,1277,1575,1274,1613,1277,1647,1289,1666,1319,1504,1312,1506,1342,1509,1371,1511,1401,1446,1447,1472,1453,1499,1459,1523,1458,1545,1456,1345,1306,1373,1289,1404,1293,1429,1322,1400,1320,1369,1315,1550,1339,1575,1316,1604,1319,1625,1343,1602,1345,1573,1343,1391,1533,1430,1504,1471,1492,1498,1499,1521,1497,1549,1513,1567,1548,1543,1559,1514,1565,1489,1565,1461,1561,1425,1551,1405,1531,1468,1519,1495,1522,1518,1524,1555,1543,1517,1536,1493,1535,1466,1532
592,h,1,1,1236,1117,1771,1652,19.733333333333334,1200,1343,1198,1406,1202,1470,1213,1531,1244,1583,1293,1619,1355,1641,1414,1658,1472,1668,1523,1667,1568,1648,1606,1616,1633,1573,1653,1527,1669,1479,1676,1429,1675,1381,1303,1269,1342,1247,1389,1244,1436,1252,1482,1267,1540,1280,1576,1277,1613,1280,1646,1290,1665,1315,1506,1317,1509,1345,1513,1371,1516,1400,1447,1448,1474,1455,1502,1462,1526,1461,1549,1460,1344,1308,1373,1291,1405,1295,1430,1325,1400,1321,1369,1316,1551,1342,1577,1320,1607,1323,1628,1347,1605,1348,1576,1345,1390,1534,1431,1505,1475,1494,1502,1501,1526,1499,1555,1517,1573,1551,1548,1562,1519,1568,1492,1567,1464,1562,1426,1551,1405,1533,1472,1522,1499,1525,1523,1527,1561,1547,1522,1539,1497,1537,1469,1534
593,h,1,1,1236,1117,1771,1652,19.766666666666666,1200,1343,1198,1406,1202,1470,1213,1531,1244,1583,1293,1619,1355,1641,1414,1658,1472,1668,1523,1667,1568,1648,1606,1616,1633,1573,1653,1527,1669,1479,1676,1429,1675,1381,1303,1269,1342,1247,1389,1244,1436,1252,1482,1267,1540,1280,1576,1277,1613,1280,1646,1290,1665,1315,1506,1317,1509,1345,1513,1371,1516,1400,1447,1448,1474,1455,1502,1462,1526,1461,1549,1460,1344,1308,1373,1291,1405,1295,1430,1325,1400,1321,1369,1316,1551,1342,1577,1320,1607,1323,1628,1347,1605,1348,1576,1345,1390,1534,1431,1505,1475,1494,1502,1501,1526,1499,1555,1517,1573,1551,1548,1562,1519,1568,1492,1567,1464,1562,1426,1551,1405,1533,1472,1522,1499,1525,1523,1527,1561,1547,1522,1539,1497,1537,1469,1534
594,h,1,1,1277,1178,1723,1624,19.8,1214,1341,1214,1403,1221,1464,1233,1523,1260,1577,1303,1617,1358,1642,1414,1661,1474,1672,1527,1670,1572,1650,1611,1618,1637,1574,1655,1527,1670,1478,1679,1427,1680,1377,1303,1272,1343,1247,1390,1242,1438,1250,1482,1266,1540,1278,1579,1275,1618,1277,1653,1291,1673,1323,1507,1315,1508,1345,1510,1373,1513,1404,1448,1450,1474,1455,1501,1463,1525,1461,1548,1459,1346,1309,1375,1292,1407,1295,1431,1325,1402,1323,1371,1317,1553,1343,1579,1320,1609,1323,1630,1347,1607,1350,1578,1347,1393,1534,1432,1505,1473,1494,1500,1502,1525,1499,1553,1515,1571,1551,1548,1562,1519,1569,1492,1569,1464,1564,1427,1552,1408,1533,1470,1522,1497,1526,1522,1527,1559,1546,1522,1539,1496,1538,1468,1535
595,h,1,1,1277,1178,1723,1624,19.833333333333332,1218,1339,1218,1402,1224,1464,1235,1523,1262,1576,1304,1616,1359,1642,1414,1663,1472,1673,1524,1671,1568,1652,1606,1620,1632,1577,1651,1530,1665,1483,1675,1432,1676,1383,1305,1275,1344,1248,1392,1242,1439,1252,1484,1268,1542,1280,1581,1275,1621,1278,1657,1294,1673,1329,1508,1316,1509,1346,1512,1375,1514,1406,1449,1450,1475,1456,1502,1464,1526,1462,1549,1461,1348,1309,1377,1292,1408,1296,1433,1326,1403,1323,1372,1318,1553,1343,1580,1321,1609,1324,1630,1349,1607,1351,1579,1348,1394,1534,1434,1506,1474,1495,1501,1504,1527,1501,1554,1518,1572,1553,1548,1565,1519,1571,1492,1571,1463,1566,1427,1554,1409,1533,1471,1524,1498,1528,1524,1529,1560,1548,1522,1541,1496,1540,1468,1536
596,h,1,1,1277,1178,1723,1624,19.866666666666667,1219,1333,1219,1396,1224,1458,1235,1518,1260,1572,1301,1614,1355,1643,1411,1663,1470,1674,1523,1673,1568,1652,1606,1619,1632,1575,1650,1527,1666,1480,1676,1429,1678,1379,1306,1273,1345,1249,1392,1243,1439,1252,1483,1268,1542,1281,1581,1277,1621,1280,1657,1294,1674,1328,1507,1317,1509,1347,1511,1376,1513,1408,1449,1453,1475,1458,1502,1465,1526,1463,1549,1462,1349,1309,1377,1293,1408,1297,1432,1326,1403,1324,1372,1318,1554,1344,1580,1322,1609,1325,1630,1350,1607,1352,1579,1349,1393,1537,1432,1508,1473,1497,1501,1505,1527,1502,1554,1518,1571,1553,1548,1565,1520,1572,1492,1572,1463,1567,1426,1555,1408,1536,1470,1525,1498,1529,1523,1530,1559,1548,1523,1541,1496,1541,1468,1538
597,h,1,1,1277,1178,1723,1624,19.9,1219,1333,1219,1396,1224,1458,1235,1518,1260,1572,1301,1614,1355,1643,1411,1663,1470,1674,1523,1673,1568,1652,1606,1619,1632,1575,1650,1527,1666,1480,1676,1429,1678,1379,1306,1273,1345,1249,1392,1243,1439,1252,1483,1268,1542,1281,1581,1277,1621,1280,1657,1294,1674,1328,1507,1317,1509,1347,1511,1376,1513,1408,1449,1453,1475,1458,1502,1465,1526,1463,1549,1462,1349,1309,1377,1293,1408,1297,1432,1326,1403,1324,1372,1318,1554,1344,1580,1322,1609,1325,1630,1350,1607,1352,1579,1349,1393,1537,1432,1508,1473,1497,1501,1505,1527,1502,1554,1518,1571,1553,1548,1565,1520,1572,1492,1572,1463,1567,1426,1555,1408,1536,1470,1525,1498,1529,1523,1530,1559,1548,1523,1541,1496,1541,1468,1538
598,h,1,1,1236,1117,1771,1652,19.933333333333334,1201,1343,1198,1406,1200,1469,1211,1530,1241,1583,1290,1621,1352,1644,1412,1662,1471,1673,1523,1672,1568,1651,1606,1619,1634,1577,1654,1531,1670,1483,1677,1433,1674,1385,1308,1269,1349,1249,1394,1246,1440,1255,1484,1270,1542,1285,1576,1280,1612,1282,1645,1291,1665,1316,1508,1320,1511,1349,1514,1377,1517,1407,1449,1455,1476,1461,1504,1469,1527,1467,1550,1465,1348,1310,1377,1295,1408,1299,1432,1328,1403,1324,1372,1319,1553,1345,1580,1324,1609,1327,1629,1350,1607,1352,1579,1349,1389,1537,1430,1509,1473,1498,1502,1507,1528,1504,1556,1520,1573,1555,1548,1566,1520,1573,1492,1573,1462,1567,1424,1555,1404,1537,1469,1527,1499,1531,1525,1533,1561,1551,1523,1544,1496,1542,1467,1538
599,h,1,1,1277,1228,1723,1673,19.966666666666665,1213,1341,1213,1404,1219,1466,1231,1525,1257,1579,1300,1620,1355,1646,1413,1664,1474,1673,1527,1671,1569,1651,1604,1619,1628,1576,1645,1529,1660,1483,1669,1433,1671,1385,1306,1276,1346,1251,1393,1245,1441,1254,1485,1271,1545,1285,1581,1280,1618,1283,1651,1297,1668,1328,1511,1320,1513,1351,1516,1380,1519,1411,1450,1454,1477,1460,1504,1468,1528,1467,1551,1464,1348,1311,1376,1296,1407,1300,1431,1329,1402,1325,1372,1320,1555,1347,1581,1326,1610,1328,1629,1352,1608,1354,1580,1351,1392,1537,1433,1510,1474,1500,1501,1509,1526,1506,1552,1521,1568,1554,1546,1566,1519,1573,1492,1572,1464,1567,1426,1556,1407,1537,1470,1528,1498,1532,1523,1533,1556,1549,1522,1544,1496,1543,1469,1540
600,h,1,1,1277,1228,1723,1673,20.0,1213,1341,1213,1404,1219,1466,1231,1525,1257,1579,1300,1620,1355,1646,1413,1664,1474,1673,1527,1671,1569,1651,1604,1619,1628,1576,1645,1529,1660,1483,1669,1433,1671,1385,1306,1276,1346,1251,1393,1245,1441,1254,1485,1271,1545,1285,1581,1280,1618,1283,1651,1297,1668,1328,1511,1320,1513,1351,1516,1380,1519,1411,1450,1454,1477,1460,1504,1468,1528,1467,1551,1464,1348,1311,1376,1296,1407,1300,1431,1329,1402,1325,1372,1320,1555,1347,1581,1326,1610,1328,1629,1352,1608,1354,1580,1351,1392,1537,1433,1510,1474,1500,1501,1509,1526,1506,1552,1521,1568,1554,1546,1566,1519,1573,1492,1572,1464,1567,1426,1556,1407,1537,1470,1528,1498,1532,1523,1533,1556,1549,1522,1544,1496,1543,1469,1540
601,h,1,1,1277,1228,1723,1673,20.033333333333335,1213,1341,1212,1405,1217,1468,1228,1527,1254,1582,1298,1623,1353,1649,1412,1668,1472,1677,1525,1673,1568,1653,1604,1622,1629,1579,1647,1531,1661,1484,1670,1434,1672,1386,1302,1277,1341,1252,1390,1246,1439,1256,1483,1273,1543,1285,1579,1281,1617,1283,1651,1295,1669,1326,1509,1320,1511,1351,1514,1379,1517,1411,1449,1456,1475,1461,1503,1469,1527,1467,1550,1464,1345,1313,1374,1295,1406,1299,1431,1329,1401,1326,1370,1321,1552,1346,1579,1323,1608,1326,1628,1351,1606,1353,1578,1349,1391,1539,1433,1512,1475,1501,1501,1509,1525,1506,1552,1522,1568,1555,1546,1567,1519,1573,1493,1573,1464,1569,1426,1557,1406,1538,1471,1528,1498,1532,1522,1533,1557,1551,1522,1545,1497,1543,1469,1540
602,h,1,1,1277,1228,1723,1673,20.066666666666666,1213,1340,1212,1404,1216,1466,1226,1526,1252,1580,1295,1621,1350,1648,1409,1668,1469,1678,1522,1676,1565,1657,1602,1626,1628,1583,1647,1536,1662,1489,1670,1438,1671,1389,1303,1278,1341,1252,1390,1246,1437,1256,1482,1273,1542,1286,1579,1282,1617,1285,1651,1297,1669,1329,1507,1320,1510,1351,1513,1380,1515,1412,1448,1455,1474,1461,1502,1469,1526,1467,1549,1464,1345,1312,1373,1296,1404,1300,1430,1328,1399,1325,1369,1320,1553,1346,1580,1326,1609,1329,1629,1353,1606,1354,1578,1350,1389,1539,1431,1512,1473,1502,1501,1510,1527,1507,1553,1523,1570,1556,1547,1568,1519,1574,1492,1574,1462,1569,1424,1558,1404,1538,1470,1528,1498,1533,1524,1534,1559,1552,1522,1545,1496,1543,1467,1540
603,h,1,1,1277,1228,1723,1673,20.1,1211,1342,1210,1406,1215,1468,1224,1527,1250,1581,1293,1622,1348,1648,1405,1668,1464,1678,1516,1675,1559,1656,1595,1626,1621,1584,1640,1538,1656,1492,1666,1441,1668,1392,1303,1279,1341,1252,1390,1246,1439,1255,1484,1273,1542,1285,1580,1282,1619,1285,1653,1300,1669,1334,1508,1321,1510,1351,1512,1380,1515,1412,1447,1455,1473,1461,1501,1469,1524,1468,1547,1466,1345,1312,1374,1296,1405,1300,1430,1329,1400,1326,1369,1321,1552,1347,1579,1326,1608,1329,1628,1353,1606,1355,1577,1351,1390,1537,1432,1511,1473,1502,1500,1510,1524,1507,1550,1523,1566,1555,1543,1566,1515,1573,1489,1573,1460,1568,1424,1557,1405,1537,1469,1527,1496,1532,1520,1533,1555,1551,1518,1544,1493,1542,1466,1539
604,h,1,1,1277,1228,1723,1673,20.133333333333333,1211,1342,1210,1406,1215,1468,1224,1527,1250,1581,1293,1622,1348,1648,1405,1668,1464,1678,1516,1675,1559,1656,1595,1626,1621,1584,1640,1538,1656,1492,1666,1441,1668,1392,1303,1279,1341,1252,1390,1246,1439,1255,1484,1273,1542,1285,1580,1282,1619,1285,1653,1300,1669,1334,1508,1321,1510,1351,1512,1380,1515,1412,1447,1455,1473,1461,1501,1469,1524,1468,1547,1466,1345,1312,1374,1296,1405,1300,1430,1329,1400,1326,1369,1321,1552,1347,1579,1326,1608,1329,1628,1353,1606,1355,1577,1351,1390,1537,1432,1511,1473,1502,1500,1510,1524,1507,1550,1523,1566,1555,1543,1566,1515,1573,1489,1573,1460,1568,1424,1557,1405,1537,1469,1527,1496,1532,1520,1533,1555,1551,1518,1544,1493,1542,1466,1539
605,h,1,1,1277,1228,1723,1673,20.166666666666668,1209,1343,1210,1406,1215,1467,1224,1527,1248,1581,1291,1622,1347,1648,1405,1667,1463,1676,1516,1675,1560,1656,1598,1627,1624,1586,1643,1539,1658,1491,1668,1441,1671,1392,1300,1280,1338,1253,1387,1246,1435,1254,1480,1271,1540,1285,1578,1281,1617,1285,1652,1301,1669,1333,1505,1321,1507,1351,1509,1379,1512,1411,1445,1455,1471,1461,1498,1468,1522,1467,1545,1465,1342,1312,1371,1295,1403,1300,1428,1329,1397,1326,1366,1320,1551,1347,1578,1325,1607,1329,1628,1353,1605,1355,1576,1351,1386,1538,1429,1511,1471,1501,1498,1509,1522,1506,1548,1523,1565,1556,1542,1565,1514,1572,1488,1571,1459,1567,1421,1556,1401,1537,1467,1527,1494,1531,1519,1532,1553,1551,1517,1544,1492,1543,1465,1539
606,h,1,1,1228,1178,1673,1624,20.2,1199,1344,1194,1408,1196,1472,1206,1533,1233,1588,1281,1626,1342,1650,1403,1667,1462,1677,1514,1672,1558,1651,1597,1621,1624,1579,1644,1533,1658,1486,1665,1438,1665,1391,1297,1279,1338,1253,1388,1247,1438,1255,1483,1273,1535,1285,1572,1281,1609,1284,1643,1296,1660,1324,1505,1321,1507,1351,1510,1379,1513,1410,1444,1455,1471,1461,1498,1468,1522,1467,1543,1465,1341,1312,1372,1295,1404,1299,1428,1329,1399,1326,1368,1321,1546,1345,1574,1322,1602,1326,1621,1350,1601,1352,1573,1349,1385,1537,1429,1510,1471,1500,1495,1508,1521,1506,1547,1522,1563,1554,1540,1564,1512,1571,1485,1570,1459,1567,1422,1556,1399,1535,1467,1526,1492,1529,1518,1531,1551,1549,1516,1543,1489,1542,1464,1540
607,h,1,1,1228,1178,1673,1624,20.233333333333334,1202,1344,1199,1407,1203,1470,1214,1530,1240,1585,1286,1625,1344,1650,1404,1667,1463,1676,1514,1672,1558,1651,1596,1620,1623,1579,1643,1533,1658,1486,1666,1439,1666,1392,1296,1279,1337,1253,1386,1247,1435,1255,1479,1272,1535,1285,1573,1281,1610,1284,1642,1297,1659,1326,1503,1322,1505,1351,1507,1379,1511,1410,1442,1455,1469,1461,1495,1468,1519,1467,1542,1465,1340,1312,1370,1295,1401,1300,1426,1329,1397,1326,1366,1321,1544,1345,1573,1323,1601,1326,1620,1350,1599,1353,1572,1349,1385,1538,1427,1510,1469,1500,1493,1507,1519,1505,1545,1521,1560,1553,1538,1564,1510,1570,1483,1570,1458,1566,1420,1556,1399,1536,1466,1526,1490,1529,1515,1530,1549,1549,1514,1543,1487,1541,1463,1539
608,h,1,1,1228,1178,1673,1624,20.266666666666666,1202,1344,1199,1407,1203,1470,1214,1530,1240,1585,1286,1625,1344,1650,1404,1667,1463,1676,1514,1672,1558,1651,1596,1620,1623,1579,1643,1533,1658,1486,1666,1439,1666,1392,1296,1279,1337,1253,1386,1247,1435,1255,1479,1272,1535,1285,1573,1281,1610,1284,1642,1297,1659,1326,1503,1322,1505,1351,1507,1379,1511,1410,1442,1455,1469,1461,1495,1468,1519,1467,1542,1465,1340,1312,1370,1295,1401,1300,1426,1329,1397,1326,1366,1321,1544,1345,1573,1323,1601,1326,1620,1350,1599,1353,1572,1349,1385,1538,1427,1510,1469,1500,1493,1507,1519,1505,1545,1521,1560,1553,1538,1564,1510,1570,1483,1570,1458,1566,1420,1556,1399,1536,1466,1526,1490,1529,1515,1530,1549,1549,1514,1543,1487,1541,1463,1539
609,h,1,1,1228,1178,1673,1624,20.3,1203,1342,1200,1405,1203,1469,1212,1529,1239,1585,1285,1625,1344,1650,1403,1668,1460,1676,1511,1672,1555,1651,1594,1620,1621,1578,1641,1532,1655,1485,1663,1437,1663,1389,1298,1279,1338,1254,1385,1249,1433,1257,1476,1274,1533,1285,1569,1281,1605,1284,1636,1297,1652,1326,1500,1321,1502,1350,1505,1379,1508,1410,1441,1455,1467,1462,1494,1469,1517,1467,1539,1465,1342,1315,1372,1302,1401,1305,1424,1330,1397,1328,1368,1323,1542,1346,1570,1328,1596,1332,1615,1352,1594,1353,1569,1350,1382,1534,1425,1510,1466,1500,1490,1508,1516,1506,1543,1522,1559,1553,1535,1566,1507,1573,1481,1573,1455,1569,1418,1558,1396,1535,1463,1526,1488,1529,1513,1530,1547,1549,1511,1544,1485,1543,1460,1540
610,h,1,1,1228,1178,1673,1624,20.333333333333332,1205,1340,1203,1402,1206,1465,1215,1525,1241,1580,1287,1620,1343,1646,1401,1666,1459,1676,1510,1672,1555,1651,1594,1621,1622,1579,1641,1533,1655,1484,1662,1435,1662,1387,1295,1279,1335,1253,1383,1249,1430,1257,1475,1274,1530,1285,1568,1281,1604,1283,1638,1294,1655,1324,1497,1322,1499,1351,1502,1380,1505,1411,1438,1456,1465,1462,1491,1470,1516,1468,1538,1465,1340,1318,1369,1304,1399,1308,1423,1332,1395,1331,1365,1326,1540,1348,1567,1330,1594,1333,1614,1354,1593,1356,1566,1354,1382,1536,1424,1511,1465,1502,1490,1510,1515,1507,1542,1523,1560,1554,1534,1566,1507,1572,1480,1572,1454,1568,1417,1557,1397,1536,1462,1527,1487,1531,1512,1532,1548,1550,1510,1544,1484,1542,1459,1539
611,h,1,1,1228,1178,1673,1624,20.366666666666667,1204,1340,1202,1402,1207,1464,1217,1524,1243,1578,1288,1619,1345,1645,1401,1665,1459,1674,1509,1670,1553,1649,1592,1619,1619,1578,1639,1532,1653,1485,1661,1436,1662,1388,1294,1281,1334,1256,1382,1251,1430,1259,1474,1275,1528,1287,1567,1283,1604,1285,1638,1298,1655,1328,1497,1322,1499,1351,1502,1380,1505,1411,1437,1456,1464,1462,1491,1469,1515,1468,1538,1465,1339,1317,1369,1305,1399,1308,1422,1333,1395,1330,1365,1325,1540,1348,1568,1332,1595,1336,1614,1355,1593,1356,1566,1353,1380,1536,1422,1511,1464,1501,1488,1510,1514,1507,1542,1523,1559,1554,1534,1567,1506,1574,1479,1573,1452,1569,1415,1558,1395,1536,1461,1527,1486,1530,1511,1532,1547,1550,1509,1544,1483,1543,1457,1540
612,h,1,1,1228,1178,1673,1624,20.4,1204,1340,1202,1402,1207,1464,1217,1524,1243,1578,1288,1619,1345,1645,1401,1665,1459,1674,1509,1670,1553,1649,1592,1619,1619,1578,1639,1532,1653,1485,1661,1436,1662,1388,1294,1281,1334,1256,1382,1251,1430,1259,1474,1275,1528,1287,1567,1283,1604,1285,1638,1298,1655,1328,1497,1322,1499,1351,1502,1380,1505,1411,1437,1456,1464,1462,1491,1469,1515,1468,1538,1465,1339,1317,1369,1305,1399,1308,1422,1333,1395,1330,1365,1325,1540,1348,1568,1332,1595,1336,1614,1355,1593,1356,1566,1353,1380,1536,1422,1511,1464,1501,1488,1510,1514,1507,1542,1523,1559,1554,1534,1567,1506,1574,1479,1573,1452,1569,1415,1558,1395,1536,1461,1527,1486,1530,1511,1532,1547,1550,1509,1544,1483,1543,1457,1540
613,h,1,1,1228,1178,1673,1624,20.433333333333334,1196,1348,1191,1410,1193,1473,1202,1534,1228,1589,1276,1628,1336,1649,1395,1666,1452,1676,1502,1672,1545,1652,1584,1622,1612,1582,1631,1537,1647,1489,1653,1441,1653,1394,1293,1280,1333,1256,1381,1251,1429,1259,1472,1277,1529,1288,1564,1283,1599,1286,1630,1300,1644,1329,1496,1322,1498,1352,1502,1381,1506,1412,1437,1456,1464,1463,1490,1470,1514,1469,1536,1466,1337,1316,1366,1301,1396,1305,1419,1331,1391,1328,1362,1323,1540,1347,1567,1328,1594,1332,1611,1354,1592,1355,1565,1351,1374,1533,1420,1512,1462,1503,1487,1511,1512,1508,1538,1524,1554,1555,1530,1567,1502,1574,1475,1574,1449,1570,1411,1559,1388,1535,1459,1529,1484,1532,1509,1534,1542,1551,1506,1545,1480,1544,1454,1541
614,h,1,1,1228,1178,1673,1624,20.466666666666665,1196,1348,1192,1410,1195,1473,1204,1534,1231,1588,1279,1627,1338,1651,1396,1668,1453,1677,1502,1673,1544,1653,1582,1623,1609,1583,1630,1538,1644,1489,1650,1442,1650,1396,1293,1281,1333,1257,1380,1251,1428,1259,1471,1275,1529,1287,1564,1284,1598,1287,1628,1300,1643,1328,1496,1322,1498,1352,1502,1381,1506,1412,1437,1456,1464,1462,1490,1469,1514,1468,1535,1466,1335,1316,1365,1301,1395,1305,1419,1331,1391,1328,1361,1323,1539,1347,1566,1328,1593,1332,1610,1354,1590,1355,1564,1352,1376,1536,1420,1512,1462,1502,1487,1510,1512,1508,1538,1524,1554,1555,1530,1568,1503,1575,1476,1575,1449,1571,1412,1559,1390,1537,1459,1528,1484,1532,1509,1533,1542,1552,1506,1547,1480,1545,1455,1543
615,h,1,1,1228,1178,1673,1624,20.5,1196,1348,1192,1410,1195,1473,1204,1534,1231,1588,1279,1627,1338,1651,1396,1668,1453,1677,1502,1673,1544,1653,1582,1623,1609,1583,1630,1538,1644,1489,1650,1442,1650,1396,1293,1281,1333,1257,1380,1251,1428,1259,1471,1275,1529,1287,1564,1284,1598,1287,1628,1300,1643,1328,1496,1322,1498,1352,1502,1381,1506,1412,1437,1456,1464,1462,1490,1469,1514,1468,1535,1466,1335,1316,1365,1301,1395,1305,1419,1331,1391,1328,1361,1323,1539,1347,1566,1328,1593,1332,1610,1354,1590,1355,1564,1352,1376,1536,1420,1512,1462,1502,1487,1510,1512,1508,1538,1524,1554,1555,1530,1568,1503,1575,1476,1575,1449,1571,1412,1559,1390,1537,1459,1528,1484,1532,1509,1533,1542,1552,1506,1547,1480,1545,1455,1543
616,h,1,1,1228,1178,1673,1624,20.533333333333335,1201,1346,1199,1408,1203,1471,1213,1531,1238,1585,1283,1625,1339,1649,1397,1668,1455,1677,1507,1674,1551,1653,1589,1623,1616,1583,1635,1538,1650,1491,1658,1443,1660,1395,1293,1281,1333,1256,1380,1251,1428,1260,1471,1277,1529,1289,1567,1285,1604,1289,1636,1303,1651,1333,1495,1324,1497,1353,1500,1381,1503,1412,1436,1456,1463,1463,1489,1471,1513,1469,1535,1467,1335,1315,1364,1299,1396,1303,1419,1332,1391,1329,1360,1324,1538,1349,1566,1329,1594,1333,1613,1356,1592,1358,1564,1354,1376,1538,1419,1512,1462,1502,1486,1511,1512,1508,1539,1525,1555,1558,1530,1568,1502,1576,1474,1575,1447,1571,1410,1559,1390,1537,1458,1528,1483,1532,1508,1534,1543,1554,1505,1547,1479,1545,1453,1543
617,h,1,1,1228,1178,1673,1624,20.566666666666666,1204,1342,1201,1405,1203,1468,1213,1529,1239,1584,1284,1624,1340,1650,1397,1669,1455,1678,1507,1675,1550,1655,1587,1625,1615,1584,1635,1539,1650,1492,1658,1444,1660,1397,1296,1280,1335,1257,1382,1252,1429,1261,1472,1277,1529,1289,1567,1287,1603,1291,1636,1304,1652,1333,1496,1327,1497,1355,1499,1383,1502,1413,1436,1458,1462,1464,1488,1471,1512,1471,1533,1469,1337,1315,1366,1299,1398,1304,1421,1334,1393,1330,1362,1325,1538,1351,1566,1329,1595,1333,1613,1357,1592,1359,1565,1356,1376,1541,1418,1512,1461,1502,1486,1510,1512,1508,1539,1525,1555,1559,1531,1570,1502,1577,1475,1577,1448,1572,1410,1561,1391,1539,1458,1529,1483,1533,1508,1534,1543,1555,1506,1548,1479,1546,1453,1543
618,h,1,1,1228,1178,1673,1624,20.6,1197,1347,1196,1409,1199,1472,1208,1532,1233,1587,1278,1627,1336,1651,1394,1670,1453,1680,1505,1677,1550,1657,1588,1627,1614,1586,1633,1540,1647,1493,1656,1445,1657,1397,1291,1282,1332,1258,1380,1253,1428,1262,1472,1279,1528,1291,1565,1288,1602,1292,1635,1305,1651,1334,1496,1328,1497,1357,1500,1384,1503,1414,1435,1459,1461,1465,1487,1472,1511,1472,1533,1470,1335,1317,1364,1301,1395,1305,1419,1335,1391,1331,1360,1325,1538,1353,1566,1331,1594,1335,1612,1359,1592,1360,1565,1357,1376,1541,1418,1513,1460,1504,1485,1512,1511,1510,1539,1527,1555,1562,1530,1571,1502,1577,1474,1576,1447,1571,1410,1559,1390,1540,1457,1530,1482,1534,1508,1536,1544,1557,1505,1549,1479,1547,1453,1544
619,h,1,1,1228,1178,1673,1624,20.633333333333333,1197,1347,1196,1409,1199,1472,1208,1532,1233,1587,1278,1627,1336,1651,1394,1670,1453,1680,1505,1677,1550,1657,1588,1627,1614,1586,1633,1540,1647,1493,1656,1445,1657,1397,1291,1282,1332,1258,1380,1253,1428,1262,1472,1279,1528,1291,1565,1288,1602,1292,1635,1305,1651,1334,1496,1328,1497,1357,1500,1384,1503,1414,1435,1459,1461,1465,1487,1472,1511,1472,1533,1470,1335,1317,1364,1301,1395,1305,1419,1335,1391,1331,1360,1325,1538,1353,1566,1331,1594,1335,1612,1359,1592,1360,1565,1357,1376,1541,1418,1513,1460,1504,1485,1512,1511,1510,1539,1527,1555,1562,1530,1571,1502,1577,1474,1576,1447,1571,1410,1559,1390,1540,1457,1530,1482,1534,1508,1536,1544,1557,1505,1549,1479,1547,1453,1544
620,h,1,1,1228,1178,1673,1624,20.666666666666668,1204,1346,1202,1408,1206,1471,1216,1530,1242,1584,1286,1623,1341,1649,1395,1668,1452,1678,1503,1675,1547,1655,1585,1626,1613,1586,1633,1542,1649,1495,1657,1448,1659,1401,1293,1281,1333,1258,1380,1253,1427,1262,1470,1278,1528,1291,1565,1288,1602,1292,1634,1306,1651,1334,1494,1328,1495,1357,1498,1385,1501,1415,1434,1459,1460,1465,1486,1473,1510,1472,1531,1471,1335,1317,1364,1301,1396,1305,1419,1335,1390,1332,1360,1326,1537,1354,1565,1332,1593,1336,1612,1360,1591,1362,1563,1358,1375,1541,1416,1514,1458,1505,1483,1513,1508,1511,1535,1528,1551,1561,1527,1572,1499,1579,1472,1578,1445,1573,1408,1561,1389,1540,1455,1532,1480,1536,1504,1537,1539,1557,1502,1550,1476,1548,1451,1545
621,h,1,1,1228,1228,1673,1673,20.7,1209,1340,1206,1401,1209,1463,1217,1522,1240,1578,1279,1621,1331,1650,1387,1671,1448,1682,1501,1680,1547,1662,1585,1630,1611,1588,1631,1542,1646,1494,1655,1446,1657,1398,1298,1278,1338,1255,1383,1253,1427,1263,1469,1280,1529,1292,1565,1290,1600,1293,1632,1304,1650,1331,1493,1327,1494,1358,1496,1386,1497,1418,1431,1461,1457,1467,1484,1474,1508,1473,1530,1471,1336,1318,1365,1302,1395,1307,1418,1335,1390,1332,1360,1326,1539,1353,1566,1333,1594,1336,1612,1360,1591,1361,1564,1358,1373,1543,1414,1515,1455,1506,1480,1514,1507,1512,1534,1528,1550,1563,1526,1572,1497,1579,1470,1578,1443,1573,1406,1562,1386,1542,1452,1533,1477,1536,1503,1538,1539,1558,1501,1551,1474,1549,1448,1546
622,h,1,1,1228,1178,1673,1624,20.733333333333334,1203,1345,1201,1407,1205,1469,1214,1528,1238,1583,1281,1624,1336,1650,1392,1670,1450,1681,1502,1679,1547,1659,1584,1628,1611,1587,1630,1540,1646,1494,1655,1446,1658,1399,1290,1284,1329,1260,1376,1255,1424,1264,1468,1281,1524,1293,1564,1292,1602,1296,1637,1312,1653,1345,1492,1329,1493,1359,1495,1387,1497,1417,1431,1461,1457,1467,1483,1475,1507,1474,1529,1472,1332,1318,1362,1301,1393,1305,1416,1336,1388,1332,1357,1326,1536,1356,1564,1334,1593,1338,1612,1364,1590,1365,1562,1361,1373,1543,1414,1515,1456,1506,1481,1514,1506,1512,1534,1529,1549,1564,1525,1574,1497,1581,1470,1580,1443,1576,1407,1562,1387,1542,1453,1533,1477,1537,1502,1538,1537,1558,1500,1551,1474,1550,1449,1546
623,h,1,1,1228,1178,1673,1624,20.766666666666666,1203,1345,1201,1407,1205,1469,1214,1528,1238,1583,1281,1624,1336,1650,1392,1670,1450,1681,1502,1679,1547,1659,1584,1628,1611,1587,1630,1540,1646,1494,1655,1446,1658,1399,1290,1284,1329,1260,1376,1255,1424,1264,1468,1281,1524,1293,1564,1292,1602,1296,1637,1312,1653,1345,1492,1329,1493,1359,1495,1387,1497,1417,1431,1461,1457,1467,1483,1475,1507,1474,1529,1472,1332,1318,1362,1301,1393,1305,1416,1336,1388,1332,1357,1326,1536,1356,1564,1334,1593,1338,1612,1364,1590,1365,1562,1361,1373,1543,1414,1515,1456,1506,1481,1514,1506,1512,1534,1529,1549,1564,1525,1574,1497,1581,1470,1580,1443,1576,1407,1562,1387,1542,1453,1533,1477,1537,1502,1538,1537,1558,1500,1551,1474,1550,1449,1546
624,h,1,1,1228,1178,1673,1624,20.8,1197,1346,1193,1408,1196,1470,1205,1530,1231,1584,1276,1623,1332,1650,1388,1670,1446,1681,1499,1679,1543,1658,1580,1627,1607,1587,1627,1543,1643,1497,1651,1449,1653,1403,1291,1281,1333,1259,1380,1256,1427,1265,1470,1282,1523,1295,1561,1292,1597,1295,1630,1307,1647,1335,1491,1329,1493,1359,1495,1387,1497,1417,1430,1460,1456,1467,1482,1475,1505,1474,1527,1472,1332,1317,1362,1301,1393,1306,1415,1336,1388,1333,1357,1327,1534,1355,1561,1333,1590,1337,1608,1362,1587,1364,1560,1360,1370,1543,1411,1516,1454,1506,1479,1515,1504,1513,1531,1529,1547,1564,1523,1574,1494,1580,1468,1579,1441,1574,1404,1562,1384,1542,1451,1533,1476,1537,1501,1539,1535,1559,1498,1551,1472,1549,1447,1545
625,h,1,1,1228,1228,1673,1673,20.833333333333332,1204,1343,1201,1404,1204,1465,1211,1523,1232,1578,1271,1620,1324,1647,1381,1667,1439,1679,1491,1677,1537,1659,1576,1630,1604,1590,1625,1544,1641,1498,1651,1450,1653,1402,1291,1282,1330,1258,1377,1254,1423,1264,1465,1282,1523,1295,1560,1293,1596,1296,1629,1308,1647,1336,1489,1328,1490,1358,1491,1387,1493,1419,1426,1460,1452,1467,1478,1474,1502,1473,1525,1471,1331,1319,1360,1304,1390,1309,1414,1337,1385,1333,1355,1327,1533,1355,1560,1335,1588,1339,1607,1362,1585,1363,1558,1359,1368,1539,1411,1515,1452,1505,1476,1514,1501,1512,1528,1529,1544,1563,1518,1573,1490,1580,1463,1579,1437,1574,1401,1561,1382,1540,1448,1532,1472,1536,1496,1538,1532,1558,1494,1551,1468,1549,1444,1546
626,h,1,1,1228,1228,1673,1673,20.866666666666667,1201,1343,1198,1404,1202,1466,1210,1524,1233,1579,1273,1621,1325,1648,1382,1669,1441,1680,1493,1678,1538,1660,1577,1630,1603,1589,1623,1544,1638,1498,1649,1450,1652,1402,1287,1281,1327,1257,1375,1253,1421,1263,1464,1281,1520,1293,1559,1292,1597,1295,1631,1310,1648,1342,1488,1329,1488,1359,1490,1387,1492,1418,1424,1460,1451,1466,1477,1473,1501,1472,1524,1471,1329,1318,1358,1301,1389,1306,1411,1336,1383,1332,1353,1326,1531,1356,1559,1334,1586,1338,1605,1362,1584,1364,1557,1360,1367,1541,1408,1514,1450,1504,1474,1512,1499,1510,1526,1527,1541,1562,1517,1572,1489,1578,1462,1577,1436,1572,1399,1559,1381,1540,1446,1531,1470,1535,1495,1537,1530,1557,1493,1549,1467,1548,1442,1544
627,h,1,1,1228,1228,1673,1673,20.9,1201,1343,1198,1404,1202,1466,1210,1524,1233,1579,1273,1621,1325,1648,1382,1669,1441,1680,1493,1678,1538,1660,1577,1630,1603,1589,1623,1544,1638,1498,1649,1450,1652,1402,1287,1281,1327,1257,1375,1253,1421,1263,1464,1281,1520,1293,1559,1292,1597,1295,1631,1310,1648,1342,1488,1329,1488,1359,1490,1387,1492,1418,1424,1460,1451,1466,1477,1473,1501,1472,1524,1471,1329,1318,1358,1301,1389,1306,1411,1336,1383,1332,1353,1326,1531,1356,1559,1334,1586,1338,1605,1362,1584,1364,1557,1360,1367,1541,1408,1514,1450,1504,1474,1512,1499,1510,1526,1527,1541,1562,1517,1572,1489,1578,1462,1577,1436,1572,1399,1559,1381,1540,1446,1531,1470,1535,1495,1537,1530,1557,1493,1549,1467,1548,1442,1544
628,h,1,1,1228,1178,1673,1624,20.933333333333334,1192,1349,1191,1409,1195,1470,1204,1529,1228,1583,1271,1622,1326,1648,1382,1669,1441,1680,1493,1679,1538,1660,1575,1632,1601,1591,1620,1546,1637,1499,1646,1452,1649,1405,1282,1282,1322,1258,1370,1253,1418,1261,1462,1277,1518,1290,1557,1290,1594,1295,1627,1311,1643,1342,1484,1328,1486,1356,1488,1384,1491,1414,1424,1458,1450,1464,1475,1472,1499,1471,1522,1470,1324,1317,1353,1300,1384,1304,1408,1334,1379,1331,1348,1325,1528,1354,1556,1332,1585,1337,1603,1363,1582,1364,1554,1359,1364,1540,1405,1512,1448,1503,1473,1510,1497,1509,1525,1526,1541,1562,1517,1571,1488,1577,1462,1575,1435,1570,1398,1558,1378,1538,1444,1529,1470,1533,1493,1535,1529,1556,1491,1549,1466,1546,1441,1543
629,h,1,1,1228,1228,1673,1673,20.966666666666665,1193,1342,1191,1403,1194,1464,1201,1522,1224,1577,1265,1618,1317,1645,1375,1666,1435,1678,1490,1676,1535,1658,1573,1628,1599,1586,1618,1541,1634,1495,1644,1446,1646,1399,1282,1279,1322,1254,1369,1250,1416,1259,1460,1276,1517,1289,1556,1288,1593,1293,1625,1306,1642,1337,1483,1325,1484,1354,1486,1382,1488,1413,1419,1456,1446,1462,1473,1469,1497,1469,1520,1468,1323,1316,1352,1300,1382,1304,1406,1332,1378,1329,1347,1323,1526,1352,1554,1332,1582,1336,1601,1359,1579,1360,1552,1356,1361,1539,1403,1510,1445,1500,1470,1508,1496,1506,1523,1524,1538,1560,1515,1569,1486,1574,1459,1573,1432,1568,1395,1556,1376,1538,1441,1527,1467,1531,1492,1532,1526,1554,1490,1547,1464,1545,1438,1541
630,h,1,1,1228,1228,1673,1673,21.0,1193,1342,1191,1403,1194,1464,1201,1522,1224,1577,1265,1618,1317,1645,1375,1666,1435,1678,1490,1676,1535,1658,1573,1628,1599,1586,1618,1541,1634,1495,1644,1446,1646,1399,1282,1279,1322,1254,1369,1250,1416,1259,1460,1276,1517,1289,1556,1288,1593,1293,1625,1306,1642,1337,1483,1325,1484,1354,1486,1382,1488,1413,1419,1456,1446,1462,1473,1469,1497,1469,1520,1468,1323,1316,1352,1300,1382,1304,1406,1332,1378,1329,1347,1323,1526,1352,1554,1332,1582,1336,1601,1359,1579,1360,1552,1356,1361,1539,1403,1510,1445,1500,1470,1508,1496,1506,1523,1524,1538,1560,1515,1569,1486,1574,1459,1573,1432,1568,1395,1556,1376,1538,1441,1527,1467,1531,1492,1532,1526,1554,1490,1547,1464,1545,1438,1541
631,h,1,1,1228,1228,1673,1673,21.033333333333335,1195,1339,1192,1401,1195,1463,1202,1523,1225,1578,1265,1621,1317,1649,1374,1671,1435,1682,1489,1680,1534,1663,1571,1633,1596,1591,1616,1544,1633,1497,1644,1446,1647,1396,1283,1277,1323,1253,1369,1249,1415,1257,1458,1273,1515,1287,1553,1286,1590,1290,1622,1303,1640,1332,1482,1322,1483,1352,1484,1380,1486,1411,1419,1453,1445,1460,1472,1468,1496,1467,1519,1466,1324,1311,1354,1296,1384,1301,1407,1329,1379,1326,1349,1320,1525,1348,1553,1328,1581,1332,1599,1356,1578,1357,1551,1353,1365,1536,1405,1508,1445,1498,1470,1507,1496,1505,1522,1522,1538,1557,1514,1569,1486,1575,1458,1574,1431,1568,1396,1556,1379,1535,1441,1525,1466,1529,1491,1531,1526,1552,1490,1546,1464,1544,1438,1540
632,h,1,1,1228,1178,1673,1624,21.066666666666666,1195,1339,1193,1400,1197,1462,1206,1521,1228,1575,1269,1617,1322,1643,1378,1664,1438,1674,1491,1672,1537,1653,1576,1623,1602,1582,1620,1536,1637,1490,1647,1442,1649,1394,1279,1279,1316,1253,1363,1247,1411,1255,1454,1270,1512,1284,1551,1283,1590,1289,1623,1305,1640,1338,1478,1319,1479,1349,1481,1377,1483,1408,1418,1451,1444,1458,1470,1465,1494,1465,1517,1463,1320,1310,1349,1294,1380,1298,1404,1328,1376,1325,1345,1320,1523,1348,1551,1326,1579,1330,1599,1356,1577,1357,1549,1353,1364,1533,1403,1506,1444,1495,1470,1505,1496,1502,1522,1520,1540,1554,1514,1565,1486,1571,1459,1570,1431,1564,1395,1552,1379,1531,1441,1523,1467,1527,1492,1529,1527,1548,1490,1542,1464,1540,1437,1536
633,h,1,1,1228,1178,1673,1624,21.1,1192,1341,1192,1402,1195,1462,1204,1521,1227,1574,1269,1614,1324,1639,1380,1659,1437,1671,1489,1670,1534,1651,1574,1622,1602,1581,1622,1536,1637,1490,1646,1442,1648,1395,1280,1278,1318,1252,1365,1246,1413,1253,1458,1269,1511,1284,1550,1283,1589,1288,1623,1302,1641,1332,1479,1319,1480,1348,1482,1376,1484,1407,1419,1450,1445,1457,1471,1464,1495,1464,1517,1463,1323,1309,1351,1295,1382,1299,1406,1327,1377,1324,1347,1319,1524,1348,1552,1327,1580,1332,1599,1355,1578,1357,1550,1353,1363,1526,1403,1503,1444,1495,1470,1504,1496,1502,1523,1519,1540,1552,1515,1562,1486,1567,1458,1566,1431,1561,1395,1548,1378,1526,1440,1522,1467,1527,1492,1528,1528,1547,1489,1538,1463,1537,1437,1532
634,h,1,1,1228,1178,1673,1624,21.133333333333333,1192,1341,1192,1402,1195,1462,1204,1521,1227,1574,1269,1614,1324,1639,1380,1659,1437,1671,1489,1670,1534,1651,1574,1622,1602,1581,1622,1536,1637,1490,1646,1442,1648,1395,1280,1278,1318,1252,1365,1246,1413,1253,1458,1269,1511,1284,1550,1283,1589,1288,1623,1302,1641,1332,1479,1319,1480,1348,1482,1376,1484,1407,1419,1450,1445,1457,1471,1464,1495,1464,1517,1463,1323,1309,1351,1295,1382,1299,1406,1327,1377,1324,1347,1319,1524,1348,1552,1327,1580,1332,1599,1355,1578,1357,1550,1353,1363,1526,1403,1503,1444,1495,1470,1504,1496,1502,1523,1519,1540,1552,1515,1562,1486,1567,1458,1566,1431,1561,1395,1548,1378,1526,1440,1522,1467,1527,1492,1528,1528,1547,1489,1538,1463,1537,1437,1532
635,h,1,1,1228,1178,1673,1624,21.166666666666668,1191,1340,1190,1402,1193,1464,1202,1522,1226,1576,1268,1616,1322,1642,1379,1660,1437,1670,1489,1669,1533,1650,1571,1621,1598,1580,1618,1535,1632,1489,1640,1441,1642,1396,1281,1278,1319,1253,1366,1246,1413,1253,1456,1269,1512,1283,1550,1283,1587,1289,1617,1306,1632,1337,1480,1320,1481,1349,1484,1377,1486,1407,1419,1449,1445,1456,1472,1464,1496,1463,1518,1462,1324,1309,1352,1294,1383,1298,1406,1328,1378,1325,1348,1319,1523,1348,1550,1327,1578,1331,1596,1354,1576,1357,1548,1353,1363,1528,1403,1503,1443,1494,1469,1503,1495,1501,1521,1518,1537,1550,1513,1560,1485,1564,1458,1563,1430,1558,1395,1547,1377,1527,1440,1521,1466,1525,1491,1527,1525,1545,1488,1537,1462,1535,1436,1531
636,h,1,1,1228,1178,1673,1624,21.2,1187,1343,1186,1405,1191,1467,1201,1525,1226,1579,1270,1618,1326,1643,1382,1662,1440,1673,1491,1671,1535,1652,1573,1624,1600,1584,1621,1539,1636,1492,1644,1443,1645,1396,1280,1276,1318,1252,1365,1246,1413,1254,1457,1269,1513,1284,1551,1282,1589,1287,1622,1301,1639,1332,1480,1319,1482,1348,1484,1376,1487,1407,1420,1450,1446,1456,1473,1464,1497,1463,1520,1462,1322,1309,1351,1293,1382,1297,1405,1327,1377,1324,1346,1318,1524,1347,1551,1326,1580,1330,1599,1354,1577,1355,1549,1352,1363,1527,1404,1503,1446,1494,1471,1503,1495,1501,1522,1518,1537,1550,1514,1560,1486,1565,1460,1564,1433,1559,1396,1547,1378,1527,1442,1521,1467,1525,1492,1527,1525,1545,1489,1537,1464,1536,1439,1532
637,h,1,1,1228,1178,1673,1624,21.233333333333334,1191,1340,1189,1402,1193,1464,1203,1523,1228,1576,1272,1615,1326,1640,1382,1660,1440,1670,1491,1669,1534,1649,1571,1620,1599,1580,1619,1535,1634,1489,1643,1441,1645,1395,1283,1276,1322,1251,1369,1245,1416,1254,1460,1270,1515,1284,1552,1282,1589,1287,1621,1301,1638,1330,1483,1319,1484,1348,1487,1376,1489,1407,1421,1450,1447,1457,1474,1465,1498,1464,1521,1462,1323,1309,1352,1292,1384,1297,1407,1327,1379,1324,1348,1318,1525,1347,1552,1325,1581,1329,1599,1353,1579,1355,1551,1352,1364,1530,1404,1503,1445,1494,1471,1503,1497,1501,1524,1518,1539,1551,1516,1561,1488,1567,1461,1566,1433,1560,1397,1548,1378,1529,1442,1520,1468,1525,1493,1526,1527,1546,1492,1537,1465,1536,1439,1532
638,h,1,1,1228,1178,1673,1624,21.266666666666666,1191,1340,1189,1402,1193,1464,1203,1523,1228,1576,1272,1615,1326,1640,1382,1660,1440,1670,1491,1669,1534,1649,1571,1620,1599,1580,1619,1535,1634,1489,1643,1441,1645,1395,1283,1276,1322,1251,1369,1245,1416,1254,1460,1270,1515,1284,1552,1282,1589,1287,1621,1301,1638,1330,1483,1319,1484,1348,1487,1376,1489,1407,1421,1450,1447,1457,1474,1465,1498,1464,1521,1462,1323,1309,1352,1292,1384,1297,1407,1327,1379,1324,1348,1318,1525,1347,1552,1325,1581,1329,1599,1353,1579,1355,1551,1352,1364,1530,1404,1503,1445,1494,1471,1503,1497,1501,1524,1518,1539,1551,1516,1561,1488,1567,1461,1566,1433,1560,1397,1548,1378,1529,1442,1520,1468,1525,1493,1526,1527,1546,1492,1537,1465,1536,1439,1532
639,h,1,1,1228,1178,1673,1624,21.3,1193,1343,1191,1405,1196,1466,1206,1524,1231,1577,1275,1616,1330,1640,1385,1659,1443,1669,1494,1667,1536,1648,1574,1619,1602,1580,1622,1536,1638,1490,1647,1442,1649,1395,1283,1277,1322,1252,1369,1246,1416,1253,1460,1268,1515,1283,1553,1282,1591,1287,1625,1301,1643,1331,1483,1320,1484,1349,1487,1377,1489,1408,1422,1450,1448,1456,1475,1464,1499,1464,1522,1463,1324,1309,1353,1292,1384,1297,1407,1327,1379,1324,1349,1318,1527,1347,1554,1325,1583,1329,1602,1354,1581,1356,1552,1352,1367,1531,1407,1505,1448,1495,1473,1505,1498,1502,1525,1520,1541,1553,1517,1563,1489,1569,1462,1568,1435,1562,1399,1550,1382,1530,1444,1522,1470,1526,1495,1528,1529,1548,1492,1540,1466,1538,1440,1534
640,h,1,1,1228,1178,1673,1624,21.333333333333332,1194,1344,1193,1405,1197,1466,1208,1523,1233,1576,1276,1616,1330,1641,1385,1661,1442,1671,1493,1669,1536,1651,1574,1623,1602,1584,1623,1540,1640,1494,1649,1446,1652,1399,1284,1277,1323,1252,1370,1246,1418,1254,1462,1269,1517,1284,1555,1283,1593,1288,1626,1301,1645,1329,1484,1319,1486,1348,1488,1377,1490,1408,1424,1452,1450,1458,1476,1466,1500,1465,1522,1463,1325,1311,1354,1295,1385,1299,1408,1328,1380,1325,1349,1320,1529,1347,1556,1327,1585,1331,1604,1355,1583,1356,1555,1352,1368,1532,1408,1506,1449,1496,1473,1505,1498,1503,1525,1520,1540,1553,1516,1564,1489,1570,1462,1570,1436,1564,1400,1551,1383,1531,1445,1523,1470,1528,1495,1529,1528,1548,1492,1541,1467,1539,1442,1535
641,h,1,1,1228,1178,1673,1624,21.366666666666667,1196,1343,1194,1403,1197,1464,1206,1522,1230,1575,1271,1616,1325,1641,1381,1659,1439,1670,1490,1668,1534,1651,1574,1623,1603,1585,1624,1541,1640,1495,1650,1448,1654,1400,1285,1279,1323,1252,1371,1245,1419,1252,1464,1269,1519,1283,1559,1282,1599,1288,1634,1305,1649,1340,1486,1320,1487,1349,1489,1377,1491,1408,1424,1451,1451,1457,1477,1465,1501,1465,1524,1463,1326,1309,1356,1293,1387,1298,1411,1328,1382,1325,1351,1319,1530,1348,1557,1326,1586,1330,1606,1356,1584,1357,1556,1353,1368,1530,1407,1505,1449,1496,1474,1505,1500,1503,1526,1520,1541,1554,1517,1564,1489,1570,1462,1569,1434,1564,1398,1551,1382,1529,1445,1521,1471,1525,1496,1527,1529,1548,1493,1542,1467,1541,1440,1537
642,h,1,1,1228,1178,1673,1624,21.4,1196,1343,1194,1403,1197,1464,1206,1522,1230,1575,1271,1616,1325,1641,1381,1659,1439,1670,1490,1668,1534,1651,1574,1623,1603,1585,1624,1541,1640,1495,1650,1448,1654,1400,1285,1279,1323,1252,1371,1245,1419,1252,1464,1269,1519,1283,1559,1282,1599,1288,1634,1305,1649,1340,1486,1320,1487,1349,1489,1377,1491,1408,1424,1451,1451,1457,1477,1465,1501,1465,1524,1463,1326,1309,1356,1293,1387,1298,1411,1328,1382,1325,1351,1319,1530,1348,1557,1326,1586,1330,1606,1356,1584,1357,1556,1353,1368,1530,1407,1505,1449,1496,1474,1505,1500,1503,1526,1520,1541,1554,1517,1564,1489,1570,1462,1569,1434,1564,1398,1551,1382,1529,1445,1521,1471,1525,1496,1527,1529,1548,1493,1542,1467,1541,1440,1537
643,h,1,1,1228,1178,1673,1624,21.433333333333334,1201,1335,1198,1396,1201,1458,1209,1515,1233,1569,1274,1611,1328,1637,1384,1657,1441,1669,1492,1667,1537,1650,1576,1622,1605,1584,1624,1540,1640,1493,1650,1445,1653,1398,1288,1279,1327,1253,1375,1246,1424,1254,1468,1271,1521,1285,1561,1283,1600,1289,1634,1306,1650,1339,1488,1320,1489,1350,1491,1378,1493,1408,1427,1452,1453,1458,1479,1466,1503,1466,1526,1464,1330,1309,1360,1294,1390,1298,1414,1328,1385,1325,1355,1319,1532,1348,1560,1327,1588,1331,1607,1355,1585,1357,1557,1353,1371,1530,1412,1506,1453,1497,1477,1506,1502,1504,1529,1521,1544,1555,1520,1565,1491,1571,1465,1569,1438,1564,1402,1551,1385,1529,1449,1523,1474,1528,1498,1530,1533,1549,1495,1542,1470,1540,1444,1536
644,h,1,1,1228,1178,1673,1624,21.466666666666665,1197,1342,1195,1403,1197,1465,1206,1524,1231,1578,1274,1618,1330,1643,1387,1662,1446,1673,1499,1670,1544,1650,1582,1622,1611,1582,1630,1539,1646,1493,1655,1446,1658,1400,1287,1282,1326,1254,1374,1246,1423,1254,1468,1270,1522,1282,1562,1282,1601,1288,1636,1305,1651,1338,1490,1320,1491,1349,1493,1377,1496,1407,1429,1452,1455,1458,1481,1465,1505,1465,1528,1464,1331,1310,1360,1294,1391,1298,1415,1328,1386,1325,1356,1319,1534,1347,1561,1326,1589,1330,1609,1354,1588,1356,1559,1352,1372,1533,1412,1506,1453,1496,1478,1504,1504,1502,1532,1520,1548,1554,1524,1563,1495,1568,1468,1567,1441,1562,1405,1551,1386,1531,1450,1522,1475,1526,1501,1528,1536,1548,1499,1541,1472,1539,1446,1535
645,h,1,1,1228,1178,1673,1624,21.5,1197,1342,1195,1403,1197,1465,1206,1524,1231,1578,1274,1618,1330,1643,1387,1662,1446,1673,1499,1670,1544,1650,1582,1622,1611,1582,1630,1539,1646,1493,1655,1446,1658,1400,1287,1282,1326,1254,1374,1246,1423,1254,1468,1270,1522,1282,1562,1282,1601,1288,1636,1305,1651,1338,1490,1320,1491,1349,1493,1377,1496,1407,1429,1452,1455,1458,1481,1465,1505,1465,1528,1464,1331,1310,1360,1294,1391,1298,1415,1328,1386,1325,1356,1319,1534,1347,1561,1326,1589,1330,1609,1354,1588,1356,1559,1352,1372,1533,1412,1506,1453,1496,1478,1504,1504,1502,1532,1520,1548,1554,1524,1563,1495,1568,1468,1567,1441,1562,1405,1551,1386,1531,1450,1522,1475,1526,1501,1528,1536,1548,1499,1541,1472,1539,1446,1535
646,h,1,1,1228,1178,1673,1624,21.533333333333335,1206,1337,1202,1397,1204,1459,1212,1518,1237,1573,1280,1613,1334,1638,1390,1657,1446,1667,1497,1664,1542,1646,1581,1618,1609,1581,1630,1538,1647,1493,1656,1446,1660,1399,1293,1275,1332,1251,1379,1246,1426,1254,1469,1271,1527,1284,1566,1284,1604,1289,1637,1305,1653,1337,1492,1322,1493,1350,1495,1377,1497,1407,1431,1452,1456,1458,1482,1465,1506,1465,1529,1464,1335,1310,1363,1294,1394,1298,1417,1328,1389,1325,1359,1319,1537,1348,1564,1327,1591,1331,1610,1355,1589,1357,1562,1353,1372,1526,1414,1505,1456,1496,1479,1505,1505,1503,1531,1520,1548,1553,1522,1563,1493,1569,1467,1568,1441,1563,1404,1550,1386,1527,1452,1522,1476,1527,1501,1528,1535,1548,1497,1539,1472,1537,1447,1534
647,h,1,1,1228,1178,1673,1624,21.566666666666666,1207,1337,1203,1398,1204,1460,1212,1518,1236,1572,1278,1612,1333,1639,1389,1659,1445,1671,1497,1669,1543,1650,1582,1621,1611,1583,1631,1539,1648,1493,1657,1446,1660,1398,1293,1278,1331,1251,1379,1244,1427,1253,1471,1271,1528,1285,1567,1283,1605,1288,1639,1304,1655,1337,1495,1321,1495,1350,1497,1377,1499,1408,1433,1451,1458,1457,1484,1466,1508,1465,1530,1464,1336,1309,1365,1294,1396,1299,1420,1328,1391,1324,1360,1319,1538,1348,1566,1327,1594,1332,1613,1356,1592,1357,1564,1353,1376,1527,1416,1505,1457,1496,1481,1504,1507,1503,1535,1520,1551,1554,1526,1564,1497,1569,1469,1568,1443,1563,1407,1549,1390,1527,1453,1522,1478,1527,1504,1529,1540,1549,1501,1540,1474,1538,1449,1534
648,h,1,1,1228,1178,1673,1624,21.6,1193,1345,1189,1408,1190,1472,1199,1532,1227,1586,1274,1624,1333,1645,1390,1662,1446,1672,1497,1670,1540,1652,1580,1626,1609,1587,1631,1543,1647,1496,1656,1448,1658,1401,1292,1276,1332,1250,1380,1245,1428,1253,1473,1269,1530,1284,1568,1283,1605,1287,1638,1302,1654,1332,1498,1321,1499,1349,1501,1376,1503,1406,1435,1450,1461,1456,1487,1464,1511,1464,1534,1463,1338,1309,1367,1293,1398,1298,1421,1328,1393,1324,1362,1318,1538,1348,1565,1326,1594,1331,1612,1355,1592,1356,1564,1353,1375,1529,1417,1504,1460,1494,1484,1502,1510,1501,1538,1519,1552,1553,1528,1564,1499,1570,1472,1569,1445,1564,1408,1551,1389,1529,1456,1521,1481,1525,1507,1527,1541,1548,1503,1541,1477,1539,1451,1535
649,h,1,1,1228,1178,1673,1624,21.633333333333333,1193,1345,1189,1408,1190,1472,1199,1532,1227,1586,1274,1624,1333,1645,1390,1662,1446,1672,1497,1670,1540,1652,1580,1626,1609,1587,1631,1543,1647,1496,1656,1448,1658,1401,1292,1276,1332,1250,1380,1245,1428,1253,1473,1269,1530,1284,1568,1283,1605,1287,1638,1302,1654,1332,1498,1321,1499,1349,1501,1376,1503,1406,1435,1450,1461,1456,1487,1464,1511,1464,1534,1463,1338,1309,1367,1293,1398,1298,1421,1328,1393,1324,1362,1318,1538,1348,1565,1326,1594,1331,1612,1355,1592,1356,1564,1353,1375,1529,1417,1504,1460,1494,1484,1502,1510,1501,1538,1519,1552,1553,1528,1564,1499,1570,1472,1569,1445,1564,1408,1551,1389,1529,1456,1521,1481,1525,1507,1527,1541,1548,1503,1541,1477,1539,1451,1535
650,h,1,1,1228,1178,1673,1624,21.666666666666668,1203,1338,1199,1400,1199,1463,1206,1523,1231,1579,1276,1618,1334,1642,1391,1662,1450,1673,1503,1670,1548,1650,1587,1621,1615,1580,1635,1535,1651,1489,1660,1443,1663,1397,1294,1274,1334,1249,1382,1243,1430,1252,1475,1269,1531,1283,1572,1282,1612,1288,1647,1305,1662,1339,1499,1321,1500,1348,1501,1374,1503,1404,1435,1448,1461,1454,1487,1461,1512,1462,1534,1461,1339,1307,1368,1292,1399,1297,1423,1326,1394,1322,1363,1316,1541,1347,1569,1326,1597,1331,1616,1355,1595,1356,1567,1352,1375,1524,1419,1502,1461,1492,1485,1501,1510,1500,1537,1517,1553,1551,1528,1563,1499,1569,1472,1567,1446,1562,1409,1548,1389,1524,1457,1519,1482,1524,1506,1526,1541,1546,1503,1541,1477,1538,1452,1535
651,h,1,1,1228,1178,1673,1624,21.7,1206,1335,1201,1397,1200,1459,1206,1519,1230,1575,1275,1614,1332,1639,1388,1658,1447,1670,1501,1668,1547,1649,1586,1620,1615,1581,1636,1536,1651,1490,1661,1443,1663,1397,1294,1275,1334,1248,1382,1242,1430,1250,1475,1267,1531,1282,1571,1281,1611,1287,1645,1304,1660,1338,1500,1320,1500,1347,1501,1374,1503,1403,1435,1446,1461,1452,1488,1460,1512,1460,1535,1459,1340,1305,1369,1290,1400,1295,1424,1325,1395,1321,1364,1315,1541,1346,1569,1324,1597,1329,1616,1353,1595,1354,1567,1351,1379,1522,1420,1499,1462,1490,1485,1498,1510,1497,1538,1514,1553,1547,1528,1559,1499,1564,1472,1563,1447,1558,1411,1545,1392,1522,1458,1517,1482,1521,1506,1523,1542,1542,1503,1537,1477,1535,1453,1531
652,h,1,1,1228,1178,1673,1624,21.733333333333334,1202,1338,1198,1399,1198,1461,1204,1520,1228,1574,1273,1613,1331,1635,1389,1654,1448,1665,1502,1663,1546,1644,1585,1616,1615,1578,1635,1534,1650,1488,1659,1442,1661,1396,1294,1274,1334,1247,1381,1240,1430,1249,1475,1265,1531,1281,1569,1280,1608,1285,1642,1302,1658,1335,1499,1317,1500,1345,1502,1372,1504,1402,1437,1446,1463,1452,1489,1459,1512,1460,1534,1459,1338,1305,1367,1290,1398,1295,1422,1324,1393,1320,1363,1314,1541,1345,1569,1324,1597,1328,1615,1352,1595,1353,1567,1349,1377,1522,1421,1500,1463,1490,1487,1499,1513,1498,1539,1515,1557,1546,1531,1555,1502,1560,1475,1558,1449,1553,1413,1541,1392,1522,1459,1518,1484,1522,1509,1524,1545,1542,1507,1532,1481,1530,1455,1526
653,h,1,1,1228,1178,1673,1624,21.766666666666666,1202,1338,1198,1399,1198,1461,1204,1520,1228,1574,1273,1613,1331,1635,1389,1654,1448,1665,1502,1663,1546,1644,1585,1616,1615,1578,1635,1534,1650,1488,1659,1442,1661,1396,1294,1274,1334,1247,1381,1240,1430,1249,1475,1265,1531,1281,1569,1280,1608,1285,1642,1302,1658,1335,1499,1317,1500,1345,1502,1372,1504,1402,1437,1446,1463,1452,1489,1459,1512,1460,1534,1459,1338,1305,1367,1290,1398,1295,1422,1324,1393,1320,1363,1314,1541,1345,1569,1324,1597,1328,1615,1352,1595,1353,1567,1349,1377,1522,1421,1500,1463,1490,1487,1499,1513,1498,1539,1515,1557,1546,1531,1555,1502,1560,1475,1558,1449,1553,1413,1541,1392,1522,1459,1518,1484,1522,1509,1524,1545,1542,1507,1532,1481,1530,1455,1526
654,h,1,1,1176,1117,1711,1652,21.8,1195,1351,1193,1412,1194,1473,1202,1532,1229,1583,1276,1620,1336,1641,1394,1659,1453,1672,1505,1671,1552,1653,1591,1624,1619,1583,1640,1539,1655,1491,1663,1442,1663,1395,1294,1273,1333,1247,1380,1242,1428,1249,1473,1265,1530,1279,1567,1278,1603,1285,1635,1301,1650,1332,1497,1313,1499,1342,1502,1370,1506,1401,1437,1444,1464,1452,1490,1461,1514,1461,1536,1460,1338,1304,1368,1289,1398,1294,1421,1322,1394,1318,1363,1312,1541,1344,1569,1324,1597,1329,1615,1353,1595,1353,1567,1349,1380,1520,1425,1497,1467,1489,1490,1499,1517,1498,1544,1516,1561,1547,1534,1556,1504,1559,1477,1557,1451,1551,1415,1540,1395,1520,1463,1517,1487,1523,1513,1525,1550,1542,1508,1531,1482,1528,1457,1523
655,h,1,1,1176,1117,1711,1652,21.833333333333332,1194,1345,1190,1408,1191,1471,1200,1532,1228,1583,1276,1621,1336,1642,1395,1660,1454,1671,1506,1670,1552,1652,1590,1623,1618,1582,1638,1538,1653,1489,1660,1441,1662,1394,1295,1268,1336,1245,1382,1241,1429,1249,1473,1265,1531,1280,1569,1279,1606,1284,1638,1298,1655,1327,1498,1314,1499,1342,1502,1369,1505,1400,1436,1445,1463,1452,1490,1461,1514,1461,1536,1460,1337,1305,1367,1290,1398,1294,1421,1322,1393,1319,1362,1313,1540,1343,1569,1324,1597,1328,1616,1352,1595,1353,1567,1349,1378,1522,1423,1499,1465,1490,1490,1499,1516,1498,1543,1515,1559,1547,1533,1554,1505,1559,1477,1557,1450,1552,1414,1540,1393,1522,1461,1519,1486,1524,1512,1527,1547,1542,1509,1530,1482,1528,1456,1524
656,h,1,1,1176,1117,1711,1652,21.866666666666667,1195,1346,1190,1407,1190,1469,1199,1529,1227,1581,1275,1619,1335,1641,1392,1661,1450,1674,1502,1674,1548,1654,1588,1623,1617,1581,1639,1536,1655,1487,1662,1439,1662,1393,1298,1269,1337,1245,1383,1240,1429,1249,1472,1265,1530,1280,1568,1280,1605,1285,1637,1298,1654,1325,1496,1314,1498,1342,1501,1370,1504,1400,1436,1445,1462,1453,1489,1460,1512,1461,1534,1460,1337,1303,1366,1289,1397,1293,1419,1322,1392,1317,1362,1312,1540,1343,1567,1324,1596,1328,1614,1351,1594,1352,1566,1348,1379,1526,1421,1499,1463,1489,1487,1499,1513,1497,1540,1516,1555,1552,1530,1558,1501,1563,1474,1562,1448,1556,1412,1543,1394,1526,1459,1518,1483,1523,1509,1525,1543,1546,1505,1536,1479,1532,1454,1528
657,h,1,1,1176,1117,1711,1652,21.9,1195,1346,1190,1407,1190,1469,1199,1529,1227,1581,1275,1619,1335,1641,1392,1661,1450,1674,1502,1674,1548,1654,1588,1623,1617,1581,1639,1536,1655,1487,1662,1439,1662,1393,1298,1269,1337,1245,1383,1240,1429,1249,1472,1265,1530,1280,1568,1280,1605,1285,1637,1298,1654,1325,1496,1314,1498,1342,1501,1370,1504,1400,1436,1445,1462,1453,1489,1460,1512,1461,1534,1460,1337,1303,1366,1289,1397,1293,1419,1322,1392,1317,1362,1312,1540,1343,1567,1324,1596,1328,1614,1351,1594,1352,1566,1348,1379,1526,1421,1499,1463,1489,1487,1499,1513,1497,1540,1516,1555,1552,1530,1558,1501,1563,1474,1562,1448,1556,1412,1543,1394,1526,1459,1518,1483,1523,1509,1525,1543,1546,1505,1536,1479,1532,1454,1528
658,h,1,1,1176,1117,1711,1652,21.933333333333334,1190,1344,1187,1406,1189,1468,1197,1529,1224,1581,1271,1621,1331,1645,1388,1667,1448,1680,1501,1679,1546,1658,1585,1626,1613,1583,1634,1536,1650,1488,1658,1437,1660,1389,1295,1270,1334,1246,1381,1242,1428,1251,1470,1267,1528,1280,1564,1281,1600,1287,1630,1302,1646,1328,1495,1314,1497,1342,1500,1370,1502,1400,1435,1445,1461,1453,1488,1461,1511,1461,1532,1460,1335,1305,1364,1289,1396,1294,1418,1322,1391,1318,1360,1313,1539,1343,1567,1323,1595,1328,1612,1352,1592,1353,1565,1349,1380,1527,1421,1499,1463,1489,1487,1499,1513,1498,1540,1517,1553,1554,1530,1566,1502,1571,1474,1569,1448,1562,1412,1549,1395,1526,1459,1517,1483,1522,1509,1525,1541,1548,1506,1541,1479,1538,1454,1533
659,h,1,1,1176,1117,1711,1652,21.966666666666665,1191,1342,1186,1404,1187,1468,1196,1528,1222,1581,1269,1620,1329,1643,1388,1663,1447,1675,1501,1673,1545,1652,1585,1621,1614,1579,1634,1533,1650,1484,1658,1436,1659,1390,1294,1266,1334,1243,1379,1240,1425,1249,1468,1264,1528,1280,1564,1280,1600,1284,1632,1295,1650,1323,1494,1314,1496,1342,1498,1369,1501,1399,1432,1445,1459,1452,1486,1461,1510,1460,1532,1458,1335,1304,1364,1288,1395,1293,1417,1322,1390,1318,1359,1313,1538,1342,1565,1322,1593,1327,1611,1351,1591,1351,1563,1347,1376,1528,1418,1502,1460,1491,1485,1501,1512,1499,1538,1517,1551,1551,1528,1559,1500,1565,1472,1563,1445,1557,1410,1545,1390,1527,1456,1520,1482,1524,1507,1527,1539,1546,1504,1537,1477,1534,1452,1530
660,h,1,1,1176,1117,1711,1652,22.0,1191,1342,1186,1404,1187,1468,1196,1528,1222,1581,1269,1620,1329,1643,1388,1663,1447,1675,1501,1673,1545,1652,1585,1621,1614,1579,1634,1533,1650,1484,1658,1436,1659,1390,1294,1266,1334,1243,1379,1240,1425,1249,1468,1264,1528,1280,1564,1280,1600,1284,1632,1295,1650,1323,1494,1314,1496,1342,1498,1369,1501,1399,1432,1445,1459,1452,1486,1461,1510,1460,1532,1458,1335,1304,1364,1288,1395,1293,1417,1322,1390,1318,1359,1313,1538,1342,1565,1322,1593,1327,1611,1351,1591,1351,1563,1347,1376,1528,1418,1502,1460,1491,1485,1501,1512,1499,1538,1517,1551,1551,1528,1559,1500,1565,1472,1563,1445,1557,1410,1545,1390,1527,1456,1520,1482,1524,1507,1527,1539,1546,1504,1537,1477,1534,1452,1530
661,h,1,1,1176,1117,1711,1652,22.033333333333335,1188,1342,1182,1403,1182,1465,1191,1525,1218,1577,1268,1614,1329,1634,1387,1651,1443,1663,1493,1661,1538,1644,1580,1617,1612,1579,1633,1535,1650,1487,1657,1439,1658,1393,1291,1269,1330,1245,1376,1241,1424,1248,1467,1264,1527,1280,1563,1280,1599,1284,1632,1297,1648,1326,1494,1315,1495,1342,1498,1368,1500,1398,1430,1443,1457,1450,1483,1458,1507,1458,1530,1457,1332,1302,1361,1287,1392,1291,1415,1321,1388,1317,1357,1311,1535,1342,1563,1321,1591,1325,1609,1349,1589,1350,1561,1347,1373,1517,1420,1501,1460,1493,1481,1501,1504,1500,1529,1516,1544,1544,1519,1550,1493,1553,1469,1552,1446,1547,1411,1537,1386,1518,1456,1516,1478,1521,1500,1523,1533,1538,1497,1525,1474,1523,1452,1519
662,h,1,1,1228,1178,1673,1624,22.066666666666666,1197,1335,1193,1397,1193,1459,1201,1519,1224,1573,1268,1612,1325,1635,1382,1652,1441,1661,1494,1659,1539,1641,1580,1614,1609,1575,1628,1533,1644,1486,1653,1441,1656,1396,1289,1272,1328,1245,1376,1238,1425,1247,1468,1265,1525,1278,1564,1278,1602,1283,1635,1299,1649,1331,1492,1312,1493,1340,1495,1367,1497,1397,1430,1442,1456,1448,1482,1456,1505,1455,1527,1454,1332,1303,1362,1287,1393,1292,1416,1321,1388,1318,1357,1313,1534,1341,1563,1320,1590,1324,1608,1348,1588,1350,1560,1346,1373,1520,1419,1501,1458,1491,1479,1499,1501,1497,1525,1512,1541,1540,1515,1544,1490,1547,1468,1546,1444,1542,1410,1534,1386,1519,1454,1515,1476,1519,1498,1520,1530,1534,1495,1520,1472,1519,1451,1516
663,h,1,1,1228,1178,1673,1624,22.1,1191,1340,1187,1401,1187,1464,1193,1524,1218,1579,1262,1618,1320,1641,1379,1659,1439,1669,1494,1665,1541,1646,1582,1616,1610,1575,1629,1531,1644,1485,1653,1440,1656,1395,1288,1271,1327,1244,1374,1238,1422,1247,1466,1265,1524,1280,1561,1277,1599,1281,1632,1294,1648,1325,1491,1312,1492,1340,1493,1367,1495,1397,1427,1442,1453,1448,1479,1456,1503,1456,1525,1455,1330,1303,1360,1289,1391,1293,1414,1320,1386,1317,1355,1312,1533,1341,1562,1321,1589,1325,1607,1348,1586,1349,1559,1345,1369,1522,1415,1501,1455,1492,1477,1499,1500,1497,1523,1513,1539,1540,1514,1547,1489,1550,1465,1549,1441,1545,1406,1537,1383,1521,1451,1516,1473,1519,1496,1521,1528,1535,1493,1523,1470,1522,1447,1519
664,h,1,1,1228,1178,1673,1624,22.133333333333333,1191,1340,1187,1401,1187,1464,1193,1524,1218,1579,1262,1618,1320,1641,1379,1659,1439,1669,1494,1665,1541,1646,1582,1616,1610,1575,1629,1531,1644,1485,1653,1440,1656,1395,1288,1271,1327,1244,1374,1238,1422,1247,1466,1265,1524,1280,1561,1277,1599,1281,1632,1294,1648,1325,1491,1312,1492,1340,1493,1367,1495,1397,1427,1442,1453,1448,1479,1456,1503,1456,1525,1455,1330,1303,1360,1289,1391,1293,1414,1320,1386,1317,1355,1312,1533,1341,1562,1321,1589,1325,1607,1348,1586,1349,1559,1345,1369,1522,1415,1501,1455,1492,1477,1499,1500,1497,1523,1513,1539,1540,1514,1547,1489,1550,1465,1549,1441,1545,1406,1537,1383,1521,1451,1516,1473,1519,1496,1521,1528,1535,1493,1523,1470,1522,1447,1519
665,h,1,1,1176,1117,1711,1652,22.166666666666668,1186,1339,1182,1401,1183,1465,1193,1525,1221,1578,1270,1617,1329,1641,1387,1660,1446,1672,1498,1669,1545,1648,1584,1616,1612,1574,1630,1529,1646,1482,1654,1435,1656,1388,1285,1270,1323,1244,1370,1238,1418,1247,1463,1264,1519,1279,1558,1278,1597,1284,1632,1301,1648,1334,1487,1313,1488,1340,1491,1367,1493,1397,1425,1443,1452,1449,1479,1457,1503,1457,1525,1456,1327,1301,1356,1285,1387,1290,1410,1320,1382,1316,1351,1311,1530,1341,1558,1319,1586,1324,1606,1349,1584,1350,1556,1346,1371,1525,1414,1501,1455,1492,1478,1501,1501,1499,1527,1516,1541,1547,1517,1557,1490,1561,1465,1560,1441,1554,1405,1541,1385,1524,1451,1518,1474,1522,1497,1524,1529,1541,1494,1535,1470,1534,1447,1529
666,h,1,1,1228,1178,1673,1624,22.2,1198,1334,1194,1395,1197,1457,1205,1516,1228,1572,1268,1613,1321,1641,1376,1662,1436,1674,1491,1672,1537,1652,1576,1621,1604,1579,1623,1534,1640,1487,1650,1441,1653,1393,1285,1271,1322,1244,1369,1237,1417,1246,1461,1263,1521,1278,1561,1277,1601,1282,1636,1299,1652,1333,1487,1313,1487,1341,1489,1368,1491,1397,1423,1443,1449,1449,1475,1457,1499,1457,1522,1455,1326,1302,1356,1286,1386,1291,1411,1320,1382,1317,1351,1311,1529,1341,1558,1320,1587,1325,1606,1349,1584,1350,1555,1346,1366,1527,1407,1501,1448,1491,1472,1500,1497,1498,1523,1516,1535,1550,1513,1561,1485,1567,1460,1565,1433,1559,1398,1545,1380,1526,1444,1518,1469,1522,1492,1524,1524,1544,1490,1541,1465,1539,1440,1535
667,h,1,1,1228,1178,1673,1624,22.233333333333334,1193,1337,1190,1399,1192,1460,1201,1519,1223,1573,1265,1615,1319,1641,1376,1661,1436,1672,1491,1670,1537,1650,1577,1620,1605,1578,1624,1532,1640,1486,1651,1439,1654,1393,1283,1271,1322,1245,1369,1238,1417,1246,1462,1264,1518,1278,1559,1276,1599,1282,1634,1299,1650,1333,1485,1315,1486,1342,1487,1368,1489,1397,1421,1443,1447,1450,1474,1457,1498,1457,1521,1456,1325,1302,1354,1286,1385,1291,1409,1321,1380,1317,1349,1312,1529,1342,1557,1320,1586,1325,1605,1350,1583,1351,1554,1347,1365,1527,1407,1500,1448,1489,1473,1498,1497,1497,1523,1514,1537,1550,1514,1562,1487,1568,1461,1566,1435,1560,1398,1546,1380,1525,1444,1516,1469,1521,1493,1523,1525,1544,1491,1542,1466,1540,1441,1535
668,h,1,1,1228,1178,1673,1624,22.266666666666666,1193,1337,1190,1399,1192,1460,1201,1519,1223,1573,1265,1615,1319,1641,1376,1661,1436,1672,1491,1670,1537,1650,1577,1620,1605,1578,1624,1532,1640,1486,1651,1439,1654,1393,1283,1271,1322,1245,1369,1238,1417,1246,1462,1264,1518,1278,1559,1276,1599,1282,1634,1299,1650,1333,1485,1315,1486,1342,1487,1368,1489,1397,1421,1443,1447,1450,1474,1457,1498,1457,1521,1456,1325,1302,1354,1286,1385,1291,1409,1321,1380,1317,1349,1312,1529,1342,1557,1320,1586,1325,1605,1350,1583,1351,1554,1347,1365,1527,1407,1500,1448,1489,1473,1498,1497,1497,1523,1514,1537,1550,1514,1562,1487,1568,1461,1566,1435,1560,1398,1546,1380,1525,1444,1516,1469,1521,1493,1523,1525,1544,1491,1542,1466,1540,1441,1535
669,h,1,1,1228,1178,1673,1624,22.3,1197,1335,1193,1396,1196,1458,1204,1517,1227,1572,1268,1614,1322,1640,1380,1660,1441,1670,1495,1669,1541,1649,1580,1618,1606,1575,1624,1528,1640,1482,1650,1435,1652,1389,1282,1272,1320,1245,1367,1239,1415,1247,1459,1265,1517,1279,1558,1277,1598,1282,1633,1299,1650,1333,1485,1315,1485,1343,1487,1369,1489,1398,1421,1443,1447,1449,1474,1457,1498,1457,1521,1455,1323,1303,1353,1287,1384,1292,1408,1321,1380,1318,1348,1313,1528,1342,1556,1320,1585,1325,1605,1350,1583,1351,1554,1348,1364,1528,1406,1499,1447,1489,1472,1498,1498,1496,1524,1514,1538,1550,1516,1560,1488,1566,1461,1565,1434,1560,1398,1546,1379,1526,1443,1516,1469,1520,1494,1522,1526,1544,1492,1540,1466,1538,1440,1534
670,h,1,1,1228,1178,1673,1624,22.333333333333332,1192,1337,1190,1398,1192,1461,1202,1520,1226,1575,1268,1615,1322,1641,1379,1659,1438,1670,1491,1668,1536,1650,1575,1620,1603,1580,1622,1534,1638,1488,1648,1440,1651,1394,1281,1272,1319,1245,1367,1238,1416,1246,1460,1263,1515,1277,1555,1276,1596,1282,1630,1300,1647,1334,1483,1312,1484,1341,1485,1367,1487,1397,1419,1443,1446,1449,1473,1457,1497,1457,1520,1456,1323,1302,1352,1286,1383,1290,1407,1320,1379,1316,1348,1311,1526,1341,1555,1320,1584,1324,1603,1350,1581,1350,1552,1346,1364,1526,1405,1499,1447,1489,1471,1498,1496,1496,1523,1514,1538,1549,1514,1559,1486,1564,1460,1562,1433,1556,1397,1543,1379,1524,1443,1516,1468,1520,1492,1522,1526,1543,1490,1537,1465,1535,1439,1531
671,h,1,1,1228,1178,1673,1624,22.366666666666667,1194,1335,1191,1397,1193,1458,1202,1518,1226,1572,1268,1612,1323,1638,1379,1657,1438,1668,1492,1666,1536,1648,1575,1618,1602,1577,1621,1532,1637,1486,1647,1439,1651,1393,1280,1272,1318,1244,1366,1238,1415,1246,1459,1263,1516,1277,1557,1275,1598,1281,1633,1299,1649,1334,1483,1314,1484,1341,1485,1368,1487,1397,1419,1443,1446,1449,1473,1457,1497,1457,1521,1456,1322,1303,1351,1287,1383,1292,1407,1321,1378,1317,1347,1312,1527,1342,1556,1321,1585,1326,1604,1350,1582,1351,1553,1347,1365,1526,1405,1498,1446,1489,1471,1498,1496,1496,1523,1513,1538,1548,1515,1557,1487,1563,1460,1561,1433,1555,1397,1541,1379,1524,1442,1516,1467,1521,1492,1522,1526,1542,1491,1536,1465,1534,1439,1529
672,h,1,1,1228,1178,1673,1624,22.4,1194,1335,1191,1397,1193,1458,1202,1518,1226,1572,1268,1612,1323,1638,1379,1657,1438,1668,1492,1666,1536,1648,1575,1618,1602,1577,1621,1532,1637,1486,1647,1439,1651,1393,1280,1272,1318,1244,1366,1238,1415,1246,1459,1263,1516,1277,1557,1275,1598,1281,1633,1299,1649,1334,1483,1314,1484,1341,1485,1368,1487,1397,1419,1443,1446,1449,1473,1457,1497,1457,1521,1456,1322,1303,1351,1287,1383,1292,1407,1321,1378,1317,1347,1312,1527,1342,1556,1321,1585,1326,1604,1350,1582,1351,1553,1347,1365,1526,1405,1498,1446,1489,1471,1498,1496,1496,1523,1513,1538,1548,1515,1557,1487,1563,1460,1561,1433,1555,1397,1541,1379,1524,1442,1516,1467,1521,1492,1522,1526,1542,1491,1536,1465,1534,1439,1529
673,h,1,1,1228,1178,1673,1624,22.433333333333334,1192,1334,1189,1395,1192,1457,1200,1516,1223,1572,1265,1613,1320,1640,1377,1661,1437,1672,1493,1672,1539,1654,1578,1623,1604,1581,1622,1534,1638,1486,1647,1437,1649,1389,1280,1270,1318,1244,1366,1237,1414,1246,1458,1263,1514,1277,1554,1276,1593,1282,1628,1299,1643,1333,1482,1313,1483,1341,1484,1368,1486,1398,1417,1443,1445,1450,1472,1457,1497,1457,1520,1457,1322,1303,1351,1287,1382,1292,1406,1320,1377,1317,1346,1311,1525,1341,1555,1321,1583,1326,1603,1351,1580,1351,1552,1346,1363,1526,1403,1498,1445,1489,1470,1498,1496,1496,1524,1513,1539,1549,1515,1558,1486,1563,1459,1561,1432,1555,1396,1542,1378,1524,1441,1516,1467,1520,1493,1522,1527,1542,1490,1536,1464,1534,1438,1529
674,h,1,1,1228,1178,1673,1624,22.466666666666665,1195,1334,1192,1395,1195,1457,1203,1515,1226,1570,1267,1611,1321,1638,1377,1659,1437,1671,1491,1671,1537,1652,1576,1622,1603,1580,1622,1534,1638,1487,1648,1439,1651,1391,1280,1275,1316,1245,1365,1238,1413,1246,1458,1263,1513,1277,1554,1275,1595,1281,1630,1301,1646,1337,1482,1313,1483,1341,1484,1368,1486,1398,1418,1442,1444,1449,1471,1457,1496,1457,1520,1456,1321,1304,1350,1287,1381,1292,1406,1320,1377,1317,1346,1312,1526,1342,1555,1321,1584,1326,1603,1351,1581,1351,1552,1347,1361,1526,1402,1499,1444,1489,1469,1498,1495,1496,1522,1514,1537,1550,1514,1560,1485,1566,1458,1564,1430,1559,1394,1545,1376,1525,1440,1516,1466,1521,1491,1523,1525,1543,1489,1538,1462,1536,1436,1531
675,h,1,1,1228,1178,1673,1624,22.5,1195,1334,1192,1395,1195,1457,1203,1515,1226,1570,1267,1611,1321,1638,1377,1659,1437,1671,1491,1671,1537,1652,1576,1622,1603,1580,1622,1534,1638,1487,1648,1439,1651,1391,1280,1275,1316,1245,1365,1238,1413,1246,1458,1263,1513,1277,1554,1275,1595,1281,1630,1301,1646,1337,1482,1313,1483,1341,1484,1368,1486,1398,1418,1442,1444,1449,1471,1457,1496,1457,1520,1456,1321,1304,1350,1287,1381,1292,1406,1320,1377,1317,1346,1312,1526,1342,1555,1321,1584,1326,1603,1351,1581,1351,1552,1347,1361,1526,1402,1499,1444,1489,1469,1498,1495,1496,1522,1514,1537,1550,1514,1560,1485,1566,1458,1564,1430,1559,1394,1545,1376,1525,1440,1516,1466,1521,1491,1523,1525,1543,1489,1538,1462,1536,1436,1531
676,h,1,1,1228,1178,1673,1624,22.533333333333335,1192,1334,1189,1396,1192,1459,1202,1517,1226,1572,1267,1613,1321,1640,1377,1660,1436,1671,1489,1671,1535,1652,1575,1622,1603,1581,1622,1534,1639,1487,1649,1438,1651,1391,1281,1269,1319,1243,1367,1237,1415,1246,1458,1264,1515,1276,1554,1275,1592,1279,1626,1295,1644,1326,1482,1313,1483,1341,1485,1368,1486,1398,1419,1443,1445,1450,1472,1458,1496,1458,1519,1457,1321,1303,1351,1287,1382,1292,1406,1320,1377,1317,1346,1311,1526,1341,1555,1321,1584,1325,1603,1349,1581,1350,1553,1346,1362,1528,1403,1499,1445,1489,1469,1498,1495,1496,1523,1514,1537,1551,1514,1562,1485,1569,1458,1567,1431,1562,1394,1548,1376,1527,1441,1517,1466,1522,1491,1524,1525,1545,1489,1540,1463,1538,1437,1534
677,h,1,1,1228,1178,1673,1624,22.566666666666666,1191,1333,1188,1395,1190,1458,1197,1518,1220,1574,1263,1615,1319,1643,1376,1664,1436,1676,1490,1674,1536,1655,1575,1624,1603,1582,1623,1535,1640,1488,1651,1439,1654,1391,1278,1271,1317,1244,1364,1238,1413,1246,1458,1264,1515,1278,1556,1276,1597,1281,1633,1296,1650,1331,1482,1314,1483,1342,1484,1369,1485,1399,1418,1442,1444,1450,1471,1458,1495,1458,1518,1456,1321,1304,1350,1286,1382,1291,1406,1321,1377,1318,1345,1313,1526,1342,1555,1320,1585,1324,1605,1350,1582,1351,1553,1347,1362,1529,1402,1498,1444,1488,1469,1497,1495,1496,1523,1515,1539,1554,1515,1569,1485,1577,1458,1576,1430,1570,1393,1553,1376,1528,1440,1516,1466,1521,1491,1523,1527,1548,1489,1548,1463,1546,1436,1541
678,h,1,1,1228,1178,1673,1624,22.6,1189,1340,1186,1402,1190,1464,1200,1524,1225,1579,1267,1621,1322,1649,1378,1671,1437,1683,1491,1681,1537,1660,1575,1628,1603,1586,1622,1539,1639,1492,1650,1444,1652,1395,1277,1274,1316,1245,1364,1238,1413,1246,1458,1264,1514,1277,1555,1275,1596,1281,1631,1299,1647,1334,1482,1313,1483,1341,1485,1368,1487,1398,1419,1443,1445,1450,1472,1458,1496,1458,1519,1456,1319,1303,1349,1286,1381,1290,1405,1320,1376,1317,1344,1312,1526,1341,1555,1319,1584,1323,1604,1349,1582,1350,1553,1346,1360,1535,1399,1500,1443,1489,1469,1498,1496,1496,1525,1516,1539,1558,1516,1576,1486,1585,1458,1584,1429,1578,1391,1561,1374,1534,1439,1518,1466,1522,1492,1524,1527,1552,1490,1554,1462,1553,1435,1548
679,h,1,1,1228,1178,1673,1624,22.633333333333333,1189,1340,1186,1402,1190,1464,1200,1524,1225,1579,1267,1621,1322,1649,1378,1671,1437,1683,1491,1681,1537,1660,1575,1628,1603,1586,1622,1539,1639,1492,1650,1444,1652,1395,1277,1274,1316,1245,1364,1238,1413,1246,1458,1264,1514,1277,1555,1275,1596,1281,1631,1299,1647,1334,1482,1313,1483,1341,1485,1368,1487,1398,1419,1443,1445,1450,1472,1458,1496,1458,1519,1456,1319,1303,1349,1286,1381,1290,1405,1320,1376,1317,1344,1312,1526,1341,1555,1319,1584,1323,1604,1349,1582,1350,1553,1346,1360,1535,1399,1500,1443,1489,1469,1498,1496,1496,1525,1516,1539,1558,1516,1576,1486,1585,1458,1584,1429,1578,1391,1561,1374,1534,1439,1518,1466,1522,1492,1524,1527,1552,1490,1554,1462,1553,1435,1548
680,h,1,1,1228,1178,1673,1624,22.666666666666668,1190,1338,1190,1401,1195,1463,1205,1524,1229,1579,1271,1622,1325,1650,1381,1672,1441,1684,1495,1682,1541,1661,1579,1628,1606,1584,1625,1537,1642,1489,1652,1440,1654,1392,1277,1273,1315,1245,1363,1238,1412,1246,1457,1263,1515,1277,1555,1276,1594,1282,1628,1299,1645,1331,1482,1312,1484,1340,1485,1368,1487,1398,1419,1443,1446,1451,1473,1459,1498,1458,1521,1458,1320,1304,1349,1287,1381,1291,1406,1321,1377,1317,1345,1312,1528,1342,1557,1320,1586,1325,1606,1351,1584,1351,1554,1347,1361,1535,1402,1501,1445,1491,1471,1499,1498,1498,1527,1518,1542,1560,1518,1578,1487,1588,1458,1586,1430,1580,1392,1563,1375,1535,1441,1519,1467,1523,1494,1525,1530,1554,1491,1556,1463,1554,1436,1550
681,h,1,1,1228,1178,1673,1624,22.7,1192,1337,1192,1399,1197,1461,1205,1521,1228,1576,1270,1619,1324,1647,1380,1670,1440,1682,1494,1682,1541,1663,1582,1630,1609,1587,1628,1539,1644,1490,1653,1440,1656,1391,1280,1274,1317,1246,1365,1238,1414,1246,1458,1263,1514,1275,1556,1275,1598,1282,1633,1301,1649,1336,1482,1312,1483,1341,1485,1369,1486,1399,1420,1445,1447,1451,1474,1459,1498,1458,1522,1458,1322,1305,1351,1288,1382,1292,1407,1322,1378,1318,1347,1313,1528,1342,1557,1320,1586,1325,1607,1351,1584,1351,1555,1347,1361,1535,1402,1502,1446,1491,1471,1499,1498,1498,1527,1517,1543,1558,1519,1574,1487,1581,1459,1580,1431,1575,1393,1560,1376,1534,1442,1519,1468,1523,1494,1525,1530,1552,1491,1551,1464,1549,1437,1545
682,h,1,1,1228,1178,1673,1624,22.733333333333334,1195,1339,1194,1401,1198,1464,1208,1523,1233,1576,1275,1616,1329,1641,1385,1660,1443,1671,1497,1670,1544,1651,1584,1621,1611,1580,1631,1534,1646,1487,1654,1438,1657,1390,1282,1271,1320,1244,1368,1238,1415,1246,1459,1263,1517,1276,1557,1275,1596,1280,1631,1297,1646,1330,1484,1313,1485,1341,1487,1368,1489,1398,1421,1444,1448,1450,1475,1458,1499,1458,1522,1457,1323,1304,1352,1287,1383,1292,1408,1321,1379,1318,1348,1312,1529,1342,1557,1320,1586,1324,1606,1350,1584,1350,1555,1347,1362,1529,1403,1500,1445,1491,1471,1500,1498,1498,1527,1516,1544,1553,1519,1564,1489,1569,1461,1567,1433,1562,1395,1549,1376,1527,1442,1517,1468,1522,1494,1524,1532,1546,1492,1540,1465,1538,1438,1534
683,h,1,1,1228,1178,1673,1624,22.766666666666666,1195,1339,1194,1401,1198,1464,1208,1523,1233,1576,1275,1616,1329,1641,1385,1660,1443,1671,1497,1670,1544,1651,1584,1621,1611,1580,1631,1534,1646,1487,1654,1438,1657,1390,1282,1271,1320,1244,1368,1238,1415,1246,1459,1263,1517,1276,1557,1275,1596,1280,1631,1297,1646,1330,1484,1313,1485,1341,1487,1368,1489,1398,1421,1444,1448,1450,1475,1458,1499,1458,1522,1457,1323,1304,1352,1287,1383,1292,1408,1321,1379,1318,1348,1312,1529,1342,1557,1320,1586,1324,1606,1350,1584,1350,1555,1347,1362,1529,1403,1500,1445,1491,1471,1500,1498,1498,1527,1516,1544,1553,1519,1564,1489,1569,1461,1567,1433,1562,1395,1549,1376,1527,1442,1517,1468,1522,1494,1524,1532,1546,1492,1540,1465,1538,1438,1534
684,h,1,1,1228,1178,1673,1624,22.8,1196,1333,1193,1395,1196,1458,1205,1518,1229,1572,1271,1612,1327,1638,1383,1658,1442,1669,1496,1668,1542,1649,1582,1620,1611,1580,1632,1534,1648,1487,1657,1437,1659,1389,1285,1270,1323,1244,1370,1239,1418,1247,1462,1264,1518,1278,1558,1276,1597,1281,1631,1295,1648,1327,1486,1313,1487,1342,1488,1370,1490,1400,1421,1444,1448,1452,1475,1460,1500,1459,1524,1458,1325,1303,1355,1286,1386,1291,1410,1322,1381,1318,1350,1313,1529,1343,1558,1320,1587,1324,1607,1349,1585,1351,1556,1347,1363,1526,1405,1499,1448,1491,1473,1500,1499,1498,1528,1515,1545,1550,1520,1561,1490,1567,1462,1565,1435,1560,1397,1546,1378,1526,1444,1518,1470,1522,1496,1524,1534,1545,1494,1537,1467,1535,1441,1531
685,h,1,1,1228,1178,1673,1624,22.833333333333332,1190,1338,1187,1400,1189,1463,1197,1523,1221,1577,1266,1617,1323,1642,1382,1661,1442,1673,1497,1671,1543,1651,1584,1621,1612,1581,1633,1535,1649,1488,1657,1439,1659,1392,1283,1272,1322,1246,1370,1241,1418,1249,1462,1265,1520,1278,1560,1277,1598,1282,1632,1297,1649,1328,1488,1316,1489,1344,1491,1371,1492,1401,1422,1445,1450,1452,1477,1461,1502,1460,1525,1459,1326,1305,1356,1288,1387,1293,1411,1324,1382,1319,1351,1313,1531,1344,1560,1321,1589,1325,1609,1350,1587,1351,1558,1348,1364,1528,1407,1500,1450,1492,1475,1500,1501,1499,1530,1516,1547,1552,1521,1564,1492,1570,1464,1568,1437,1562,1398,1549,1379,1528,1446,1518,1472,1523,1498,1525,1535,1547,1495,1541,1468,1539,1442,1535
686,h,1,1,1228,1178,1673,1624,22.866666666666667,1197,1334,1195,1397,1199,1461,1208,1522,1231,1577,1272,1620,1326,1648,1382,1669,1442,1682,1496,1679,1542,1658,1582,1626,1609,1583,1630,1536,1646,1488,1656,1439,1660,1389,1283,1275,1322,1247,1370,1240,1419,1248,1464,1265,1521,1280,1563,1278,1603,1284,1639,1301,1655,1336,1489,1316,1489,1344,1491,1371,1492,1401,1423,1446,1451,1453,1478,1461,1503,1460,1527,1460,1326,1306,1356,1288,1388,1293,1413,1324,1384,1320,1351,1315,1532,1344,1561,1321,1591,1326,1611,1352,1588,1353,1559,1349,1364,1534,1406,1503,1450,1493,1475,1501,1502,1500,1531,1518,1546,1556,1523,1572,1493,1580,1464,1578,1436,1573,1397,1558,1378,1534,1446,1520,1472,1524,1498,1526,1534,1551,1496,1550,1469,1548,1442,1545
687,h,1,1,1228,1178,1673,1624,22.9,1197,1334,1195,1397,1199,1461,1208,1522,1231,1577,1272,1620,1326,1648,1382,1669,1442,1682,1496,1679,1542,1658,1582,1626,1609,1583,1630,1536,1646,1488,1656,1439,1660,1389,1283,1275,1322,1247,1370,1240,1419,1248,1464,1265,1521,1280,1563,1278,1603,1284,1639,1301,1655,1336,1489,1316,1489,1344,1491,1371,1492,1401,1423,1446,1451,1453,1478,1461,1503,1460,1527,1460,1326,1306,1356,1288,1388,1293,1413,1324,1384,1320,1351,1315,1532,1344,1561,1321,1591,1326,1611,1352,1588,1353,1559,1349,1364,1534,1406,1503,1450,1493,1475,1501,1502,1500,1531,1518,1546,1556,1523,1572,1493,1580,1464,1578,1436,1573,1397,1558,1378,1534,1446,1520,1472,1524,1498,1526,1534,1551,1496,1550,1469,1548,1442,1545
688,h,1,1,1228,1178,1673,1624,22.933333333333334,1200,1332,1199,1395,1203,1458,1213,1519,1236,1575,1276,1619,1330,1648,1386,1669,1445,1681,1500,1680,1546,1659,1586,1627,1613,1584,1632,1537,1649,1489,1658,1439,1661,1389,1286,1272,1324,1245,1372,1239,1419,1248,1464,1265,1523,1279,1564,1278,1604,1283,1639,1300,1656,1336,1489,1316,1489,1345,1491,1372,1493,1403,1425,1447,1452,1454,1479,1462,1504,1462,1528,1461,1328,1306,1356,1288,1389,1293,1413,1324,1384,1321,1352,1315,1534,1345,1562,1322,1592,1326,1612,1353,1590,1354,1560,1350,1366,1537,1407,1506,1451,1495,1476,1504,1502,1502,1531,1521,1546,1560,1522,1575,1492,1583,1464,1581,1437,1576,1398,1561,1380,1537,1447,1523,1473,1528,1498,1530,1534,1554,1495,1553,1469,1551,1442,1547
689,h,1,1,1228,1178,1673,1624,22.966666666666665,1200,1333,1197,1396,1200,1460,1209,1521,1234,1577,1275,1620,1329,1649,1384,1671,1442,1682,1496,1680,1542,1659,1583,1627,1611,1585,1631,1538,1648,1490,1658,1440,1662,1391,1285,1274,1324,1246,1371,1241,1420,1249,1464,1265,1525,1279,1565,1278,1605,1283,1640,1300,1657,1334,1490,1316,1490,1346,1492,1374,1493,1405,1425,1448,1452,1455,1479,1463,1504,1462,1528,1461,1328,1306,1357,1289,1389,1294,1413,1325,1384,1321,1352,1315,1535,1345,1562,1322,1592,1326,1612,1352,1590,1353,1561,1350,1367,1538,1407,1507,1451,1496,1476,1505,1503,1504,1532,1522,1547,1561,1523,1577,1492,1585,1464,1583,1436,1578,1398,1563,1381,1537,1447,1524,1473,1529,1499,1531,1535,1555,1496,1554,1468,1552,1442,1548
690,h,1,1,1228,1178,1673,1624,23.0,1200,1333,1197,1396,1200,1460,1209,1521,1234,1577,1275,1620,1329,1649,1384,1671,1442,1682,1496,1680,1542,1659,1583,1627,1611,1585,1631,1538,1648,1490,1658,1440,1662,1391,1285,1274,1324,1246,1371,1241,1420,1249,1464,1265,1525,1279,1565,1278,1605,1283,1640,1300,1657,1334,1490,1316,1490,1346,1492,1374,1493,1405,1425,1448,1452,1455,1479,1463,1504,1462,1528,1461,1328,1306,1357,1289,1389,1294,1413,1325,1384,1321,1352,1315,1535,1345,1562,1322,1592,1326,1612,1352,1590,1353,1561,1350,1367,1538,1407,1507,1451,1496,1476,1505,1503,1504,1532,1522,1547,1561,1523,1577,1492,1585,1464,1583,1436,1578,1398,1563,1381,1537,1447,1524,1473,1529,1499,1531,1535,1555,1496,1554,1468,1552,1442,1548
691,h,1,1,1228,1178,1673,1624,23.033333333333335,1199,1336,1196,1400,1199,1464,1209,1525,1232,1580,1275,1623,1330,1652,1385,1674,1444,1686,1498,1683,1544,1662,1584,1629,1611,1587,1632,1540,1650,1493,1660,1443,1663,1394,1285,1278,1323,1250,1371,1242,1420,1249,1465,1266,1524,1280,1566,1279,1606,1284,1641,1302,1658,1337,1489,1316,1490,1346,1491,1374,1493,1404,1424,1450,1451,1457,1478,1465,1504,1464,1527,1463,1327,1306,1357,1288,1389,1293,1413,1324,1384,1320,1352,1315,1534,1344,1563,1321,1592,1326,1613,1351,1590,1352,1561,1349,1366,1538,1407,1506,1450,1496,1476,1505,1503,1504,1532,1522,1548,1562,1523,1579,1492,1586,1464,1584,1435,1579,1397,1563,1381,1537,1446,1523,1473,1527,1499,1530,1535,1556,1496,1556,1468,1554,1442,1549
692,h,1,1,1228,1178,1673,1624,23.066666666666666,1199,1338,1196,1402,1200,1466,1209,1527,1232,1583,1274,1626,1329,1654,1386,1675,1446,1687,1501,1683,1548,1660,1588,1628,1615,1584,1635,1537,1652,1489,1662,1442,1664,1393,1286,1275,1324,1248,1372,1242,1420,1250,1465,1267,1526,1281,1566,1280,1604,1285,1638,1300,1655,1332,1490,1316,1491,1346,1493,1374,1495,1405,1426,1450,1453,1457,1480,1465,1505,1465,1528,1463,1327,1306,1357,1289,1389,1294,1413,1324,1384,1320,1352,1315,1536,1345,1564,1322,1594,1327,1614,1352,1592,1353,1563,1350,1367,1538,1408,1507,1451,1497,1477,1506,1504,1504,1534,1523,1550,1563,1525,1579,1494,1586,1465,1585,1436,1579,1398,1563,1382,1537,1448,1525,1474,1529,1501,1532,1537,1557,1498,1555,1470,1553,1443,1548
693,h,1,1,1228,1178,1673,1624,23.1,1199,1338,1197,1402,1201,1466,1210,1527,1233,1582,1274,1625,1329,1653,1385,1675,1444,1687,1499,1683,1546,1661,1586,1629,1614,1586,1634,1539,1652,1491,1662,1442,1665,1393,1288,1274,1327,1248,1373,1242,1421,1250,1465,1267,1525,1282,1564,1280,1603,1285,1637,1299,1654,1330,1489,1317,1490,1346,1491,1374,1493,1405,1424,1450,1451,1457,1478,1465,1504,1465,1528,1463,1327,1306,1357,1289,1389,1294,1413,1325,1384,1321,1352,1316,1535,1345,1563,1322,1594,1326,1614,1352,1592,1353,1562,1350,1365,1538,1406,1508,1450,1497,1475,1505,1503,1504,1533,1523,1549,1563,1524,1578,1493,1586,1464,1584,1435,1579,1397,1564,1380,1538,1446,1526,1472,1530,1499,1532,1536,1558,1497,1555,1468,1552,1442,1548
694,h,1,1,1228,1178,1673,1624,23.133333333333333,1199,1338,1197,1402,1201,1466,1210,1527,1233,1582,1274,1625,1329,1653,1385,1675,1444,1687,1499,1683,1546,1661,1586,1629,1614,1586,1634,1539,1652,1491,1662,1442,1665,1393,1288,1274,1327,1248,1373,1242,1421,1250,1465,1267,1525,1282,1564,1280,1603,1285,1637,1299,1654,1330,1489,1317,1490,1346,1491,1374,1493,1405,1424,1450,1451,1457,1478,1465,1504,1465,1528,1463,1327,1306,1357,1289,1389,1294,1413,1325,1384,1321,1352,1316,1535,1345,1563,1322,1594,1326,1614,1352,1592,1353,1562,1350,1365,1538,1406,1508,1450,1497,1475,1505,1503,1504,1533,1523,1549,1563,1524,1578,1493,1586,1464,1584,1435,1579,1397,1564,1380,1538,1446,1526,1472,1530,1499,1532,1536,1558,1497,1555,1468,1552,1442,1548
695,h,1,1,1228,1178,1673,1624,23.166666666666668,1200,1339,1199,1402,1203,1465,1212,1526,1234,1582,1276,1625,1331,1652,1386,1674,1446,1685,1501,1683,1547,1661,1588,1629,1615,1586,1634,1539,1651,1492,1661,1443,1664,1394,1285,1277,1323,1249,1370,1242,1419,1249,1464,1266,1525,1280,1566,1279,1606,1284,1641,1301,1658,1336,1489,1316,1489,1346,1491,1374,1492,1405,1425,1451,1452,1457,1478,1465,1504,1464,1527,1463,1327,1307,1357,1288,1389,1293,1413,1325,1384,1320,1352,1315,1536,1345,1564,1321,1594,1325,1614,1352,1591,1352,1562,1349,1366,1538,1408,1507,1451,1497,1476,1505,1503,1503,1533,1522,1549,1563,1524,1578,1493,1586,1465,1584,1437,1579,1399,1563,1381,1537,1447,1525,1473,1529,1500,1531,1537,1557,1497,1554,1469,1552,1443,1548
696,h,1,1,1228,1178,1673,1624,23.2,1197,1340,1195,1404,1199,1467,1209,1528,1233,1583,1277,1625,1332,1653,1388,1674,1447,1684,1501,1681,1546,1660,1586,1628,1614,1586,1634,1539,1651,1492,1661,1443,1663,1395,1285,1276,1324,1249,1372,1243,1420,1250,1466,1266,1525,1280,1565,1279,1603,1283,1636,1296,1653,1326,1490,1316,1491,1346,1493,1375,1495,1406,1425,1452,1453,1458,1480,1466,1505,1465,1529,1464,1327,1308,1357,1290,1389,1294,1413,1326,1384,1322,1352,1317,1535,1344,1564,1321,1594,1325,1614,1350,1592,1352,1562,1349,1366,1538,1408,1509,1452,1499,1477,1507,1503,1505,1532,1524,1549,1562,1524,1578,1493,1585,1465,1583,1438,1578,1400,1563,1381,1537,1449,1526,1474,1530,1500,1532,1536,1557,1497,1553,1470,1551,1444,1547
697,h,1,1,1228,1178,1673,1624,23.233333333333334,1198,1338,1196,1401,1199,1465,1207,1525,1231,1581,1274,1624,1329,1651,1384,1673,1445,1686,1499,1683,1545,1661,1586,1629,1615,1587,1635,1540,1651,1492,1662,1443,1665,1393,1286,1277,1324,1250,1371,1244,1419,1252,1464,1268,1527,1281,1566,1281,1604,1286,1637,1300,1655,1331,1490,1317,1491,1347,1492,1377,1494,1408,1426,1453,1453,1460,1480,1468,1505,1467,1528,1465,1327,1308,1357,1290,1389,1295,1413,1326,1384,1322,1353,1317,1536,1345,1564,1322,1594,1326,1613,1351,1592,1353,1563,1350,1366,1539,1408,1510,1452,1500,1477,1509,1504,1507,1533,1525,1550,1562,1524,1577,1494,1584,1465,1583,1437,1578,1399,1563,1381,1538,1448,1528,1474,1532,1501,1533,1538,1557,1498,1553,1470,1551,1443,1547
698,h,1,1,1228,1178,1673,1624,23.266666666666666,1198,1338,1196,1401,1199,1465,1207,1525,1231,1581,1274,1624,1329,1651,1384,1673,1445,1686,1499,1683,1545,1661,1586,1629,1615,1587,1635,1540,1651,1492,1662,1443,1665,1393,1286,1277,1324,1250,1371,1244,1419,1252,1464,1268,1527,1281,1566,1281,1604,1286,1637,1300,1655,1331,1490,1317,1491,1347,1492,1377,1494,1408,1426,1453,1453,1460,1480,1468,1505,1467,1528,1465,1327,1308,1357,1290,1389,1295,1413,1326,1384,1322,1353,1317,1536,1345,1564,1322,1594,1326,1613,1351,1592,1353,1563,1350,1366,1539,1408,1510,1452,1500,1477,1509,1504,1507,1533,1525,1550,1562,1524,1577,1494,1584,1465,1583,1437,1578,1399,1563,1381,1538,1448,1528,1474,1532,1501,1533,1538,1557,1498,1553,1470,1551,1443,1547
699,h,1,1,1176,1176,1711,1711,23.3,1194,1339,1189,1405,1190,1469,1199,1530,1225,1585,1271,1627,1328,1656,1386,1677,1446,1689,1500,1686,1546,1664,1588,1631,1617,1587,1638,1538,1654,1489,1662,1437,1664,1387,1290,1272,1330,1247,1377,1243,1424,1252,1468,1268,1524,1281,1562,1281,1599,1284,1634,1294,1653,1322,1491,1316,1491,1347,1493,1376,1495,1408,1424,1453,1453,1461,1481,1469,1507,1468,1531,1466,1328,1309,1357,1293,1389,1299,1413,1327,1384,1323,1353,1317,1536,1347,1564,1326,1593,1329,1613,1352,1591,1354,1563,1351,1367,1536,1411,1510,1453,1501,1479,1509,1506,1508,1534,1525,1551,1560,1525,1573,1496,1579,1466,1577,1439,1571,1402,1558,1383,1535,1449,1528,1475,1532,1502,1534,1538,1555,1499,1549,1471,1547,1445,1543
700,h,1,1,1228,1178,1673,1624,23.333333333333332,1197,1341,1195,1405,1200,1468,1210,1527,1235,1581,1278,1622,1332,1649,1387,1670,1446,1681,1499,1679,1546,1658,1587,1627,1617,1585,1637,1539,1653,1491,1662,1443,1664,1394,1284,1276,1322,1250,1370,1244,1418,1251,1462,1267,1526,1281,1566,1280,1604,1285,1638,1299,1654,1331,1490,1317,1491,1347,1492,1377,1494,1408,1426,1452,1453,1459,1481,1467,1506,1466,1528,1465,1328,1307,1358,1291,1389,1296,1413,1326,1384,1322,1353,1316,1536,1346,1565,1324,1594,1328,1613,1352,1592,1353,1563,1350,1366,1534,1408,1509,1451,1500,1477,1509,1504,1507,1532,1525,1551,1559,1524,1569,1494,1575,1466,1573,1438,1568,1400,1555,1381,1534,1448,1525,1474,1530,1501,1532,1538,1554,1498,1546,1470,1544,1444,1540
701,h,1,1,1228,1178,1673,1624,23.366666666666667,1201,1338,1199,1402,1203,1465,1213,1525,1237,1579,1279,1621,1334,1648,1388,1668,1446,1679,1498,1677,1545,1657,1587,1629,1617,1588,1637,1542,1652,1495,1662,1446,1666,1397,1287,1276,1325,1249,1373,1243,1421,1251,1465,1268,1525,1282,1565,1281,1604,1286,1639,1302,1656,1334,1490,1318,1490,1348,1492,1376,1493,1407,1426,1453,1453,1459,1480,1467,1505,1466,1528,1465,1331,1308,1360,1290,1392,1296,1415,1327,1387,1323,1355,1317,1536,1346,1564,1323,1593,1327,1613,1353,1591,1354,1562,1351,1366,1534,1409,1509,1451,1500,1477,1508,1504,1506,1532,1523,1551,1556,1523,1566,1494,1571,1466,1570,1438,1565,1401,1553,1381,1534,1448,1526,1474,1530,1500,1531,1538,1552,1497,1543,1470,1541,1444,1537
702,h,1,1,1228,1178,1673,1624,23.4,1201,1338,1199,1402,1203,1465,1213,1525,1237,1579,1279,1621,1334,1648,1388,1668,1446,1679,1498,1677,1545,1657,1587,1629,1617,1588,1637,1542,1652,1495,1662,1446,1666,1397,1287,1276,1325,1249,1373,1243,1421,1251,1465,1268,1525,1282,1565,1281,1604,1286,1639,1302,1656,1334,1490,1318,1490,1348,1492,1376,1493,1407,1426,1453,1453,1459,1480,1467,1505,1466,1528,1465,1331,1308,1360,1290,1392,1296,1415,1327,1387,1323,1355,1317,1536,1346,1564,1323,1593,1327,1613,1353,1591,1354,1562,1351,1366,1534,1409,1509,1451,1500,1477,1508,1504,1506,1532,1523,1551,1556,1523,1566,1494,1571,1466,1570,1438,1565,1401,1553,1381,1534,1448,1526,1474,1530,1500,1531,1538,1552,1497,1543,1470,1541,1444,1537
703,h,1,1,1176,1117,1711,1652,23.433333333333334,1194,1343,1188,1405,1189,1467,1198,1528,1225,1581,1273,1620,1333,1644,1389,1667,1447,1680,1498,1678,1544,1656,1588,1628,1619,1588,1642,1543,1659,1495,1667,1445,1668,1397,1289,1272,1328,1248,1376,1244,1423,1254,1466,1270,1525,1284,1562,1283,1600,1285,1634,1296,1653,1324,1491,1319,1493,1349,1494,1378,1496,1409,1427,1452,1454,1460,1481,1469,1506,1468,1529,1466,1330,1308,1360,1291,1392,1297,1415,1327,1386,1323,1355,1317,1536,1347,1563,1324,1593,1328,1614,1353,1592,1354,1564,1351,1368,1531,1410,1507,1453,1499,1477,1509,1504,1507,1534,1524,1552,1557,1524,1567,1493,1573,1465,1571,1438,1565,1402,1552,1383,1532,1449,1526,1474,1531,1500,1533,1539,1552,1498,1544,1470,1542,1444,1538
704,h,1,1,1176,1117,1711,1652,23.466666666666665,1188,1341,1184,1404,1186,1468,1195,1529,1223,1582,1272,1621,1332,1644,1389,1666,1447,1678,1498,1676,1546,1656,1589,1628,1620,1587,1642,1540,1658,1492,1665,1443,1667,1394,1287,1273,1327,1248,1375,1245,1423,1254,1467,1270,1525,1283,1562,1281,1600,1285,1634,1296,1652,1324,1491,1319,1492,1348,1494,1375,1496,1406,1426,1450,1454,1459,1481,1467,1506,1467,1530,1465,1328,1309,1359,1292,1392,1296,1415,1328,1386,1324,1354,1318,1535,1346,1563,1323,1593,1327,1613,1353,1592,1354,1562,1351,1368,1532,1412,1507,1454,1498,1479,1507,1505,1505,1534,1523,1551,1558,1525,1568,1495,1573,1467,1571,1441,1567,1403,1554,1384,1532,1451,1524,1475,1529,1501,1531,1538,1552,1499,1545,1472,1543,1447,1539
705,h,1,1,1176,1117,1711,1652,23.5,1188,1341,1184,1404,1186,1468,1195,1529,1223,1582,1272,1621,1332,1644,1389,1666,1447,1678,1498,1676,1546,1656,1589,1628,1620,1587,1642,1540,1658,1492,1665,1443,1667,1394,1287,1273,1327,1248,1375,1245,1423,1254,1467,1270,1525,1283,1562,1281,1600,1285,1634,1296,1652,1324,1491,1319,1492,1348,1494,1375,1496,1406,1426,1450,1454,1459,1481,1467,1506,1467,1530,1465,1328,1309,1359,1292,1392,1296,1415,1328,1386,1324,1354,1318,1535,1346,1563,1323,1593,1327,1613,1353,1592,1354,1562,1351,1368,1532,1412,1507,1454,1498,1479,1507,1505,1505,1534,1523,1551,1558,1525,1568,1495,1573,1467,1571,1441,1567,1403,1554,1384,1532,1451,1524,1475,1529,1501,1531,1538,1552,1499,1545,1472,1543,1447,1539
706,h,1,1,1228,1178,1673,1624,23.533333333333335,1196,1339,1193,1402,1195,1465,1204,1525,1229,1579,1273,1620,1329,1645,1385,1665,1444,1676,1498,1674,1545,1654,1586,1624,1616,1584,1636,1538,1652,1490,1661,1440,1663,1392,1284,1275,1323,1247,1371,1241,1419,1249,1464,1266,1526,1279,1565,1278,1604,1282,1638,1298,1654,1330,1490,1317,1491,1347,1493,1375,1495,1406,1425,1450,1453,1457,1481,1465,1506,1464,1530,1463,1328,1307,1358,1290,1389,1295,1413,1325,1385,1322,1354,1316,1535,1344,1564,1322,1593,1326,1613,1350,1591,1352,1562,1349,1366,1533,1408,1507,1451,1498,1476,1506,1503,1505,1532,1522,1550,1555,1523,1566,1493,1571,1465,1570,1437,1565,1400,1552,1380,1532,1448,1525,1473,1529,1499,1531,1537,1550,1496,1542,1469,1540,1443,1536
707,h,1,1,1228,1178,1673,1624,23.566666666666666,1198,1338,1195,1400,1198,1463,1207,1523,1230,1578,1273,1619,1328,1645,1384,1665,1443,1677,1499,1675,1546,1656,1588,1626,1618,1585,1639,1540,1655,1491,1663,1442,1665,1394,1286,1272,1325,1246,1372,1240,1420,1248,1463,1265,1526,1279,1565,1278,1603,1282,1637,1297,1654,1328,1490,1316,1491,1346,1492,1374,1493,1405,1426,1450,1452,1456,1480,1465,1505,1464,1528,1464,1329,1307,1359,1290,1390,1295,1414,1325,1385,1322,1354,1316,1536,1345,1565,1322,1594,1326,1614,1351,1593,1353,1563,1350,1365,1531,1408,1505,1451,1496,1477,1505,1505,1504,1533,1522,1552,1556,1525,1566,1494,1571,1465,1569,1437,1563,1399,1550,1380,1531,1447,1523,1474,1528,1501,1530,1539,1551,1498,1542,1470,1539,1443,1535
708,h,1,1,1228,1178,1673,1624,23.6,1197,1337,1193,1400,1196,1463,1205,1523,1229,1578,1272,1618,1327,1645,1384,1664,1445,1675,1501,1673,1549,1654,1590,1624,1619,1583,1640,1536,1655,1488,1664,1439,1665,1391,1286,1271,1325,1245,1373,1240,1421,1248,1465,1265,1524,1279,1564,1277,1604,1282,1638,1297,1655,1329,1491,1316,1492,1345,1493,1373,1495,1404,1425,1449,1453,1456,1480,1464,1505,1464,1529,1463,1328,1306,1358,1290,1390,1294,1415,1324,1386,1321,1354,1316,1535,1344,1564,1321,1594,1325,1614,1350,1592,1352,1563,1349,1366,1531,1409,1505,1451,1496,1476,1505,1502,1503,1531,1520,1550,1554,1523,1564,1493,1569,1465,1568,1438,1562,1401,1550,1381,1530,1448,1524,1473,1528,1499,1530,1537,1549,1497,1539,1470,1537,1444,1533
709,h,1,1,1228,1178,1673,1624,23.633333333333333,1197,1337,1193,1400,1196,1463,1205,1523,1229,1578,1272,1618,1327,1645,1384,1664,1445,1675,1501,1673,1549,1654,1590,1624,1619,1583,1640,1536,1655,1488,1664,1439,1665,1391,1286,1271,1325,1245,1373,1240,1421,1248,1465,1265,1524,1279,1564,1277,1604,1282,1638,1297,1655,1329,1491,1316,1492,1345,1493,1373,1495,1404,1425,1449,1453,1456,1480,1464,1505,1464,1529,1463,1328,1306,1358,1290,1390,1294,1415,1324,1386,1321,1354,1316,1535,1344,1564,1321,1594,1325,1614,1350,1592,1352,1563,1349,1366,1531,1409,1505,1451,1496,1476,1505,1502,1503,1531,1520,1550,1554,1523,1564,1493,1569,1465,1568,1438,1562,1401,1550,1381,1530,1448,1524,1473,1528,1499,1530,1537,1549,1497,1539,1470,1537,1444,1533
710,h,1,1,1228,1178,1673,1624,23.666666666666668,1197,1341,1195,1404,1199,1466,1207,1525,1231,1580,1274,1619,1330,1644,1387,1663,1447,1674,1501,1672,1549,1654,1591,1625,1620,1583,1639,1537,1654,1490,1662,1443,1662,1396,1285,1273,1324,1246,1371,1240,1420,1247,1464,1264,1524,1277,1564,1276,1603,1282,1636,1297,1653,1330,1491,1314,1492,1344,1493,1372,1495,1402,1426,1447,1453,1454,1481,1462,1506,1462,1530,1461,1329,1305,1360,1288,1391,1293,1415,1323,1386,1320,1355,1314,1536,1343,1564,1320,1594,1325,1614,1349,1592,1351,1563,1348,1366,1530,1409,1504,1451,1495,1477,1504,1504,1502,1533,1519,1551,1552,1524,1561,1494,1565,1466,1564,1438,1558,1401,1547,1381,1529,1448,1521,1474,1526,1500,1528,1538,1547,1498,1537,1470,1535,1444,1531
711,h,1,1,1228,1178,1673,1624,23.7,1197,1340,1195,1403,1198,1465,1207,1526,1231,1580,1274,1619,1330,1645,1385,1665,1445,1677,1500,1677,1548,1659,1590,1630,1619,1588,1639,1542,1654,1493,1663,1443,1665,1394,1284,1271,1323,1245,1370,1240,1418,1248,1461,1265,1523,1278,1563,1277,1603,1281,1637,1297,1654,1331,1488,1314,1489,1344,1490,1372,1492,1403,1425,1447,1452,1454,1479,1463,1505,1462,1528,1461,1327,1304,1357,1287,1389,1292,1412,1323,1384,1319,1352,1313,1534,1342,1563,1320,1592,1323,1613,1349,1591,1350,1561,1347,1367,1529,1409,1504,1451,1495,1476,1504,1503,1502,1531,1519,1551,1553,1524,1562,1493,1567,1465,1566,1438,1560,1401,1548,1382,1528,1447,1521,1473,1526,1499,1528,1539,1548,1497,1538,1470,1536,1444,1532
712,h,1,1,1228,1178,1673,1624,23.733333333333334,1195,1337,1192,1399,1195,1462,1204,1523,1229,1577,1273,1617,1329,1642,1385,1661,1445,1672,1498,1670,1545,1651,1586,1622,1616,1582,1637,1536,1653,1488,1661,1438,1662,1390,1284,1270,1324,1244,1371,1240,1419,1248,1463,1264,1521,1277,1562,1276,1601,1281,1635,1294,1653,1326,1489,1314,1490,1344,1492,1372,1493,1403,1424,1448,1452,1455,1480,1462,1505,1462,1528,1461,1328,1305,1358,1288,1390,1293,1413,1324,1384,1320,1353,1314,1534,1342,1562,1320,1592,1324,1612,1348,1590,1350,1561,1347,1366,1529,1408,1504,1450,1495,1476,1504,1503,1502,1531,1520,1549,1552,1522,1562,1493,1568,1465,1567,1437,1562,1400,1549,1380,1529,1447,1521,1473,1526,1499,1528,1536,1548,1496,1540,1469,1538,1443,1534
713,h,1,1,1228,1178,1673,1624,23.766666666666666,1195,1337,1192,1399,1195,1462,1204,1523,1229,1577,1273,1617,1329,1642,1385,1661,1445,1672,1498,1670,1545,1651,1586,1622,1616,1582,1637,1536,1653,1488,1661,1438,1662,1390,1284,1270,1324,1244,1371,1240,1419,1248,1463,1264,1521,1277,1562,1276,1601,1281,1635,1294,1653,1326,1489,1314,1490,1344,1492,1372,1493,1403,1424,1448,1452,1455,1480,1462,1505,1462,1528,1461,1328,1305,1358,1288,1390,1293,1413,1324,1384,1320,1353,1314,1534,1342,1562,1320,1592,1324,1612,1348,1590,1350,1561,1347,1366,1529,1408,1504,1450,1495,1476,1504,1503,1502,1531,1520,1549,1552,1522,1562,1493,1568,1465,1567,1437,1562,1400,1549,1380,1529,1447,1521,1473,1526,1499,1528,1536,1548,1496,1540,1469,1538,1443,1534
714,h,1,1,1228,1178,1673,1624,23.8,1197,1334,1194,1396,1198,1460,1208,1521,1232,1576,1275,1618,1330,1646,1386,1668,1445,1679,1500,1675,1547,1654,1587,1622,1616,1581,1636,1534,1652,1486,1661,1436,1662,1387,1286,1269,1325,1244,1372,1239,1419,1248,1462,1264,1523,1277,1562,1276,1601,1280,1635,1293,1652,1324,1488,1315,1489,1344,1491,1372,1493,1403,1424,1448,1451,1455,1479,1463,1504,1462,1527,1460,1327,1304,1357,1288,1388,1293,1412,1323,1383,1319,1352,1314,1534,1342,1562,1320,1592,1324,1612,1348,1590,1350,1561,1347,1364,1532,1407,1505,1449,1496,1475,1504,1502,1502,1530,1519,1548,1554,1522,1566,1492,1572,1464,1572,1436,1567,1398,1553,1379,1532,1446,1523,1472,1527,1498,1529,1535,1549,1495,1543,1468,1542,1441,1538
715,h,1,1,1228,1178,1673,1624,23.833333333333332,1194,1334,1192,1397,1196,1461,1207,1521,1232,1577,1274,1620,1329,1648,1385,1669,1445,1681,1499,1677,1546,1655,1586,1624,1615,1581,1635,1534,1651,1486,1661,1437,1663,1388,1284,1269,1323,1244,1371,1239,1419,1248,1463,1264,1521,1278,1561,1276,1599,1280,1633,1293,1650,1325,1487,1315,1488,1344,1490,1372,1491,1402,1423,1448,1450,1455,1478,1463,1503,1463,1527,1461,1326,1304,1356,1287,1388,1292,1412,1323,1382,1319,1351,1313,1532,1342,1561,1320,1591,1323,1611,1348,1589,1350,1559,1347,1363,1534,1405,1505,1448,1496,1474,1505,1501,1503,1530,1520,1547,1556,1521,1569,1491,1577,1463,1575,1435,1570,1396,1556,1378,1533,1445,1523,1471,1527,1497,1529,1535,1551,1494,1547,1467,1545,1441,1542
716,h,1,1,1228,1178,1673,1624,23.866666666666667,1199,1332,1197,1395,1200,1458,1209,1519,1233,1574,1274,1617,1327,1647,1383,1669,1442,1680,1496,1678,1542,1657,1582,1625,1611,1584,1632,1537,1648,1488,1658,1439,1661,1389,1285,1271,1324,1245,1371,1239,1419,1248,1463,1264,1521,1277,1562,1276,1601,1281,1635,1297,1651,1330,1487,1314,1488,1344,1489,1373,1491,1404,1423,1448,1450,1455,1478,1463,1503,1462,1526,1460,1327,1304,1357,1287,1388,1292,1411,1323,1383,1319,1351,1314,1533,1342,1561,1319,1590,1323,1610,1348,1588,1350,1559,1347,1363,1535,1405,1506,1448,1496,1474,1505,1501,1503,1529,1520,1546,1556,1521,1569,1490,1577,1462,1576,1435,1571,1397,1556,1378,1534,1445,1523,1470,1528,1497,1530,1533,1551,1494,1547,1467,1545,1441,1541
717,h,1,1,1228,1178,1673,1624,23.9,1199,1332,1197,1395,1200,1458,1209,1519,1233,1574,1274,1617,1327,1647,1383,1669,1442,1680,1496,1678,1542,1657,1582,1625,1611,1584,1632,1537,1648,1488,1658,1439,1661,1389,1285,1271,1324,1245,1371,1239,1419,1248,1463,1264,1521,1277,1562,1276,1601,1281,1635,1297,1651,1330,1487,1314,1488,1344,1489,1373,1491,1404,1423,1448,1450,1455,1478,1463,1503,1462,1526,1460,1327,1304,1357,1287,1388,1292,1411,1323,1383,1319,1351,1314,1533,1342,1561,1319,1590,1323,1610,1348,1588,1350,1559,1347,1363,1535,1405,1506,1448,1496,1474,1505,1501,1503,1529,1520,1546,1556,1521,1569,1490,1577,1462,1576,1435,1571,1397,1556,1378,1534,1445,1523,1470,1528,1497,1530,1533,1551,1494,1547,1467,1545,1441,1541
718,h,1,1,1228,1178,1673,1624,23.933333333333334,1198,1332,1196,1394,1199,1457,1207,1517,1229,1572,1269,1615,1324,1643,1380,1664,1440,1676,1496,1674,1542,1655,1583,1625,1611,1584,1631,1537,1648,1490,1659,1441,1662,1392,1280,1275,1319,1246,1367,1240,1417,1248,1463,1265,1520,1279,1563,1277,1606,1283,1643,1301,1659,1338,1487,1316,1487,1345,1488,1373,1490,1404,1421,1448,1448,1455,1476,1463,1501,1462,1524,1461,1324,1304,1353,1287,1386,1292,1410,1322,1381,1319,1349,1314,1533,1343,1561,1320,1591,1324,1612,1350,1589,1351,1559,1348,1362,1533,1404,1505,1447,1495,1472,1504,1499,1503,1527,1520,1544,1554,1518,1567,1489,1573,1461,1572,1434,1567,1396,1554,1377,1532,1443,1522,1469,1526,1495,1528,1531,1548,1493,1544,1466,1542,1439,1538
719,h,1,1,1228,1178,1673,1624,23.966666666666665,1194,1336,1193,1399,1196,1461,1204,1522,1228,1576,1270,1617,1325,1645,1382,1664,1443,1675,1498,1673,1545,1654,1585,1623,1613,1582,1633,1535,1648,1487,1658,1438,1660,1389,1280,1270,1320,1244,1368,1238,1417,1247,1461,1264,1518,1277,1558,1275,1598,1280,1633,1294,1651,1327,1485,1313,1486,1342,1487,1371,1489,1401,1420,1447,1448,1454,1476,1462,1501,1461,1525,1461,1324,1303,1354,1287,1385,1292,1410,1322,1380,1319,1349,1313,1531,1342,1560,1319,1589,1323,1609,1348,1588,1350,1558,1347,1362,1529,1404,1502,1446,1493,1473,1503,1501,1501,1530,1519,1548,1554,1522,1565,1491,1570,1461,1568,1433,1562,1395,1549,1377,1528,1443,1521,1470,1526,1497,1528,1535,1549,1494,1540,1466,1538,1439,1533
720,h,1,1,1228,1178,1673,1624,24.0,1194,1336,1193,1399,1196,1461,1204,1522,1228,1576,1270,1617,1325,1645,1382,1664,1443,1675,1498,1673,1545,1654,1585,1623,1613,1582,1633,1535,1648,1487,1658,1438,1660,1389,1280,1270,1320,1244,1368,1238,1417,1247,1461,1264,1518,1277,1558,1275,1598,1280,1633,1294,1651,1327,1485,1313,1486,1342,1487,1371,1489,1401,1420,1447,1448,1454,1476,1462,1501,1461,1525,1461,1324,1303,1354,1287,1385,1292,1410,1322,1380,1319,1349,1313,1531,1342,1560,1319,1589,1323,1609,1348,1588,1350,1558,1347,1362,1529,1404,1502,1446,1493,1473,1503,1501,1501,1530,1519,1548,1554,1522,1565,1491,1570,1461,1568,1433,1562,1395,1549,1377,1528,1443,1521,1470,1526,1497,1528,1535,1549,1494,1540,1466,1538,1439,1533
721,h,1,1,1228,1178,1673,1624,24.033333333333335,1193,1337,1191,1399,1194,1462,1201,1521,1224,1576,1266,1616,1323,1641,1380,1661,1439,1672,1493,1671,1541,1651,1582,1622,1612,1582,1632,1535,1648,1488,1658,1438,1661,1390,1277,1276,1315,1246,1364,1239,1414,1247,1460,1264,1517,1279,1559,1277,1602,1282,1639,1299,1656,1336,1485,1314,1486,1343,1487,1370,1489,1400,1421,1445,1448,1452,1475,1460,1500,1460,1523,1459,1322,1304,1352,1287,1384,1291,1409,1321,1379,1318,1347,1313,1530,1342,1558,1320,1588,1325,1609,1350,1586,1351,1556,1347,1364,1527,1405,1501,1447,1492,1472,1502,1499,1500,1526,1516,1543,1550,1518,1559,1489,1565,1461,1563,1433,1558,1396,1546,1378,1526,1443,1517,1469,1522,1495,1524,1530,1544,1493,1537,1466,1536,1439,1531
722,h,1,1,1228,1178,1673,1624,24.066666666666666,1192,1338,1191,1400,1194,1463,1203,1523,1227,1578,1270,1618,1327,1644,1385,1663,1443,1674,1496,1672,1542,1653,1582,1624,1610,1583,1630,1537,1646,1490,1656,1441,1659,1392,1276,1277,1314,1246,1363,1239,1413,1246,1459,1263,1517,1276,1559,1275,1600,1281,1636,1299,1652,1335,1485,1313,1486,1342,1488,1369,1489,1399,1420,1445,1448,1451,1475,1459,1501,1459,1524,1459,1322,1305,1351,1287,1383,1292,1408,1321,1379,1318,1347,1313,1530,1342,1558,1321,1588,1325,1609,1350,1586,1351,1556,1347,1363,1528,1405,1501,1447,1492,1472,1501,1499,1500,1527,1517,1545,1550,1519,1560,1489,1565,1461,1564,1434,1559,1396,1547,1377,1526,1443,1518,1469,1522,1495,1524,1532,1544,1493,1538,1466,1536,1439,1533
723,h,1,1,1228,1178,1673,1624,24.1,1190,1332,1187,1396,1188,1459,1196,1520,1222,1575,1266,1615,1324,1640,1381,1660,1440,1672,1494,1670,1540,1651,1582,1622,1612,1581,1633,1535,1649,1487,1658,1437,1660,1389,1280,1275,1317,1246,1365,1239,1415,1247,1461,1264,1517,1278,1558,1277,1598,1281,1633,1297,1650,1330,1485,1314,1486,1342,1487,1369,1489,1398,1420,1446,1447,1452,1474,1459,1500,1459,1524,1459,1325,1303,1354,1287,1385,1292,1409,1321,1381,1318,1349,1313,1529,1341,1557,1320,1587,1324,1607,1348,1585,1350,1555,1346,1363,1527,1405,1502,1446,1494,1472,1502,1499,1500,1527,1517,1546,1548,1519,1558,1489,1563,1461,1563,1433,1557,1397,1545,1378,1526,1443,1519,1469,1524,1495,1526,1533,1543,1493,1535,1466,1534,1439,1530
724,h,1,1,1228,1178,1673,1624,24.133333333333333,1190,1332,1187,1396,1188,1459,1196,1520,1222,1575,1266,1615,1324,1640,1381,1660,1440,1672,1494,1670,1540,1651,1582,1622,1612,1581,1633,1535,1649,1487,1658,1437,1660,1389,1280,1275,1317,1246,1365,1239,1415,1247,1461,1264,1517,1278,1558,1277,1598,1281,1633,1297,1650,1330,1485,1314,1486,1342,1487,1369,1489,1398,1420,1446,1447,1452,1474,1459,1500,1459,1524,1459,1325,1303,1354,1287,1385,1292,1409,1321,1381,1318,1349,1313,1529,1341,1557,1320,1587,1324,1607,1348,1585,1350,1555,1346,1363,1527,1405,1502,1446,1494,1472,1502,1499,1500,1527,1517,1546,1548,1519,1558,1489,1563,1461,1563,1433,1557,1397,1545,1378,1526,1443,1519,1469,1524,1495,1526,1533,1543,1493,1535,1466,1534,1439,1530
725,h,1,1,1228,1178,1673,1624,24.166666666666668,1193,1333,1190,1395,1193,1457,1201,1516,1225,1570,1267,1611,1323,1637,1380,1657,1439,1668,1492,1668,1539,1651,1580,1622,1610,1582,1632,1535,1648,1487,1657,1438,1659,1389,1280,1273,1318,1246,1366,1239,1415,1247,1460,1263,1517,1277,1557,1275,1598,1281,1632,1296,1650,1329,1485,1314,1486,1343,1487,1370,1489,1401,1420,1446,1447,1452,1475,1460,1500,1460,1524,1459,1323,1303,1353,1287,1384,1291,1408,1321,1379,1318,1348,1312,1530,1341,1558,1320,1587,1323,1608,1347,1585,1349,1556,1346,1363,1526,1405,1502,1446,1493,1472,1503,1499,1500,1527,1517,1545,1548,1519,1558,1489,1564,1461,1563,1433,1557,1396,1544,1378,1525,1443,1518,1469,1524,1495,1525,1532,1543,1493,1535,1466,1535,1439,1530
726,h,1,1,1228,1178,1673,1624,24.2,1195,1335,1192,1397,1195,1459,1205,1518,1229,1572,1272,1612,1327,1638,1382,1659,1440,1670,1493,1669,1540,1650,1581,1621,1611,1581,1632,1534,1649,1487,1658,1437,1660,1389,1282,1271,1320,1245,1367,1238,1416,1247,1460,1263,1518,1276,1559,1275,1598,1280,1633,1296,1650,1328,1485,1314,1486,1343,1487,1370,1488,1400,1420,1446,1447,1453,1474,1461,1499,1460,1523,1460,1325,1303,1354,1288,1386,1293,1409,1322,1380,1319,1349,1313,1529,1341,1557,1320,1587,1324,1607,1348,1585,1350,1556,1346,1363,1528,1405,1503,1446,1494,1472,1503,1499,1501,1528,1518,1546,1549,1519,1559,1489,1565,1461,1564,1434,1558,1397,1545,1377,1527,1443,1520,1469,1525,1496,1526,1533,1544,1493,1537,1466,1536,1439,1531
727,h,1,1,1228,1178,1673,1624,24.233333333333334,1193,1332,1190,1394,1192,1456,1201,1515,1225,1570,1269,1611,1324,1638,1380,1659,1438,1670,1491,1669,1537,1651,1577,1622,1607,1581,1629,1535,1645,1487,1654,1437,1656,1388,1281,1272,1320,1246,1367,1239,1415,1248,1459,1264,1518,1277,1557,1276,1595,1281,1628,1296,1644,1327,1485,1314,1486,1343,1487,1370,1489,1400,1421,1445,1448,1452,1475,1459,1500,1459,1524,1458,1325,1304,1354,1288,1385,1293,1409,1322,1380,1319,1349,1313,1529,1341,1556,1320,1585,1324,1605,1346,1583,1349,1554,1346,1364,1524,1406,1502,1448,1493,1473,1503,1500,1500,1528,1517,1546,1547,1520,1557,1490,1563,1462,1562,1435,1556,1398,1544,1378,1524,1444,1518,1470,1524,1497,1525,1534,1543,1494,1537,1467,1535,1440,1531
728,h,1,1,1228,1178,1673,1624,24.266666666666666,1193,1332,1190,1394,1192,1456,1201,1515,1225,1570,1269,1611,1324,1638,1380,1659,1438,1670,1491,1669,1537,1651,1577,1622,1607,1581,1629,1535,1645,1487,1654,1437,1656,1388,1281,1272,1320,1246,1367,1239,1415,1248,1459,1264,1518,1277,1557,1276,1595,1281,1628,1296,1644,1327,1485,1314,1486,1343,1487,1370,1489,1400,1421,1445,1448,1452,1475,1459,1500,1459,1524,1458,1325,1304,1354,1288,1385,1293,1409,1322,1380,1319,1349,1313,1529,1341,1556,1320,1585,1324,1605,1346,1583,1349,1554,1346,1364,1524,1406,1502,1448,1493,1473,1503,1500,1500,1528,1517,1546,1547,1520,1557,1490,1563,1462,1562,1435,1556,1398,1544,1378,1524,1444,1518,1470,1524,1497,1525,1534,1543,1494,1537,1467,1535,1440,1531
729,h,1,1,1228,1178,1673,1624,24.3,1191,1333,1187,1395,1188,1457,1196,1518,1220,1573,1265,1614,1323,1640,1380,1660,1440,1671,1494,1670,1540,1650,1581,1620,1612,1578,1633,1532,1650,1484,1659,1435,1661,1387,1278,1273,1317,1245,1365,1239,1414,1247,1460,1263,1518,1277,1557,1276,1597,1280,1633,1295,1651,1327,1485,1312,1486,1342,1488,1370,1490,1401,1421,1445,1448,1452,1476,1460,1500,1459,1523,1458,1323,1303,1353,1287,1384,1292,1408,1321,1379,1318,1347,1312,1529,1341,1558,1319,1587,1323,1608,1347,1585,1349,1556,1345,1364,1525,1407,1501,1448,1492,1474,1501,1501,1499,1528,1515,1546,1546,1520,1557,1491,1563,1463,1562,1435,1556,1399,1543,1378,1524,1444,1518,1471,1523,1497,1524,1534,1541,1495,1535,1468,1533,1441,1528
730,h,1,1,1228,1178,1673,1624,24.333333333333332,1198,1331,1194,1393,1196,1455,1203,1515,1226,1570,1268,1612,1324,1638,1379,1659,1439,1671,1494,1670,1540,1650,1582,1621,1612,1580,1632,1533,1649,1485,1658,1436,1660,1387,1280,1275,1319,1246,1368,1239,1418,1248,1463,1265,1516,1278,1557,1276,1598,1280,1634,1296,1651,1330,1486,1312,1486,1341,1488,1369,1489,1400,1422,1445,1448,1451,1475,1459,1501,1459,1524,1458,1327,1305,1357,1292,1387,1296,1411,1322,1382,1318,1352,1313,1531,1341,1560,1323,1587,1327,1607,1348,1585,1349,1557,1345,1365,1523,1408,1501,1448,1493,1473,1502,1500,1500,1528,1516,1548,1544,1520,1553,1490,1558,1462,1557,1435,1552,1399,1539,1380,1521,1444,1518,1470,1523,1497,1524,1536,1540,1494,1532,1467,1530,1441,1525
731,h,1,1,1228,1178,1673,1624,24.366666666666667,1204,1325,1200,1388,1201,1450,1209,1511,1231,1567,1272,1610,1326,1639,1382,1660,1442,1672,1497,1670,1543,1650,1583,1620,1613,1577,1633,1529,1649,1480,1657,1431,1659,1381,1287,1274,1323,1245,1370,1239,1419,1247,1463,1263,1515,1276,1556,1275,1596,1279,1630,1297,1645,1332,1486,1311,1487,1341,1488,1368,1490,1399,1422,1444,1449,1451,1476,1459,1502,1458,1525,1457,1332,1306,1361,1293,1390,1298,1414,1322,1386,1320,1356,1315,1529,1341,1558,1325,1585,1330,1605,1350,1583,1352,1555,1348,1366,1522,1408,1499,1448,1491,1473,1501,1500,1499,1529,1514,1549,1543,1521,1553,1491,1557,1463,1556,1436,1551,1400,1539,1380,1521,1444,1517,1470,1522,1497,1523,1537,1539,1495,1531,1467,1530,1441,1525
732,h,1,1,1228,1178,1673,1624,24.4,1204,1325,1200,1388,1201,1450,1209,1511,1231,1567,1272,1610,1326,1639,1382,1660,1442,1672,1497,1670,1543,1650,1583,1620,1613,1577,1633,1529,1649,1480,1657,1431,1659,1381,1287,1274,1323,1245,1370,1239,1419,1247,1463,1263,1515,1276,1556,1275,1596,1279,1630,1297,1645,1332,1486,1311,1487,1341,1488,1368,1490,1399,1422,1444,1449,1451,1476,1459,1502,1458,1525,1457,1332,1306,1361,1293,1390,1298,1414,1322,1386,1320,1356,1315,1529,1341,1558,1325,1585,1330,1605,1350,1583,1352,1555,1348,1366,1522,1408,1499,1448,1491,1473,1501,1500,1499,1529,1514,1549,1543,1521,1553,1491,1557,1463,1556,1436,1551,1400,1539,1380,1521,1444,1517,1470,1522,1497,1523,1537,1539,1495,1531,1467,1530,1441,1525
733,h,1,1,1228,1178,1673,1624,24.433333333333334,1198,1333,1195,1395,1198,1458,1206,1518,1230,1573,1272,1614,1326,1641,1382,1661,1442,1673,1497,1672,1543,1652,1583,1621,1613,1579,1633,1532,1648,1483,1656,1434,1657,1386,1283,1272,1321,1245,1369,1238,1418,1246,1462,1263,1518,1276,1558,1275,1597,1280,1631,1297,1646,1332,1486,1310,1487,1340,1488,1368,1490,1400,1422,1445,1449,1451,1477,1459,1502,1459,1524,1457,1329,1305,1359,1293,1388,1297,1412,1321,1384,1318,1355,1312,1531,1341,1561,1326,1587,1331,1606,1350,1584,1351,1557,1347,1367,1524,1409,1500,1450,1491,1474,1500,1501,1498,1528,1514,1548,1544,1521,1553,1492,1559,1464,1558,1438,1552,1401,1540,1381,1523,1446,1518,1471,1523,1497,1524,1536,1539,1495,1532,1469,1530,1443,1525
734,h,1,1,1228,1178,1673,1624,24.466666666666665,1196,1330,1191,1392,1191,1455,1198,1517,1222,1573,1266,1615,1323,1641,1381,1661,1442,1673,1497,1670,1544,1649,1586,1619,1615,1577,1634,1530,1650,1483,1659,1435,1661,1387,1283,1270,1322,1242,1370,1236,1418,1245,1463,1262,1521,1276,1560,1275,1599,1279,1634,1294,1650,1327,1488,1310,1488,1339,1490,1367,1491,1398,1423,1443,1449,1449,1476,1457,1501,1457,1524,1456,1330,1301,1359,1289,1389,1293,1413,1319,1384,1315,1354,1310,1532,1339,1561,1322,1589,1327,1607,1348,1586,1349,1558,1344,1367,1523,1409,1499,1450,1491,1474,1499,1500,1498,1528,1514,1546,1545,1520,1553,1490,1558,1463,1557,1437,1551,1401,1539,1381,1522,1446,1518,1471,1522,1496,1524,1534,1540,1494,1532,1468,1530,1443,1525
735,h,1,1,1228,1178,1673,1624,24.5,1196,1330,1191,1392,1191,1455,1198,1517,1222,1573,1266,1615,1323,1641,1381,1661,1442,1673,1497,1670,1544,1649,1586,1619,1615,1577,1634,1530,1650,1483,1659,1435,1661,1387,1283,1270,1322,1242,1370,1236,1418,1245,1463,1262,1521,1276,1560,1275,1599,1279,1634,1294,1650,1327,1488,1310,1488,1339,1490,1367,1491,1398,1423,1443,1449,1449,1476,1457,1501,1457,1524,1456,1330,1301,1359,1289,1389,1293,1413,1319,1384,1315,1354,1310,1532,1339,1561,1322,1589,1327,1607,1348,1586,1349,1558,1344,1367,1523,1409,1499,1450,1491,1474,1499,1500,1498,1528,1514,1546,1545,1520,1553,1490,1558,1463,1557,1437,1551,1401,1539,1381,1522,1446,1518,1471,1522,1496,1524,1534,1540,1494,1532,1468,1530,1443,1525
736,h,1,1,1228,1178,1673,1624,24.533333333333335,1192,1332,1189,1396,1190,1458,1196,1520,1220,1575,1264,1616,1322,1642,1379,1661,1439,1673,1495,1672,1542,1653,1584,1623,1614,1581,1633,1533,1648,1483,1656,1434,1657,1385,1282,1272,1320,1244,1368,1237,1418,1244,1464,1260,1516,1275,1556,1274,1597,1279,1632,1294,1649,1328,1487,1310,1488,1339,1490,1367,1492,1398,1423,1443,1450,1450,1477,1457,1502,1457,1525,1456,1327,1301,1357,1288,1387,1292,1411,1319,1383,1316,1352,1310,1531,1339,1561,1320,1588,1324,1608,1346,1586,1347,1558,1343,1365,1524,1408,1499,1449,1490,1474,1499,1501,1497,1528,1514,1546,1547,1520,1555,1490,1559,1462,1558,1435,1552,1399,1540,1379,1523,1445,1516,1471,1521,1497,1523,1535,1542,1494,1532,1467,1530,1441,1526
737,h,1,1,1228,1178,1673,1624,24.566666666666666,1193,1334,1189,1397,1190,1460,1196,1522,1220,1577,1263,1617,1321,1642,1379,1660,1440,1672,1496,1669,1543,1650,1585,1621,1615,1579,1635,1533,1650,1484,1657,1435,1659,1387,1281,1271,1321,1244,1369,1238,1419,1246,1464,1262,1520,1276,1559,1275,1599,1280,1633,1295,1650,1328,1489,1310,1490,1339,1492,1367,1494,1397,1425,1443,1452,1449,1479,1457,1503,1457,1525,1455,1327,1302,1358,1288,1388,1292,1412,1319,1383,1315,1353,1310,1532,1339,1561,1320,1588,1324,1607,1346,1586,1347,1558,1343,1367,1523,1409,1498,1450,1489,1476,1499,1503,1496,1530,1513,1546,1546,1521,1554,1492,1559,1464,1557,1437,1552,1401,1541,1381,1522,1447,1515,1473,1520,1499,1522,1534,1540,1496,1532,1469,1530,1443,1526
738,h,1,1,1228,1178,1673,1624,24.6,1198,1329,1193,1392,1193,1455,1200,1516,1223,1571,1266,1611,1323,1638,1380,1658,1441,1669,1496,1668,1543,1650,1584,1620,1613,1579,1633,1533,1650,1485,1659,1437,1662,1390,1286,1267,1325,1241,1372,1236,1419,1244,1463,1261,1523,1275,1562,1274,1602,1280,1636,1296,1653,1328,1490,1311,1491,1339,1493,1367,1494,1397,1425,1441,1452,1448,1479,1456,1504,1456,1527,1455,1331,1300,1360,1286,1391,1291,1414,1318,1386,1314,1355,1308,1534,1339,1563,1320,1591,1325,1609,1348,1588,1348,1560,1343,1368,1520,1409,1497,1450,1488,1476,1497,1503,1495,1530,1512,1547,1544,1522,1554,1492,1559,1464,1557,1437,1551,1401,1538,1382,1520,1446,1514,1472,1519,1499,1521,1535,1539,1496,1532,1469,1530,1443,1525
739,h,1,1,1228,1178,1673,1624,24.633333333333333,1198,1329,1193,1392,1193,1455,1200,1516,1223,1571,1266,1611,1323,1638,1380,1658,1441,1669,1496,1668,1543,1650,1584,1620,1613,1579,1633,1533,1650,1485,1659,1437,1662,1390,1286,1267,1325,1241,1372,1236,1419,1244,1463,1261,1523,1275,1562,1274,1602,1280,1636,1296,1653,1328,1490,1311,1491,1339,1493,1367,1494,1397,1425,1441,1452,1448,1479,1456,1504,1456,1527,1455,1331,1300,1360,1286,1391,1291,1414,1318,1386,1314,1355,1308,1534,1339,1563,1320,1591,1325,1609,1348,1588,1348,1560,1343,1368,1520,1409,1497,1450,1488,1476,1497,1503,1495,1530,1512,1547,1544,1522,1554,1492,1559,1464,1557,1437,1551,1401,1538,1382,1520,1446,1514,1472,1519,1499,1521,1535,1539,1496,1532,1469,1530,1443,1525
740,h,1,1,1228,1178,1673,1624,24.666666666666668,1196,1328,1192,1389,1192,1452,1199,1513,1222,1568,1265,1609,1321,1635,1379,1655,1439,1667,1495,1665,1542,1646,1584,1616,1614,1575,1634,1528,1649,1480,1657,1432,1660,1385,1288,1267,1327,1241,1373,1235,1421,1243,1465,1260,1524,1274,1563,1272,1601,1277,1634,1292,1650,1324,1491,1311,1491,1340,1493,1367,1495,1398,1426,1442,1453,1449,1480,1456,1504,1456,1527,1455,1331,1300,1361,1285,1391,1290,1414,1319,1386,1315,1356,1310,1533,1339,1562,1318,1590,1322,1608,1345,1588,1347,1560,1343,1368,1522,1410,1497,1452,1488,1476,1497,1503,1495,1529,1511,1546,1543,1521,1553,1493,1558,1465,1557,1439,1552,1402,1539,1382,1521,1448,1516,1473,1520,1499,1522,1534,1538,1497,1529,1470,1527,1445,1523
741,h,1,1,1228,1178,1673,1624,24.7,1198,1330,1195,1392,1195,1455,1201,1515,1223,1572,1266,1612,1322,1637,1380,1656,1439,1668,1495,1667,1544,1649,1588,1621,1617,1580,1636,1534,1651,1487,1661,1440,1665,1392,1286,1273,1324,1243,1372,1236,1421,1244,1467,1261,1524,1276,1567,1274,1610,1280,1648,1300,1662,1339,1491,1311,1491,1339,1492,1367,1493,1397,1425,1441,1452,1447,1479,1454,1504,1455,1528,1454,1331,1300,1360,1285,1391,1290,1415,1319,1386,1315,1355,1309,1537,1340,1566,1320,1595,1325,1614,1349,1592,1349,1563,1345,1368,1522,1410,1497,1452,1488,1477,1496,1503,1495,1531,1512,1548,1546,1522,1553,1492,1558,1464,1556,1438,1550,1401,1538,1382,1520,1448,1513,1473,1518,1499,1520,1536,1539,1496,1531,1470,1528,1444,1524
742,h,1,1,1228,1178,1673,1624,24.733333333333334,1198,1332,1194,1394,1194,1457,1199,1518,1221,1574,1263,1616,1322,1641,1380,1661,1442,1673,1499,1671,1547,1651,1589,1620,1617,1578,1635,1532,1651,1484,1660,1437,1662,1390,1288,1270,1327,1242,1375,1235,1424,1243,1469,1259,1526,1273,1566,1273,1607,1280,1641,1298,1656,1333,1493,1308,1493,1337,1495,1365,1497,1396,1429,1440,1455,1447,1482,1455,1507,1455,1530,1454,1334,1298,1364,1283,1394,1288,1417,1317,1389,1313,1358,1307,1537,1337,1566,1318,1594,1323,1612,1347,1591,1347,1563,1343,1370,1522,1413,1497,1455,1488,1480,1497,1506,1495,1533,1513,1550,1547,1525,1555,1496,1560,1468,1558,1442,1553,1404,1540,1385,1521,1451,1515,1477,1519,1502,1521,1538,1541,1500,1533,1473,1530,1448,1526
743,h,1,1,1228,1178,1673,1624,24.766666666666666,1198,1332,1194,1394,1194,1457,1199,1518,1221,1574,1263,1616,1322,1641,1380,1661,1442,1673,1499,1671,1547,1651,1589,1620,1617,1578,1635,1532,1651,1484,1660,1437,1662,1390,1288,1270,1327,1242,1375,1235,1424,1243,1469,1259,1526,1273,1566,1273,1607,1280,1641,1298,1656,1333,1493,1308,1493,1337,1495,1365,1497,1396,1429,1440,1455,1447,1482,1455,1507,1455,1530,1454,1334,1298,1364,1283,1394,1288,1417,1317,1389,1313,1358,1307,1537,1337,1566,1318,1594,1323,1612,1347,1591,1347,1563,1343,1370,1522,1413,1497,1455,1488,1480,1497,1506,1495,1533,1513,1550,1547,1525,1555,1496,1560,1468,1558,1442,1553,1404,1540,1385,1521,1451,1515,1477,1519,1502,1521,1538,1541,1500,1533,1473,1530,1448,1526
744,h,1,1,1228,1178,1673,1624,24.8,1191,1335,1187,1398,1187,1461,1193,1523,1217,1578,1261,1619,1321,1643,1380,1661,1442,1673,1497,1672,1545,1654,1586,1626,1614,1584,1633,1538,1649,1489,1658,1441,1661,1393,1289,1267,1329,1241,1376,1234,1425,1242,1469,1259,1527,1273,1566,1272,1604,1278,1637,1293,1652,1325,1495,1310,1495,1338,1497,1365,1499,1395,1430,1441,1457,1447,1483,1455,1508,1455,1531,1454,1334,1299,1364,1283,1395,1288,1417,1317,1389,1313,1359,1307,1537,1338,1566,1318,1594,1322,1612,1346,1591,1347,1563,1343,1373,1524,1414,1496,1456,1487,1481,1495,1507,1494,1534,1512,1548,1548,1524,1557,1496,1562,1468,1560,1441,1554,1405,1542,1387,1523,1452,1514,1477,1518,1503,1521,1537,1543,1500,1535,1473,1532,1447,1528
745,h,1,1,1228,1178,1673,1624,24.833333333333332,1199,1330,1195,1393,1197,1457,1203,1518,1227,1574,1271,1615,1328,1641,1385,1662,1446,1674,1502,1672,1548,1653,1588,1622,1615,1580,1634,1533,1650,1485,1659,1436,1662,1387,1294,1264,1332,1238,1379,1232,1426,1241,1470,1257,1528,1273,1567,1272,1605,1278,1638,1293,1654,1324,1495,1308,1496,1336,1498,1364,1500,1395,1431,1438,1457,1445,1484,1453,1509,1453,1532,1453,1337,1296,1366,1281,1396,1286,1418,1315,1391,1311,1361,1305,1538,1336,1567,1317,1595,1321,1612,1345,1592,1346,1565,1341,1375,1524,1415,1495,1456,1485,1482,1494,1509,1492,1537,1511,1551,1550,1528,1560,1498,1565,1470,1563,1442,1557,1406,1544,1389,1522,1453,1513,1479,1517,1505,1520,1539,1543,1502,1537,1475,1534,1449,1529
746,h,1,1,1228,1178,1673,1624,24.866666666666667,1192,1333,1189,1396,1190,1459,1196,1520,1220,1576,1265,1617,1324,1640,1383,1659,1444,1672,1500,1671,1546,1653,1587,1623,1615,1582,1634,1535,1649,1487,1659,1438,1662,1390,1290,1266,1329,1239,1377,1233,1425,1241,1470,1258,1529,1273,1568,1273,1606,1279,1638,1294,1653,1326,1497,1308,1498,1336,1500,1363,1502,1393,1433,1438,1459,1445,1486,1453,1510,1453,1533,1452,1334,1297,1364,1282,1395,1286,1418,1316,1390,1311,1360,1305,1540,1338,1569,1318,1596,1323,1614,1347,1593,1347,1566,1342,1374,1522,1416,1494,1458,1484,1484,1493,1510,1492,1538,1510,1553,1547,1528,1557,1500,1563,1471,1561,1444,1555,1407,1542,1389,1521,1454,1511,1480,1515,1506,1518,1541,1541,1504,1535,1476,1533,1450,1528
747,h,1,1,1228,1178,1673,1624,24.9,1192,1333,1189,1396,1190,1459,1196,1520,1220,1576,1265,1617,1324,1640,1383,1659,1444,1672,1500,1671,1546,1653,1587,1623,1615,1582,1634,1535,1649,1487,1659,1438,1662,1390,1290,1266,1329,1239,1377,1233,1425,1241,1470,1258,1529,1273,1568,1273,1606,1279,1638,1294,1653,1326,1497,1308,1498,1336,1500,1363,1502,1393,1433,1438,1459,1445,1486,1453,1510,1453,1533,1452,1334,1297,1364,1282,1395,1286,1418,1316,1390,1311,1360,1305,1540,1338,1569,1318,1596,1323,1614,1347,1593,1347,1566,1342,1374,1522,1416,1494,1458,1484,1484,1493,1510,1492,1538,1510,1553,1547,1528,1557,1500,1563,1471,1561,1444,1555,1407,1542,1389,1521,1454,1511,1480,1515,1506,1518,1541,1541,1504,1535,1476,1533,1450,1528
748,h,1,1,1228,1178,1673,1624,24.933333333333334,1201,1334,1198,1398,1199,1462,1205,1523,1229,1578,1273,1617,1331,1641,1389,1660,1450,1672,1505,1669,1553,1650,1592,1620,1619,1578,1638,1532,1653,1485,1662,1438,1664,1391,1293,1264,1332,1237,1380,1231,1429,1239,1472,1257,1529,1272,1568,1270,1607,1276,1641,1294,1657,1326,1497,1307,1498,1335,1500,1363,1502,1393,1433,1437,1459,1444,1487,1452,1511,1452,1533,1451,1337,1294,1367,1279,1398,1284,1421,1315,1393,1310,1362,1304,1540,1336,1569,1316,1597,1321,1615,1346,1594,1346,1566,1342,1375,1523,1416,1493,1458,1483,1484,1491,1511,1490,1539,1509,1555,1548,1530,1556,1500,1562,1472,1560,1445,1554,1407,1542,1390,1522,1455,1510,1481,1514,1507,1517,1543,1541,1505,1534,1477,1532,1451,1528
749,h,1,1,1228,1178,1673,1624,24.966666666666665,1194,1336,1190,1399,1189,1463,1195,1524,1221,1578,1266,1616,1325,1639,1384,1658,1443,1670,1496,1669,1541,1652,1582,1625,1609,1587,1629,1542,1645,1495,1655,1447,1658,1400,1293,1264,1333,1237,1382,1232,1430,1240,1473,1259,1533,1274,1570,1272,1608,1277,1641,1293,1656,1324,1499,1308,1500,1336,1502,1363,1504,1394,1435,1438,1461,1444,1488,1451,1511,1452,1534,1452,1337,1296,1367,1280,1398,1285,1421,1316,1393,1311,1362,1305,1541,1337,1571,1316,1599,1321,1616,1345,1596,1345,1568,1341,1375,1519,1417,1493,1460,1483,1485,1492,1511,1491,1539,1509,1554,1545,1529,1555,1499,1561,1471,1560,1444,1554,1408,1541,1389,1519,1456,1510,1481,1515,1507,1517,1543,1539,1504,1534,1477,1532,1451,1528
750,h,1,1,1228,1178,1673,1624,25.0,1194,1336,1190,1399,1189,1463,1195,1524,1221,1578,1266,1616,1325,1639,1384,1658,1443,1670,1496,1669,1541,1652,1582,1625,1609,1587,1629,1542,1645,1495,1655,1447,1658,1400,1293,1264,1333,1237,1382,1232,1430,1240,1473,1259,1533,1274,1570,1272,1608,1277,1641,1293,1656,1324,1499,1308,1500,1336,1502,1363,1504,1394,1435,1438,1461,1444,1488,1451,1511,1452,1534,1452,1337,1296,1367,1280,1398,1285,1421,1316,1393,1311,1362,1305,1541,1337,1571,1316,1599,1321,1616,1345,1596,1345,1568,1341,1375,1519,1417,1493,1460,1483,1485,1492,1511,1491,1539,1509,1554,1545,1529,1555,1499,1561,1471,1560,1444,1554,1408,1541,1389,1519,1456,1510,1481,1515,1507,1517,1543,1539,1504,1534,1477,1532,1451,1528
751,h,1,1,1228,1178,1673,1624,25.033333333333335,1196,1336,1193,1399,1193,1462,1199,1523,1223,1577,1268,1617,1329,1639,1388,1657,1448,1669,1501,1666,1547,1650,1587,1621,1614,1580,1633,1535,1649,1489,1658,1443,1662,1398,1295,1267,1335,1239,1383,1233,1432,1240,1475,1258,1534,1272,1573,1272,1612,1280,1645,1298,1659,1332,1501,1309,1502,1337,1504,1364,1507,1394,1436,1438,1463,1444,1490,1452,1514,1452,1537,1451,1338,1297,1369,1280,1400,1285,1423,1316,1395,1311,1364,1305,1543,1338,1572,1317,1601,1322,1618,1349,1597,1348,1569,1343,1376,1521,1419,1495,1462,1485,1487,1493,1513,1492,1540,1510,1553,1547,1530,1557,1501,1563,1473,1562,1447,1556,1410,1543,1390,1521,1458,1511,1483,1515,1508,1518,1541,1541,1505,1536,1479,1533,1454,1530
752,h,1,1,1176,1117,1711,1652,25.066666666666666,1192,1337,1188,1401,1190,1466,1199,1528,1229,1582,1279,1621,1340,1643,1399,1662,1458,1673,1508,1670,1552,1649,1591,1619,1619,1577,1639,1531,1655,1482,1662,1434,1664,1387,1298,1266,1338,1238,1386,1234,1435,1242,1480,1260,1535,1272,1573,1273,1610,1280,1641,1297,1654,1328,1503,1309,1504,1337,1507,1365,1510,1394,1438,1438,1466,1447,1493,1455,1518,1455,1540,1453,1341,1297,1372,1281,1403,1286,1424,1316,1398,1312,1368,1306,1546,1338,1574,1317,1602,1323,1619,1348,1599,1348,1572,1344,1379,1526,1422,1495,1464,1485,1489,1495,1519,1494,1546,1513,1559,1552,1535,1562,1506,1567,1476,1565,1448,1558,1413,1546,1393,1524,1460,1512,1486,1517,1514,1520,1546,1545,1510,1539,1481,1536,1455,1531
753,h,1,1,1228,1178,1673,1624,25.1,1203,1331,1199,1393,1199,1457,1206,1517,1230,1573,1273,1614,1332,1639,1391,1658,1452,1670,1507,1668,1553,1650,1594,1620,1621,1579,1641,1533,1657,1486,1666,1440,1670,1394,1300,1262,1340,1237,1389,1232,1437,1242,1482,1261,1538,1275,1579,1274,1620,1280,1655,1298,1670,1332,1506,1312,1506,1339,1508,1366,1509,1396,1439,1439,1466,1446,1493,1455,1517,1455,1540,1454,1343,1297,1373,1282,1404,1287,1427,1317,1399,1312,1368,1306,1549,1340,1578,1319,1607,1325,1625,1350,1603,1350,1575,1346,1378,1524,1421,1495,1464,1486,1490,1495,1517,1494,1544,1512,1556,1551,1533,1560,1504,1565,1475,1563,1448,1557,1410,1544,1392,1523,1460,1513,1486,1518,1513,1521,1544,1544,1509,1537,1481,1535,1455,1531
754,h,1,1,1228,1178,1673,1624,25.133333333333333,1203,1331,1199,1393,1199,1457,1206,1517,1230,1573,1273,1614,1332,1639,1391,1658,1452,1670,1507,1668,1553,1650,1594,1620,1621,1579,1641,1533,1657,1486,1666,1440,1670,1394,1300,1262,1340,1237,1389,1232,1437,1242,1482,1261,1538,1275,1579,1274,1620,1280,1655,1298,1670,1332,1506,1312,1506,1339,1508,1366,1509,1396,1439,1439,1466,1446,1493,1455,1517,1455,1540,1454,1343,1297,1373,1282,1404,1287,1427,1317,1399,1312,1368,1306,1549,1340,1578,1319,1607,1325,1625,1350,1603,1350,1575,1346,1378,1524,1421,1495,1464,1486,1490,1495,1517,1494,1544,1512,1556,1551,1533,1560,1504,1565,1475,1563,1448,1557,1410,1544,1392,1523,1460,1513,1486,1518,1513,1521,1544,1544,1509,1537,1481,1535,1455,1531
755,h,1,1,1236,1117,1771,1652,25.166666666666668,1207,1328,1203,1390,1205,1452,1216,1511,1243,1566,1287,1604,1343,1630,1398,1652,1456,1665,1509,1666,1553,1646,1591,1616,1621,1573,1644,1528,1663,1481,1674,1431,1677,1383,1303,1261,1344,1238,1392,1234,1440,1243,1487,1261,1541,1277,1580,1275,1620,1281,1654,1298,1670,1332,1506,1312,1507,1339,1509,1366,1511,1394,1442,1440,1468,1448,1495,1456,1520,1456,1543,1454,1344,1297,1374,1280,1407,1284,1430,1316,1400,1313,1369,1306,1550,1340,1577,1319,1607,1324,1626,1351,1604,1352,1574,1347,1384,1525,1424,1496,1467,1485,1493,1494,1517,1492,1544,1511,1559,1550,1536,1561,1508,1567,1482,1566,1454,1560,1417,1545,1400,1523,1463,1514,1490,1519,1513,1521,1546,1543,1512,1537,1487,1535,1461,1530
756,h,1,1,1236,1117,1771,1652,25.2,1207,1333,1202,1394,1204,1457,1215,1517,1244,1569,1290,1606,1345,1631,1401,1653,1460,1667,1513,1667,1558,1647,1596,1616,1625,1572,1646,1526,1664,1479,1673,1429,1673,1382,1307,1259,1347,1238,1394,1233,1441,1242,1487,1259,1543,1275,1579,1275,1615,1280,1647,1292,1665,1318,1508,1310,1510,1338,1512,1364,1514,1393,1444,1439,1470,1447,1498,1455,1522,1456,1546,1454,1347,1296,1377,1279,1409,1283,1433,1315,1403,1312,1372,1305,1551,1340,1579,1318,1608,1322,1627,1348,1605,1350,1576,1346,1387,1523,1427,1495,1470,1485,1496,1494,1519,1492,1548,1511,1563,1551,1539,1562,1509,1568,1484,1566,1456,1560,1419,1545,1402,1523,1466,1514,1492,1519,1515,1522,1551,1544,1514,1539,1490,1536,1463,1531
757,h,1,1,1236,1117,1771,1652,25.233333333333334,1212,1334,1210,1395,1213,1456,1223,1516,1250,1569,1295,1608,1351,1634,1407,1655,1465,1668,1518,1669,1563,1650,1600,1619,1627,1576,1647,1532,1665,1485,1676,1436,1679,1389,1312,1260,1352,1237,1399,1233,1447,1241,1492,1259,1546,1273,1584,1274,1621,1280,1653,1296,1668,1328,1513,1310,1514,1338,1516,1364,1518,1392,1448,1438,1475,1446,1502,1455,1526,1455,1550,1454,1351,1297,1380,1280,1413,1284,1436,1316,1407,1312,1376,1306,1555,1340,1583,1319,1612,1324,1630,1351,1608,1351,1580,1346,1390,1526,1430,1496,1473,1485,1499,1494,1525,1493,1552,1512,1567,1553,1543,1562,1515,1567,1488,1565,1460,1559,1422,1544,1406,1525,1469,1513,1496,1518,1520,1521,1555,1546,1519,1538,1493,1535,1466,1530
758,h,1,1,1236,1117,1771,1652,25.266666666666666,1212,1334,1210,1395,1213,1456,1223,1516,1250,1569,1295,1608,1351,1634,1407,1655,1465,1668,1518,1669,1563,1650,1600,1619,1627,1576,1647,1532,1665,1485,1676,1436,1679,1389,1312,1260,1352,1237,1399,1233,1447,1241,1492,1259,1546,1273,1584,1274,1621,1280,1653,1296,1668,1328,1513,1310,1514,1338,1516,1364,1518,1392,1448,1438,1475,1446,1502,1455,1526,1455,1550,1454,1351,1297,1380,1280,1413,1284,1436,1316,1407,1312,1376,1306,1555,1340,1583,1319,1612,1324,1630,1351,1608,1351,1580,1346,1390,1526,1430,1496,1473,1485,1499,1494,1525,1493,1552,1512,1567,1553,1543,1562,1515,1567,1488,1565,1460,1559,1422,1544,1406,1525,1469,1513,1496,1518,1520,1521,1555,1546,1519,1538,1493,1535,1466,1530
759,h,1,1,1236,1117,1771,1652,25.3,1209,1334,1207,1397,1210,1460,1222,1521,1250,1574,1296,1611,1354,1636,1408,1656,1467,1668,1518,1668,1562,1649,1600,1618,1629,1575,1651,1530,1669,1483,1679,1433,1681,1387,1315,1258,1356,1237,1402,1234,1449,1243,1492,1260,1550,1275,1586,1275,1622,1280,1654,1292,1671,1320,1516,1312,1517,1339,1519,1366,1521,1394,1451,1440,1477,1448,1505,1457,1529,1457,1552,1456,1353,1297,1384,1281,1416,1285,1440,1317,1410,1314,1378,1307,1556,1340,1585,1319,1614,1324,1633,1350,1611,1352,1581,1347,1393,1523,1433,1494,1477,1485,1502,1494,1526,1492,1554,1510,1568,1551,1544,1562,1515,1569,1490,1567,1463,1561,1425,1545,1408,1522,1473,1513,1498,1517,1521,1521,1556,1544,1519,1539,1495,1536,1470,1532
760,h,1,1,1236,1117,1771,1652,25.333333333333332,1204,1341,1202,1403,1206,1466,1217,1527,1246,1580,1293,1617,1353,1641,1410,1660,1470,1673,1523,1673,1567,1655,1604,1623,1631,1579,1650,1533,1666,1485,1674,1436,1674,1391,1314,1262,1355,1239,1403,1236,1451,1244,1495,1261,1550,1276,1586,1276,1622,1282,1652,1295,1668,1322,1518,1310,1520,1339,1523,1365,1526,1395,1455,1442,1482,1449,1509,1458,1532,1458,1555,1457,1355,1299,1386,1283,1417,1287,1441,1317,1411,1313,1380,1306,1559,1341,1588,1322,1616,1327,1635,1353,1612,1353,1584,1347,1396,1525,1438,1496,1481,1487,1507,1496,1531,1495,1558,1514,1571,1554,1548,1564,1520,1570,1494,1568,1466,1561,1429,1546,1411,1524,1476,1514,1503,1519,1527,1522,1559,1547,1525,1542,1500,1539,1473,1534
761,h,1,1,1236,1117,1771,1652,25.366666666666667,1213,1341,1211,1403,1214,1464,1225,1524,1254,1577,1301,1614,1358,1637,1414,1658,1471,1671,1520,1670,1564,1651,1603,1622,1632,1581,1654,1536,1673,1491,1683,1443,1688,1397,1316,1268,1356,1242,1405,1237,1454,1245,1500,1264,1553,1279,1593,1279,1633,1286,1667,1304,1681,1341,1522,1314,1523,1342,1525,1369,1527,1398,1457,1442,1483,1450,1511,1458,1535,1459,1559,1459,1360,1300,1390,1284,1421,1288,1444,1320,1415,1314,1385,1308,1562,1344,1590,1324,1619,1329,1638,1355,1615,1354,1587,1349,1397,1525,1439,1498,1483,1488,1509,1497,1534,1496,1560,1516,1574,1555,1550,1567,1522,1572,1496,1570,1468,1564,1430,1548,1412,1525,1479,1515,1505,1520,1529,1523,1562,1549,1527,1542,1502,1539,1475,1535
762,h,1,1,1236,1117,1771,1652,25.4,1213,1341,1211,1403,1214,1464,1225,1524,1254,1577,1301,1614,1358,1637,1414,1658,1471,1671,1520,1670,1564,1651,1603,1622,1632,1581,1654,1536,1673,1491,1683,1443,1688,1397,1316,1268,1356,1242,1405,1237,1454,1245,1500,1264,1553,1279,1593,1279,1633,1286,1667,1304,1681,1341,1522,1314,1523,1342,1525,1369,1527,1398,1457,1442,1483,1450,1511,1458,1535,1459,1559,1459,1360,1300,1390,1284,1421,1288,1444,1320,1415,1314,1385,1308,1562,1344,1590,1324,1619,1329,1638,1355,1615,1354,1587,1349,1397,1525,1439,1498,1483,1488,1509,1497,1534,1496,1560,1516,1574,1555,1550,1567,1522,1572,1496,1570,1468,1564,1430,1548,1412,1525,1479,1515,1505,1520,1529,1523,1562,1549,1527,1542,1502,1539,1475,1535
763,h,1,1,1236,1117,1771,1652,25.433333333333334,1214,1343,1210,1405,1211,1469,1222,1529,1255,1580,1305,1616,1363,1639,1418,1659,1474,1672,1523,1670,1566,1650,1604,1620,1632,1579,1654,1535,1671,1489,1680,1442,1681,1397,1323,1264,1364,1241,1410,1236,1457,1245,1501,1263,1559,1279,1596,1279,1632,1286,1662,1301,1676,1332,1524,1315,1526,1343,1529,1369,1531,1397,1460,1442,1487,1450,1515,1459,1538,1460,1562,1459,1364,1299,1394,1284,1425,1288,1448,1320,1419,1315,1389,1308,1564,1345,1593,1325,1621,1330,1638,1356,1617,1356,1590,1350,1400,1525,1442,1498,1486,1488,1512,1498,1537,1498,1564,1517,1576,1556,1554,1567,1525,1571,1498,1569,1470,1562,1432,1547,1415,1525,1482,1516,1508,1522,1533,1525,1565,1549,1530,1541,1504,1537,1477,1533
764,h,1,1,1236,1117,1771,1652,25.466666666666665,1211,1343,1207,1405,1208,1469,1220,1530,1253,1581,1304,1616,1364,1638,1420,1657,1477,1670,1525,1669,1567,1650,1605,1621,1634,1581,1656,1537,1673,1491,1681,1443,1680,1399,1325,1260,1367,1240,1414,1237,1460,1247,1504,1264,1561,1280,1597,1280,1632,1286,1662,1298,1676,1326,1527,1317,1529,1344,1531,1370,1534,1398,1462,1443,1490,1451,1517,1460,1540,1461,1563,1460,1366,1300,1396,1285,1427,1289,1449,1321,1421,1316,1391,1308,1567,1345,1594,1325,1622,1330,1640,1355,1618,1355,1591,1350,1402,1526,1443,1499,1488,1489,1513,1499,1539,1498,1565,1517,1578,1555,1555,1566,1527,1571,1500,1569,1472,1562,1434,1547,1417,1526,1484,1516,1509,1521,1534,1524,1566,1549,1532,1541,1506,1538,1480,1534
765,h,1,1,1236,1117,1771,1652,25.5,1211,1343,1207,1405,1208,1469,1220,1530,1253,1581,1304,1616,1364,1638,1420,1657,1477,1670,1525,1669,1567,1650,1605,1621,1634,1581,1656,1537,1673,1491,1681,1443,1680,1399,1325,1260,1367,1240,1414,1237,1460,1247,1504,1264,1561,1280,1597,1280,1632,1286,1662,1298,1676,1326,1527,1317,1529,1344,1531,1370,1534,1398,1462,1443,1490,1451,1517,1460,1540,1461,1563,1460,1366,1300,1396,1285,1427,1289,1449,1321,1421,1316,1391,1308,1567,1345,1594,1325,1622,1330,1640,1355,1618,1355,1591,1350,1402,1526,1443,1499,1488,1489,1513,1499,1539,1498,1565,1517,1578,1555,1555,1566,1527,1571,1500,1569,1472,1562,1434,1547,1417,1526,1484,1516,1509,1521,1534,1524,1566,1549,1532,1541,1506,1538,1480,1534
766,h,1,1,1236,1117,1771,1652,25.533333333333335,1214,1342,1209,1403,1209,1467,1220,1528,1253,1579,1304,1615,1364,1639,1421,1659,1478,1671,1527,1671,1570,1651,1609,1620,1636,1578,1657,1534,1672,1488,1680,1441,1679,1397,1328,1261,1370,1241,1416,1239,1463,1248,1506,1265,1563,1281,1599,1281,1634,1287,1663,1300,1677,1327,1530,1318,1531,1346,1534,1372,1537,1401,1463,1443,1491,1452,1518,1461,1542,1462,1565,1461,1368,1300,1398,1286,1429,1290,1451,1321,1423,1317,1393,1309,1568,1346,1596,1327,1624,1331,1641,1356,1620,1356,1593,1352,1403,1526,1445,1499,1489,1490,1515,1500,1541,1499,1568,1519,1581,1558,1557,1568,1529,1572,1501,1570,1473,1563,1436,1548,1417,1526,1484,1518,1511,1523,1536,1526,1571,1551,1534,1543,1507,1539,1480,1534
767,h,1,1,1236,1117,1771,1652,25.566666666666666,1213,1346,1209,1408,1211,1472,1223,1533,1255,1584,1305,1618,1365,1640,1420,1659,1477,1671,1526,1671,1567,1651,1605,1622,1634,1582,1656,1539,1674,1494,1683,1446,1684,1401,1328,1265,1369,1243,1416,1238,1463,1248,1507,1267,1562,1281,1600,1282,1636,1289,1666,1305,1679,1335,1530,1318,1532,1345,1534,1372,1537,1400,1464,1445,1491,1453,1519,1462,1543,1463,1566,1462,1369,1301,1399,1285,1430,1290,1452,1322,1425,1317,1394,1310,1568,1348,1597,1326,1625,1331,1642,1358,1621,1358,1593,1353,1404,1527,1447,1500,1491,1490,1516,1500,1542,1499,1569,1519,1581,1558,1557,1566,1530,1572,1502,1569,1475,1563,1437,1548,1419,1527,1487,1516,1513,1522,1537,1525,1570,1551,1535,1542,1509,1539,1483,1534
768,h,1,1,1236,1117,1771,1652,25.6,1214,1340,1210,1403,1211,1467,1222,1528,1253,1581,1303,1616,1364,1640,1421,1661,1479,1674,1529,1673,1571,1653,1609,1623,1637,1581,1658,1537,1675,1490,1683,1441,1683,1396,1331,1261,1373,1241,1419,1238,1465,1248,1508,1266,1563,1282,1599,1283,1633,1289,1662,1301,1677,1327,1531,1317,1533,1345,1535,1372,1539,1401,1467,1445,1494,1453,1520,1463,1544,1463,1565,1461,1371,1300,1401,1284,1432,1289,1455,1321,1426,1317,1396,1310,1568,1346,1596,1325,1624,1330,1641,1356,1621,1357,1593,1352,1407,1527,1450,1500,1494,1491,1519,1500,1543,1499,1568,1519,1580,1557,1557,1566,1531,1571,1505,1569,1479,1563,1441,1548,1422,1527,1490,1518,1514,1523,1538,1526,1569,1551,1535,1542,1511,1539,1486,1535
769,h,1,1,1236,1117,1771,1652,25.633333333333333,1214,1340,1210,1403,1211,1467,1222,1528,1253,1581,1303,1616,1364,1640,1421,1661,1479,1674,1529,1673,1571,1653,1609,1623,1637,1581,1658,1537,1675,1490,1683,1441,1683,1396,1331,1261,1373,1241,1419,1238,1465,1248,1508,1266,1563,1282,1599,1283,1633,1289,1662,1301,1677,1327,1531,1317,1533,1345,1535,1372,1539,1401,1467,1445,1494,1453,1520,1463,1544,1463,1565,1461,1371,1300,1401,1284,1432,1289,1455,1321,1426,1317,1396,1310,1568,1346,1596,1325,1624,1330,1641,1356,1621,1357,1593,1352,1407,1527,1450,1500,1494,1491,1519,1500,1543,1499,1568,1519,1580,1557,1557,1566,1531,1571,1505,1569,1479,1563,1441,1548,1422,1527,1490,1518,1514,1523,1538,1526,1569,1551,1535,1542,1511,1539,1486,1535
770,h,1,1,1236,1117,1771,1652,25.666666666666668,1218,1343,1214,1406,1215,1470,1225,1531,1256,1583,1306,1618,1366,1641,1422,1660,1479,1671,1528,1671,1571,1652,1608,1621,1635,1580,1657,1538,1673,1492,1682,1445,1683,1400,1330,1262,1372,1241,1419,1238,1467,1248,1510,1265,1565,1281,1601,1282,1636,1287,1666,1300,1680,1329,1532,1316,1533,1344,1536,1371,1539,1401,1467,1444,1494,1452,1520,1462,1543,1462,1565,1461,1371,1300,1401,1285,1432,1290,1454,1321,1426,1316,1396,1309,1569,1346,1597,1325,1625,1330,1642,1356,1622,1356,1594,1352,1405,1527,1447,1500,1492,1490,1516,1500,1541,1499,1567,1520,1581,1557,1556,1566,1528,1571,1502,1568,1475,1562,1437,1547,1419,1527,1488,1518,1512,1523,1536,1526,1570,1552,1533,1542,1508,1538,1483,1534
771,h,1,1,1236,1117,1771,1652,25.7,1217,1341,1212,1403,1213,1466,1224,1527,1255,1579,1305,1615,1365,1638,1422,1658,1480,1669,1529,1669,1571,1649,1609,1619,1637,1578,1658,1535,1675,1490,1684,1443,1685,1398,1330,1262,1372,1241,1419,1238,1466,1248,1509,1266,1565,1281,1602,1281,1638,1288,1668,1302,1681,1330,1533,1318,1534,1345,1537,1372,1540,1401,1467,1445,1494,1453,1521,1462,1545,1463,1567,1462,1371,1301,1401,1285,1433,1290,1455,1322,1427,1317,1396,1310,1570,1347,1599,1327,1627,1332,1644,1358,1624,1358,1596,1353,1408,1526,1451,1499,1495,1490,1519,1500,1544,1499,1569,1519,1582,1557,1558,1566,1531,1570,1505,1568,1479,1561,1441,1546,1423,1526,1491,1518,1515,1523,1539,1526,1571,1550,1536,1541,1511,1538,1487,1533
772,h,1,1,1236,1117,1771,1652,25.733333333333334,1217,1342,1211,1403,1211,1467,1221,1527,1253,1579,1303,1615,1364,1638,1420,1658,1477,1671,1527,1672,1569,1651,1607,1620,1637,1580,1660,1537,1676,1491,1683,1444,1683,1400,1334,1259,1377,1240,1423,1237,1469,1247,1511,1265,1567,1281,1603,1282,1637,1288,1666,1301,1680,1327,1534,1318,1536,1346,1538,1372,1540,1401,1468,1445,1495,1453,1521,1463,1545,1463,1567,1463,1373,1300,1403,1285,1434,1290,1456,1321,1428,1317,1397,1310,1571,1347,1600,1326,1628,1331,1644,1357,1624,1358,1597,1353,1407,1525,1450,1499,1494,1490,1518,1500,1543,1499,1570,1519,1584,1557,1559,1567,1530,1571,1504,1568,1478,1561,1441,1546,1423,1525,1490,1518,1514,1524,1538,1528,1573,1551,1535,1541,1510,1537,1485,1533
773,h,1,1,1236,1117,1771,1652,25.766666666666666,1217,1342,1211,1403,1211,1467,1221,1527,1253,1579,1303,1615,1364,1638,1420,1658,1477,1671,1527,1672,1569,1651,1607,1620,1637,1580,1660,1537,1676,1491,1683,1444,1683,1400,1334,1259,1377,1240,1423,1237,1469,1247,1511,1265,1567,1281,1603,1282,1637,1288,1666,1301,1680,1327,1534,1318,1536,1346,1538,1372,1540,1401,1468,1445,1495,1453,1521,1463,1545,1463,1567,1463,1373,1300,1403,1285,1434,1290,1456,1321,1428,1317,1397,1310,1571,1347,1600,1326,1628,1331,1644,1357,1624,1358,1597,1353,1407,1525,1450,1499,1494,1490,1518,1500,1543,1499,1570,1519,1584,1557,1559,1567,1530,1571,1504,1568,1478,1561,1441,1546,1423,1525,1490,1518,1514,1524,1538,1528,1573,1551,1535,1541,1510,1537,1485,1533
774,h,1,1,1236,1117,1771,1652,25.8,1224,1339,1219,1400,1219,1463,1230,1523,1258,1576,1306,1613,1364,1638,1419,1659,1476,1671,1527,1672,1571,1652,1610,1622,1638,1582,1660,1538,1676,1492,1684,1444,1684,1398,1334,1263,1375,1240,1423,1237,1470,1248,1513,1266,1566,1282,1603,1282,1638,1288,1669,1302,1682,1332,1534,1318,1535,1346,1537,1372,1540,1401,1468,1445,1495,1453,1522,1463,1546,1463,1568,1463,1376,1303,1406,1290,1436,1294,1457,1322,1430,1318,1400,1311,1572,1349,1600,1332,1627,1337,1644,1360,1623,1360,1597,1355,1408,1526,1451,1499,1495,1490,1520,1499,1545,1498,1572,1518,1583,1556,1560,1566,1531,1571,1505,1569,1478,1562,1441,1548,1423,1525,1491,1517,1516,1522,1540,1526,1571,1550,1536,1542,1511,1538,1486,1534
775,h,1,1,1236,1117,1771,1652,25.833333333333332,1226,1341,1221,1402,1223,1466,1233,1529,1263,1583,1313,1621,1373,1645,1430,1665,1489,1677,1539,1677,1581,1658,1617,1627,1644,1585,1666,1540,1684,1493,1692,1444,1694,1398,1336,1262,1376,1241,1423,1238,1469,1249,1513,1266,1565,1282,1604,1284,1639,1289,1670,1303,1684,1332,1534,1319,1536,1346,1539,1372,1542,1400,1469,1445,1496,1454,1524,1464,1549,1464,1572,1462,1376,1305,1406,1293,1436,1298,1460,1323,1432,1320,1402,1314,1570,1351,1600,1336,1628,1343,1647,1365,1624,1364,1597,1359,1412,1526,1455,1499,1498,1490,1522,1500,1547,1499,1574,1520,1589,1560,1562,1571,1534,1575,1508,1572,1482,1565,1445,1549,1426,1526,1494,1519,1518,1524,1542,1528,1577,1553,1539,1545,1514,1541,1489,1535
776,h,1,1,1236,1117,1771,1652,25.866666666666667,1226,1339,1221,1401,1222,1464,1232,1525,1261,1578,1309,1615,1367,1640,1422,1662,1480,1675,1531,1676,1574,1657,1611,1626,1639,1585,1661,1540,1679,1494,1689,1445,1690,1399,1335,1261,1376,1241,1423,1237,1469,1247,1513,1265,1567,1282,1604,1283,1640,1290,1670,1303,1684,1333,1533,1318,1534,1346,1536,1372,1539,1401,1468,1444,1494,1453,1522,1462,1546,1462,1568,1461,1378,1301,1407,1287,1437,1292,1459,1321,1432,1317,1402,1310,1572,1348,1599,1331,1626,1336,1644,1360,1623,1359,1596,1354,1409,1528,1450,1500,1495,1491,1519,1501,1544,1500,1572,1520,1585,1558,1560,1569,1531,1574,1504,1570,1478,1564,1440,1549,1424,1528,1491,1519,1515,1524,1539,1528,1573,1552,1536,1545,1511,1541,1486,1536
777,h,1,1,1236,1117,1771,1652,25.9,1226,1339,1221,1401,1222,1464,1232,1525,1261,1578,1309,1615,1367,1640,1422,1662,1480,1675,1531,1676,1574,1657,1611,1626,1639,1585,1661,1540,1679,1494,1689,1445,1690,1399,1335,1261,1376,1241,1423,1237,1469,1247,1513,1265,1567,1282,1604,1283,1640,1290,1670,1303,1684,1333,1533,1318,1534,1346,1536,1372,1539,1401,1468,1444,1494,1453,1522,1462,1546,1462,1568,1461,1378,1301,1407,1287,1437,1292,1459,1321,1432,1317,1402,1310,1572,1348,1599,1331,1626,1336,1644,1360,1623,1359,1596,1354,1409,1528,1450,1500,1495,1491,1519,1501,1544,1500,1572,1520,1585,1558,1560,1569,1531,1574,1504,1570,1478,1564,1440,1549,1424,1528,1491,1519,1515,1524,1539,1528,1573,1552,1536,1545,1511,1541,1486,1536
778,h,1,1,1236,1117,1771,1652,25.933333333333334,1231,1336,1226,1397,1227,1460,1236,1521,1264,1574,1310,1612,1366,1638,1421,1662,1478,1675,1529,1676,1573,1656,1611,1626,1641,1584,1663,1541,1680,1494,1689,1444,1690,1398,1337,1263,1377,1242,1423,1240,1470,1251,1512,1268,1566,1284,1603,1284,1638,1289,1669,1302,1684,1330,1533,1321,1534,1348,1537,1374,1539,1403,1468,1447,1495,1455,1521,1464,1545,1464,1568,1464,1380,1303,1409,1291,1439,1296,1460,1324,1433,1320,1404,1313,1574,1349,1601,1332,1628,1337,1646,1360,1625,1360,1598,1356,1408,1528,1450,1501,1494,1493,1519,1502,1544,1501,1573,1522,1584,1560,1561,1571,1532,1576,1505,1573,1478,1567,1440,1551,1423,1529,1490,1521,1515,1527,1539,1530,1573,1554,1537,1546,1511,1542,1486,1537
779,h,1,1,1236,1117,1771,1652,25.966666666666665,1222,1341,1218,1402,1219,1465,1230,1526,1260,1578,1308,1615,1366,1639,1421,1661,1478,1674,1528,1675,1569,1655,1608,1626,1637,1586,1660,1543,1678,1497,1686,1449,1687,1404,1335,1264,1376,1243,1423,1240,1469,1250,1513,1267,1565,1283,1602,1284,1636,1291,1665,1305,1678,1333,1533,1320,1535,1348,1537,1375,1539,1404,1469,1447,1495,1455,1522,1465,1545,1465,1568,1464,1377,1303,1406,1289,1437,1294,1458,1323,1431,1320,1401,1312,1573,1350,1600,1331,1628,1337,1644,1361,1624,1362,1597,1357,1408,1529,1450,1502,1495,1493,1520,1503,1546,1502,1572,1522,1584,1560,1561,1571,1532,1577,1505,1574,1478,1568,1441,1552,1422,1530,1490,1521,1516,1526,1540,1530,1572,1554,1537,1548,1511,1544,1486,1539
780,h,1,1,1236,1117,1771,1652,26.0,1222,1341,1218,1402,1219,1465,1230,1526,1260,1578,1308,1615,1366,1639,1421,1661,1478,1674,1528,1675,1569,1655,1608,1626,1637,1586,1660,1543,1678,1497,1686,1449,1687,1404,1335,1264,1376,1243,1423,1240,1469,1250,1513,1267,1565,1283,1602,1284,1636,1291,1665,1305,1678,1333,1533,1320,1535,1348,1537,1375,1539,1404,1469,1447,1495,1455,1522,1465,1545,1465,1568,1464,1377,1303,1406,1289,1437,1294,1458,1323,1431,1320,1401,1312,1573,1350,1600,1331,1628,1337,1644,1361,1624,1362,1597,1357,1408,1529,1450,1502,1495,1493,1520,1503,1546,1502,1572,1522,1584,1560,1561,1571,1532,1577,1505,1574,1478,1568,1441,1552,1422,1530,1490,1521,1516,1526,1540,1530,1572,1554,1537,1548,1511,1544,1486,1539
781,h,1,1,1236,1117,1771,1652,26.033333333333335,1229,1336,1224,1397,1225,1460,1232,1522,1257,1576,1303,1616,1362,1641,1418,1664,1478,1677,1530,1678,1574,1658,1612,1627,1641,1585,1664,1541,1682,1495,1693,1446,1697,1398,1334,1266,1374,1244,1420,1241,1466,1251,1508,1271,1566,1287,1605,1286,1641,1292,1673,1307,1687,1340,1532,1320,1533,1349,1534,1376,1535,1406,1466,1448,1492,1457,1519,1466,1542,1466,1565,1464,1375,1304,1404,1289,1436,1294,1457,1324,1429,1321,1399,1314,1573,1350,1601,1331,1629,1337,1647,1362,1625,1362,1598,1357,1403,1532,1447,1504,1491,1496,1516,1505,1542,1504,1570,1523,1584,1562,1559,1572,1530,1577,1502,1574,1475,1568,1437,1553,1419,1532,1486,1523,1512,1528,1537,1531,1572,1556,1535,1548,1508,1545,1482,1540
782,h,1,1,1236,1117,1771,1652,26.066666666666666,1223,1340,1217,1402,1219,1467,1229,1528,1257,1582,1304,1620,1364,1646,1421,1668,1481,1682,1533,1682,1578,1660,1616,1628,1643,1585,1664,1540,1681,1494,1690,1446,1690,1399,1332,1266,1374,1245,1421,1241,1467,1252,1511,1272,1565,1286,1601,1286,1636,1292,1666,1304,1683,1332,1532,1320,1533,1349,1535,1376,1537,1406,1466,1449,1493,1458,1520,1468,1543,1468,1566,1466,1375,1303,1404,1288,1434,1293,1456,1324,1428,1320,1399,1312,1572,1349,1600,1329,1628,1334,1646,1360,1625,1360,1597,1355,1405,1532,1446,1505,1491,1496,1516,1506,1542,1504,1570,1524,1584,1563,1559,1575,1530,1580,1503,1577,1476,1571,1438,1555,1420,1533,1487,1525,1512,1530,1537,1533,1571,1557,1535,1550,1509,1547,1483,1541
783,h,1,1,1236,1117,1771,1652,26.1,1225,1335,1219,1398,1220,1462,1228,1524,1254,1580,1300,1621,1359,1648,1417,1674,1478,1688,1532,1689,1577,1667,1613,1633,1640,1589,1660,1542,1678,1496,1690,1447,1692,1400,1330,1269,1370,1245,1417,1242,1465,1251,1509,1270,1565,1287,1604,1287,1642,1292,1676,1308,1690,1342,1530,1321,1531,1350,1533,1377,1535,1407,1464,1449,1491,1458,1518,1468,1542,1468,1565,1466,1371,1306,1401,1290,1432,1295,1454,1325,1426,1321,1395,1315,1572,1351,1599,1331,1628,1336,1647,1362,1624,1362,1596,1357,1401,1536,1443,1506,1488,1496,1514,1506,1540,1505,1567,1525,1582,1566,1557,1579,1528,1585,1501,1582,1473,1576,1434,1560,1416,1536,1483,1525,1510,1530,1535,1533,1569,1560,1533,1555,1507,1552,1480,1546
784,h,1,1,1236,1117,1771,1652,26.133333333333333,1225,1335,1219,1398,1220,1462,1228,1524,1254,1580,1300,1621,1359,1648,1417,1674,1478,1688,1532,1689,1577,1667,1613,1633,1640,1589,1660,1542,1678,1496,1690,1447,1692,1400,1330,1269,1370,1245,1417,1242,1465,1251,1509,1270,1565,1287,1604,1287,1642,1292,1676,1308,1690,1342,1530,1321,1531,1350,1533,1377,1535,1407,1464,1449,1491,1458,1518,1468,1542,1468,1565,1466,1371,1306,1401,1290,1432,1295,1454,1325,1426,1321,1395,1315,1572,1351,1599,1331,1628,1336,1647,1362,1624,1362,1596,1357,1401,1536,1443,1506,1488,1496,1514,1506,1540,1505,1567,1525,1582,1566,1557,1579,1528,1585,1501,1582,1473,1576,1434,1560,1416,1536,1483,1525,1510,1530,1535,1533,1569,1560,1533,1555,1507,1552,1480,1546
785,h,1,1,1236,1117,1771,1652,26.166666666666668,1218,1341,1212,1405,1213,1469,1223,1532,1252,1586,1302,1626,1362,1652,1421,1675,1482,1688,1535,1686,1578,1661,1615,1627,1641,1583,1662,1537,1679,1491,1686,1444,1686,1399,1333,1264,1374,1244,1420,1242,1465,1252,1508,1269,1566,1286,1603,1286,1638,1292,1669,1306,1684,1335,1530,1321,1531,1350,1534,1378,1537,1408,1464,1452,1491,1460,1518,1469,1542,1469,1565,1468,1372,1304,1401,1291,1431,1296,1452,1325,1425,1320,1396,1313,1571,1350,1599,1331,1627,1336,1644,1361,1623,1360,1596,1356,1402,1537,1444,1508,1490,1498,1515,1508,1541,1507,1568,1528,1581,1568,1558,1583,1528,1589,1502,1587,1474,1580,1435,1562,1417,1538,1486,1528,1511,1533,1536,1537,1568,1562,1533,1558,1508,1554,1481,1549
786,h,1,1,1236,1117,1771,1652,26.2,1211,1347,1206,1410,1207,1474,1217,1535,1247,1588,1295,1626,1357,1650,1416,1671,1477,1684,1529,1684,1572,1663,1610,1630,1638,1588,1659,1544,1677,1498,1685,1449,1685,1403,1329,1264,1371,1245,1418,1242,1463,1252,1507,1271,1564,1290,1599,1288,1634,1292,1665,1304,1681,1330,1529,1322,1531,1351,1533,1378,1536,1408,1465,1452,1491,1460,1518,1470,1541,1470,1563,1469,1368,1305,1397,1290,1429,1295,1451,1326,1422,1321,1392,1314,1570,1351,1598,1330,1627,1335,1645,1361,1624,1362,1595,1357,1401,1538,1444,1509,1490,1499,1515,1508,1540,1507,1567,1527,1580,1566,1557,1581,1528,1588,1501,1586,1474,1579,1435,1563,1414,1538,1486,1528,1511,1532,1535,1536,1568,1561,1533,1558,1508,1554,1481,1550
787,h,1,1,1236,1117,1771,1652,26.233333333333334,1223,1338,1218,1398,1219,1460,1226,1521,1250,1576,1295,1617,1353,1645,1411,1669,1472,1683,1526,1684,1573,1663,1612,1630,1639,1587,1659,1541,1677,1495,1689,1447,1692,1400,1327,1269,1367,1246,1414,1242,1461,1252,1504,1270,1562,1287,1600,1287,1637,1294,1669,1310,1684,1341,1526,1322,1527,1351,1530,1379,1532,1409,1462,1453,1488,1461,1515,1470,1539,1470,1561,1469,1367,1306,1396,1292,1427,1297,1450,1326,1421,1322,1391,1315,1569,1352,1595,1332,1624,1338,1643,1363,1621,1363,1593,1358,1397,1537,1440,1509,1485,1500,1512,1509,1537,1508,1564,1527,1578,1566,1554,1578,1525,1584,1498,1581,1470,1575,1431,1560,1413,1537,1481,1527,1507,1532,1532,1535,1566,1560,1530,1554,1504,1551,1477,1546
788,h,1,1,1236,1117,1771,1652,26.266666666666666,1223,1338,1218,1398,1219,1460,1226,1521,1250,1576,1295,1617,1353,1645,1411,1669,1472,1683,1526,1684,1573,1663,1612,1630,1639,1587,1659,1541,1677,1495,1689,1447,1692,1400,1327,1269,1367,1246,1414,1242,1461,1252,1504,1270,1562,1287,1600,1287,1637,1294,1669,1310,1684,1341,1526,1322,1527,1351,1530,1379,1532,1409,1462,1453,1488,1461,1515,1470,1539,1470,1561,1469,1367,1306,1396,1292,1427,1297,1450,1326,1421,1322,1391,1315,1569,1352,1595,1332,1624,1338,1643,1363,1621,1363,1593,1358,1397,1537,1440,1509,1485,1500,1512,1509,1537,1508,1564,1527,1578,1566,1554,1578,1525,1584,1498,1581,1470,1575,1431,1560,1413,1537,1481,1527,1507,1532,1532,1535,1566,1560,1530,1554,1504,1551,1477,1546
789,h,1,1,1236,1117,1771,1652,26.3,1221,1338,1217,1400,1218,1463,1226,1523,1252,1579,1298,1619,1356,1646,1414,1670,1474,1683,1528,1684,1573,1663,1612,1631,1638,1588,1658,1542,1675,1495,1685,1446,1687,1400,1325,1271,1365,1247,1413,1244,1460,1254,1505,1272,1561,1288,1600,1288,1638,1294,1672,1310,1686,1345,1525,1322,1526,1351,1529,1379,1531,1409,1463,1453,1489,1461,1515,1470,1538,1470,1560,1469,1367,1307,1396,1292,1427,1297,1450,1328,1421,1323,1390,1316,1567,1352,1594,1332,1623,1337,1642,1362,1620,1362,1592,1358,1400,1535,1443,1509,1487,1500,1513,1510,1538,1508,1564,1527,1579,1565,1555,1575,1526,1580,1500,1577,1472,1571,1434,1557,1416,1535,1483,1527,1509,1532,1533,1535,1567,1559,1531,1552,1506,1549,1479,1543
790,h,1,1,1236,1117,1771,1652,26.333333333333332,1220,1337,1214,1397,1215,1460,1222,1522,1247,1578,1293,1618,1352,1645,1411,1670,1473,1683,1526,1684,1572,1662,1610,1630,1638,1587,1658,1541,1674,1493,1684,1444,1685,1396,1325,1271,1365,1249,1411,1245,1458,1255,1503,1271,1559,1288,1597,1290,1635,1296,1667,1311,1681,1342,1524,1323,1525,1352,1528,1379,1530,1410,1460,1453,1487,1462,1514,1471,1537,1471,1559,1471,1367,1307,1396,1291,1428,1297,1450,1328,1421,1325,1390,1317,1567,1353,1594,1331,1623,1336,1642,1363,1620,1363,1592,1359,1397,1536,1440,1508,1485,1499,1511,1508,1535,1508,1564,1526,1579,1563,1554,1575,1525,1579,1498,1577,1470,1571,1431,1558,1412,1536,1481,1528,1507,1533,1531,1536,1566,1558,1529,1551,1503,1548,1477,1543
791,h,1,1,1236,1117,1771,1652,26.366666666666667,1214,1342,1208,1404,1209,1468,1218,1530,1245,1584,1292,1623,1352,1648,1410,1669,1471,1682,1524,1682,1570,1663,1609,1632,1637,1591,1657,1546,1675,1500,1684,1452,1687,1406,1324,1271,1365,1248,1412,1245,1459,1255,1503,1274,1560,1291,1598,1290,1636,1296,1668,1312,1684,1343,1524,1325,1525,1353,1527,1380,1529,1410,1459,1454,1485,1462,1512,1470,1535,1472,1558,1471,1366,1307,1394,1292,1426,1297,1449,1328,1420,1323,1389,1317,1566,1353,1593,1332,1622,1338,1641,1363,1619,1363,1591,1358,1394,1537,1437,1510,1483,1501,1509,1510,1535,1509,1561,1527,1576,1565,1551,1576,1523,1581,1495,1579,1467,1573,1428,1558,1410,1537,1478,1528,1505,1533,1530,1536,1563,1560,1527,1552,1502,1549,1475,1545
792,h,1,1,1236,1117,1771,1652,26.4,1214,1342,1208,1404,1209,1468,1218,1530,1245,1584,1292,1623,1352,1648,1410,1669,1471,1682,1524,1682,1570,1663,1609,1632,1637,1591,1657,1546,1675,1500,1684,1452,1687,1406,1324,1271,1365,1248,1412,1245,1459,1255,1503,1274,1560,1291,1598,1290,1636,1296,1668,1312,1684,1343,1524,1325,1525,1353,1527,1380,1529,1410,1459,1454,1485,1462,1512,1470,1535,1472,1558,1471,1366,1307,1394,1292,1426,1297,1449,1328,1420,1323,1389,1317,1566,1353,1593,1332,1622,1338,1641,1363,1619,1363,1591,1358,1394,1537,1437,1510,1483,1501,1509,1510,1535,1509,1561,1527,1576,1565,1551,1576,1523,1581,1495,1579,1467,1573,1428,1558,1410,1537,1478,1528,1505,1533,1530,1536,1563,1560,1527,1552,1502,1549,1475,1545
793,h,1,1,1236,1117,1771,1652,26.433333333333334,1212,1342,1207,1405,1210,1469,1219,1531,1246,1588,1293,1629,1354,1655,1412,1677,1472,1690,1526,1690,1571,1668,1610,1634,1636,1589,1656,1543,1673,1496,1683,1448,1684,1400,1322,1270,1363,1248,1410,1245,1458,1253,1502,1271,1560,1287,1598,1288,1636,1294,1668,1309,1682,1341,1523,1322,1525,1351,1527,1379,1529,1410,1458,1453,1485,1462,1512,1471,1536,1471,1559,1470,1361,1308,1390,1291,1422,1296,1445,1328,1416,1324,1385,1317,1567,1353,1594,1331,1624,1336,1643,1362,1620,1363,1591,1358,1391,1541,1435,1512,1481,1502,1509,1511,1534,1509,1562,1530,1576,1571,1551,1587,1522,1593,1494,1591,1465,1584,1425,1568,1406,1542,1477,1530,1505,1535,1530,1538,1563,1566,1527,1564,1501,1561,1472,1556
794,h,1,1,1236,1117,1771,1652,26.466666666666665,1208,1339,1201,1403,1201,1468,1212,1531,1241,1585,1289,1626,1348,1654,1404,1679,1464,1694,1517,1693,1563,1670,1603,1636,1632,1592,1655,1546,1674,1499,1683,1450,1683,1403,1325,1267,1366,1247,1413,1244,1460,1254,1502,1273,1559,1289,1594,1288,1630,1293,1661,1305,1678,1332,1523,1324,1524,1353,1525,1381,1527,1411,1455,1453,1482,1463,1510,1473,1535,1472,1558,1470,1362,1306,1391,1290,1423,1296,1446,1328,1417,1324,1386,1316,1567,1352,1595,1330,1624,1335,1642,1361,1621,1362,1592,1357,1391,1545,1433,1513,1479,1502,1506,1511,1532,1510,1560,1531,1574,1573,1549,1590,1519,1596,1490,1593,1462,1587,1423,1571,1406,1545,1474,1531,1502,1536,1527,1540,1561,1568,1524,1565,1497,1562,1469,1558
795,h,1,1,1236,1117,1771,1652,26.5,1208,1339,1201,1403,1201,1468,1212,1531,1241,1585,1289,1626,1348,1654,1404,1679,1464,1694,1517,1693,1563,1670,1603,1636,1632,1592,1655,1546,1674,1499,1683,1450,1683,1403,1325,1267,1366,1247,1413,1244,1460,1254,1502,1273,1559,1289,1594,1288,1630,1293,1661,1305,1678,1332,1523,1324,1524,1353,1525,1381,1527,1411,1455,1453,1482,1463,1510,1473,1535,1472,1558,1470,1362,1306,1391,1290,1423,1296,1446,1328,1417,1324,1386,1316,1567,1352,1595,1330,1624,1335,1642,1361,1621,1362,1592,1357,1391,1545,1433,1513,1479,1502,1506,1511,1532,1510,1560,1531,1574,1573,1549,1590,1519,1596,1490,1593,1462,1587,1423,1571,1406,1545,1474,1531,1502,1536,1527,1540,1561,1568,1524,1565,1497,1562,1469,1558
796,h,1,1,1236,1117,1771,1652,26.533333333333335,1211,1341,1205,1406,1205,1470,1215,1533,1244,1588,1293,1629,1351,1656,1407,1680,1466,1695,1519,1695,1563,1673,1601,1640,1630,1594,1652,1547,1672,1500,1682,1451,1684,1402,1325,1271,1365,1248,1412,1245,1459,1254,1503,1273,1561,1290,1597,1289,1635,1295,1666,1312,1680,1343,1524,1324,1525,1353,1526,1381,1528,1411,1458,1453,1484,1462,1511,1472,1536,1472,1559,1470,1363,1307,1392,1292,1424,1297,1446,1328,1417,1324,1387,1318,1567,1353,1594,1332,1623,1337,1641,1363,1620,1364,1592,1359,1395,1545,1435,1513,1480,1502,1508,1512,1534,1511,1562,1532,1574,1575,1551,1590,1521,1596,1493,1593,1464,1586,1425,1570,1410,1544,1475,1531,1504,1536,1529,1540,1562,1569,1526,1566,1499,1562,1471,1557
797,h,1,1,1236,1117,1771,1652,26.566666666666666,1208,1340,1202,1405,1201,1469,1210,1532,1237,1588,1283,1630,1344,1658,1402,1683,1464,1698,1519,1698,1565,1676,1606,1642,1634,1596,1655,1548,1673,1499,1682,1449,1683,1402,1322,1268,1363,1247,1410,1244,1456,1254,1501,1272,1559,1289,1595,1289,1632,1293,1665,1304,1682,1333,1523,1322,1524,1352,1526,1380,1528,1411,1456,1454,1483,1463,1510,1473,1535,1473,1558,1471,1361,1307,1390,1291,1423,1297,1446,1328,1417,1324,1385,1317,1566,1352,1594,1331,1624,1336,1643,1362,1621,1362,1592,1358,1391,1543,1433,1513,1479,1503,1507,1512,1532,1511,1560,1531,1573,1571,1548,1589,1519,1595,1491,1593,1461,1586,1423,1570,1406,1544,1474,1532,1502,1536,1527,1540,1561,1567,1524,1564,1498,1561,1470,1556
798,h,1,1,1236,1117,1771,1652,26.6,1206,1343,1201,1408,1201,1473,1210,1535,1239,1590,1287,1630,1348,1656,1406,1679,1467,1694,1522,1694,1568,1672,1607,1638,1635,1592,1657,1546,1675,1497,1683,1447,1683,1399,1322,1269,1363,1247,1411,1245,1458,1254,1502,1272,1559,1289,1596,1289,1632,1294,1665,1306,1681,1335,1524,1324,1525,1353,1527,1381,1529,1412,1457,1454,1484,1463,1511,1473,1536,1473,1558,1472,1362,1307,1391,1292,1423,1297,1446,1328,1417,1324,1386,1317,1566,1352,1594,1332,1623,1336,1643,1362,1620,1362,1592,1358,1392,1542,1434,1513,1480,1503,1507,1512,1532,1511,1559,1531,1573,1571,1549,1588,1520,1593,1492,1591,1463,1584,1425,1568,1407,1543,1475,1532,1503,1537,1527,1541,1561,1567,1525,1563,1499,1559,1471,1555
799,h,1,1,1236,1117,1771,1652,26.633333333333333,1206,1343,1201,1408,1201,1473,1210,1535,1239,1590,1287,1630,1348,1656,1406,1679,1467,1694,1522,1694,1568,1672,1607,1638,1635,1592,1657,1546,1675,1497,1683,1447,1683,1399,1322,1269,1363,1247,1411,1245,1458,1254,1502,1272,1559,1289,1596,1289,1632,1294,1665,1306,1681,1335,1524,1324,1525,1353,1527,1381,1529,1412,1457,1454,1484,1463,1511,1473,1536,1473,1558,1472,1362,1307,1391,1292,1423,1297,1446,1328,1417,1324,1386,1317,1566,1352,1594,1332,1623,1336,1643,1362,1620,1362,1592,1358,1392,1542,1434,1513,1480,1503,1507,1512,1532,1511,1559,1531,1573,1571,1549,1588,1520,1593,1492,1591,1463,1584,1425,1568,1407,1543,1475,1532,1503,1537,1527,1541,1561,1567,1525,1563,1499,1559,1471,1555
800,h,1,1,1236,1117,1771,1652,26.666666666666668,1211,1341,1205,1404,1205,1468,1215,1531,1242,1587,1289,1628,1349,1655,1408,1679,1467,1693,1521,1693,1567,1671,1606,1637,1632,1592,1653,1545,1671,1499,1681,1451,1682,1403,1321,1273,1362,1250,1410,1247,1458,1256,1504,1274,1560,1291,1598,1292,1635,1298,1667,1313,1682,1344,1524,1325,1525,1354,1527,1381,1529,1411,1458,1454,1484,1464,1512,1473,1536,1473,1559,1472,1362,1307,1391,1291,1424,1297,1446,1330,1417,1325,1385,1318,1566,1354,1594,1333,1624,1338,1642,1364,1620,1365,1591,1360,1393,1542,1435,1513,1481,1503,1508,1513,1534,1512,1561,1531,1574,1571,1550,1585,1521,1590,1493,1588,1464,1581,1425,1565,1407,1542,1476,1532,1504,1537,1529,1541,1562,1566,1526,1560,1500,1557,1472,1552
801,h,1,1,1236,1117,1771,1652,26.7,1214,1347,1209,1409,1211,1472,1221,1533,1247,1588,1293,1628,1352,1655,1410,1679,1472,1692,1526,1692,1572,1671,1610,1637,1635,1593,1655,1547,1672,1501,1681,1453,1683,1407,1322,1273,1362,1251,1409,1247,1457,1256,1502,1274,1560,1291,1598,1292,1634,1298,1666,1313,1681,1343,1524,1326,1524,1354,1527,1382,1529,1411,1458,1455,1485,1464,1512,1474,1536,1474,1559,1473,1362,1310,1391,1294,1423,1299,1447,1330,1417,1327,1386,1320,1565,1355,1594,1334,1624,1340,1642,1367,1620,1367,1591,1362,1393,1542,1435,1513,1481,1503,1509,1513,1535,1512,1562,1532,1575,1572,1551,1584,1522,1590,1494,1588,1465,1581,1426,1565,1408,1543,1477,1533,1505,1538,1530,1542,1563,1566,1527,1559,1501,1556,1473,1551
802,h,1,1,1236,1117,1771,1652,26.733333333333334,1211,1341,1208,1404,1210,1468,1219,1530,1246,1586,1293,1626,1352,1652,1411,1675,1472,1688,1526,1690,1572,1669,1610,1635,1636,1590,1656,1545,1672,1497,1679,1448,1679,1401,1321,1271,1362,1250,1408,1247,1455,1257,1500,1274,1559,1290,1596,1291,1632,1296,1663,1307,1679,1335,1523,1325,1524,1354,1526,1383,1528,1413,1458,1457,1485,1466,1513,1475,1536,1475,1559,1474,1362,1310,1391,1295,1423,1300,1446,1331,1417,1327,1386,1320,1565,1356,1594,1335,1623,1340,1642,1366,1621,1367,1591,1362,1393,1542,1436,1515,1482,1505,1509,1515,1534,1513,1561,1533,1575,1572,1551,1584,1522,1590,1495,1587,1466,1580,1428,1564,1409,1543,1477,1534,1505,1539,1530,1543,1562,1567,1527,1558,1501,1555,1474,1550
803,h,1,1,1236,1117,1771,1652,26.766666666666666,1211,1341,1208,1404,1210,1468,1219,1530,1246,1586,1293,1626,1352,1652,1411,1675,1472,1688,1526,1690,1572,1669,1610,1635,1636,1590,1656,1545,1672,1497,1679,1448,1679,1401,1321,1271,1362,1250,1408,1247,1455,1257,1500,1274,1559,1290,1596,1291,1632,1296,1663,1307,1679,1335,1523,1325,1524,1354,1526,1383,1528,1413,1458,1457,1485,1466,1513,1475,1536,1475,1559,1474,1362,1310,1391,1295,1423,1300,1446,1331,1417,1327,1386,1320,1565,1356,1594,1335,1623,1340,1642,1366,1621,1367,1591,1362,1393,1542,1436,1515,1482,1505,1509,1515,1534,1513,1561,1533,1575,1572,1551,1584,1522,1590,1495,1587,1466,1580,1428,1564,1409,1543,1477,1534,1505,1539,1530,1543,1562,1567,1527,1558,1501,1555,1474,1550
804,h,1,1,1236,1117,1771,1652,26.8,1212,1345,1209,1407,1212,1470,1222,1532,1248,1587,1295,1628,1354,1654,1411,1679,1473,1693,1527,1693,1573,1673,1610,1639,1636,1593,1655,1546,1671,1498,1681,1449,1683,1401,1320,1275,1360,1252,1407,1248,1454,1258,1498,1276,1559,1293,1596,1292,1634,1299,1667,1316,1681,1349,1521,1326,1523,1355,1525,1384,1527,1414,1458,1458,1484,1466,1511,1476,1535,1476,1558,1475,1359,1311,1388,1295,1420,1300,1444,1332,1414,1328,1382,1321,1565,1357,1593,1335,1623,1341,1642,1367,1620,1368,1590,1363,1394,1543,1436,1516,1481,1507,1509,1517,1534,1515,1561,1535,1576,1574,1551,1585,1522,1590,1495,1587,1466,1581,1428,1565,1410,1543,1477,1534,1505,1539,1529,1542,1563,1567,1527,1562,1501,1559,1473,1553
805,h,1,1,1236,1117,1771,1652,26.833333333333332,1214,1343,1208,1405,1209,1470,1218,1532,1244,1588,1292,1630,1352,1656,1410,1681,1470,1694,1523,1695,1568,1674,1607,1642,1633,1597,1653,1549,1671,1502,1682,1452,1684,1404,1320,1278,1359,1254,1406,1250,1453,1260,1498,1277,1558,1294,1597,1294,1637,1299,1670,1315,1684,1349,1521,1327,1522,1357,1524,1385,1526,1416,1457,1459,1483,1468,1510,1477,1534,1477,1557,1476,1360,1313,1390,1297,1422,1302,1445,1333,1416,1329,1384,1322,1564,1357,1592,1337,1622,1341,1641,1367,1619,1368,1589,1363,1394,1543,1435,1516,1480,1507,1507,1517,1533,1516,1561,1535,1575,1573,1551,1585,1521,1589,1494,1587,1465,1581,1427,1565,1409,1543,1476,1535,1504,1540,1529,1543,1563,1568,1526,1560,1500,1557,1472,1552
806,h,1,1,1236,1117,1771,1652,26.866666666666667,1212,1345,1206,1407,1207,1470,1215,1531,1241,1586,1288,1628,1348,1654,1407,1679,1469,1693,1523,1695,1568,1673,1607,1642,1633,1597,1653,1551,1670,1504,1680,1454,1682,1405,1319,1276,1359,1253,1406,1250,1454,1260,1499,1278,1557,1296,1597,1296,1636,1301,1670,1316,1685,1351,1522,1329,1522,1358,1524,1385,1526,1415,1456,1460,1482,1468,1510,1478,1533,1477,1556,1476,1359,1313,1388,1296,1421,1302,1444,1334,1414,1330,1382,1323,1565,1359,1592,1339,1622,1344,1641,1370,1619,1371,1590,1365,1392,1543,1435,1517,1479,1508,1506,1518,1532,1517,1560,1536,1576,1574,1551,1585,1521,1589,1493,1586,1464,1579,1426,1565,1408,1543,1475,1536,1503,1541,1528,1544,1563,1568,1526,1560,1499,1556,1471,1551
807,h,1,1,1236,1117,1771,1652,26.9,1212,1345,1206,1407,1207,1470,1215,1531,1241,1586,1288,1628,1348,1654,1407,1679,1469,1693,1523,1695,1568,1673,1607,1642,1633,1597,1653,1551,1670,1504,1680,1454,1682,1405,1319,1276,1359,1253,1406,1250,1454,1260,1499,1278,1557,1296,1597,1296,1636,1301,1670,1316,1685,1351,1522,1329,1522,1358,1524,1385,1526,1415,1456,1460,1482,1468,1510,1478,1533,1477,1556,1476,1359,1313,1388,1296,1421,1302,1444,1334,1414,1330,1382,1323,1565,1359,1592,1339,1622,1344,1641,1370,1619,1371,1590,1365,1392,1543,1435,1517,1479,1508,1506,1518,1532,1517,1560,1536,1576,1574,1551,1585,1521,1589,1493,1586,1464,1579,1426,1565,1408,1543,1475,1536,1503,1541,1528,1544,1563,1568,1526,1560,1499,1556,1471,1551
808,h,1,1,1277,1228,1723,1673,26.933333333333334,1222,1342,1219,1404,1220,1467,1227,1528,1250,1585,1292,1627,1348,1656,1407,1680,1470,1693,1526,1692,1571,1674,1607,1643,1633,1600,1652,1553,1668,1505,1678,1454,1681,1405,1318,1278,1359,1254,1408,1250,1455,1260,1499,1279,1557,1295,1595,1295,1632,1300,1664,1314,1679,1346,1522,1328,1523,1358,1524,1386,1526,1417,1455,1459,1482,1467,1509,1476,1534,1476,1557,1475,1360,1313,1391,1298,1422,1303,1445,1334,1416,1328,1385,1322,1563,1358,1592,1338,1620,1342,1639,1367,1617,1367,1589,1362,1393,1541,1436,1516,1478,1508,1505,1518,1532,1517,1558,1535,1574,1570,1549,1581,1520,1584,1492,1582,1463,1576,1425,1563,1408,1541,1474,1536,1501,1541,1527,1544,1562,1565,1524,1556,1498,1553,1470,1548
809,h,1,1,1277,1228,1723,1673,26.966666666666665,1223,1338,1219,1400,1221,1464,1228,1524,1251,1581,1292,1623,1346,1652,1402,1675,1463,1688,1518,1689,1565,1671,1603,1641,1629,1600,1651,1553,1668,1506,1679,1455,1682,1406,1317,1279,1357,1253,1407,1249,1455,1260,1500,1279,1556,1295,1595,1294,1633,1299,1666,1316,1680,1350,1520,1328,1521,1358,1522,1386,1523,1418,1452,1460,1479,1467,1506,1476,1532,1476,1556,1475,1359,1312,1388,1298,1419,1304,1442,1334,1413,1329,1382,1322,1563,1358,1591,1338,1619,1343,1638,1367,1616,1367,1588,1363,1392,1541,1434,1516,1476,1507,1502,1516,1528,1515,1554,1534,1569,1569,1544,1578,1516,1582,1488,1581,1460,1575,1423,1561,1407,1541,1471,1535,1498,1540,1523,1542,1557,1563,1521,1553,1494,1551,1467,1546
810,h,1,1,1277,1228,1723,1673,27.0,1223,1338,1219,1400,1221,1464,1228,1524,1251,1581,1292,1623,1346,1652,1402,1675,1463,1688,1518,1689,1565,1671,1603,1641,1629,1600,1651,1553,1668,1506,1679,1455,1682,1406,1317,1279,1357,1253,1407,1249,1455,1260,1500,1279,1556,1295,1595,1294,1633,1299,1666,1316,1680,1350,1520,1328,1521,1358,1522,1386,1523,1418,1452,1460,1479,1467,1506,1476,1532,1476,1556,1475,1359,1312,1388,1298,1419,1304,1442,1334,1413,1329,1382,1322,1563,1358,1591,1338,1619,1343,1638,1367,1616,1367,1588,1363,1392,1541,1434,1516,1476,1507,1502,1516,1528,1515,1554,1534,1569,1569,1544,1578,1516,1582,1488,1581,1460,1575,1423,1561,1407,1541,1471,1535,1498,1540,1523,1542,1557,1563,1521,1553,1494,1551,1467,1546
811,h,1,1,1277,1228,1723,1673,27.033333333333335,1221,1340,1218,1404,1222,1467,1230,1528,1254,1584,1296,1626,1352,1653,1409,1674,1469,1686,1523,1685,1566,1667,1603,1637,1629,1595,1649,1548,1665,1502,1676,1453,1682,1404,1313,1280,1353,1253,1402,1248,1451,1258,1496,1275,1554,1290,1595,1292,1635,1298,1668,1316,1683,1352,1520,1325,1521,1355,1523,1384,1524,1416,1453,1457,1479,1465,1507,1474,1532,1474,1555,1473,1356,1313,1386,1297,1417,1302,1440,1332,1411,1328,1380,1322,1562,1356,1590,1336,1619,1341,1638,1366,1616,1367,1588,1362,1390,1540,1433,1514,1476,1506,1503,1515,1529,1514,1556,1532,1571,1568,1546,1578,1518,1582,1490,1580,1462,1574,1423,1560,1405,1540,1472,1532,1499,1538,1525,1540,1559,1562,1522,1554,1496,1552,1468,1546
812,h,1,1,1236,1117,1771,1652,27.066666666666666,1209,1346,1205,1408,1207,1472,1217,1534,1243,1589,1289,1629,1348,1654,1406,1677,1466,1690,1521,1691,1566,1670,1605,1638,1632,1594,1652,1547,1670,1500,1681,1450,1683,1402,1316,1273,1356,1251,1403,1248,1450,1257,1494,1275,1554,1291,1592,1292,1629,1298,1661,1313,1676,1344,1518,1325,1519,1355,1521,1383,1523,1413,1454,1458,1481,1466,1507,1475,1531,1475,1553,1475,1357,1309,1386,1293,1418,1299,1441,1331,1411,1326,1380,1319,1561,1355,1588,1334,1617,1339,1636,1365,1614,1366,1586,1361,1390,1539,1432,1513,1477,1504,1503,1513,1528,1512,1556,1531,1573,1569,1546,1578,1517,1581,1490,1578,1462,1572,1424,1558,1406,1539,1473,1531,1499,1536,1524,1539,1561,1563,1521,1553,1496,1550,1469,1545
813,h,1,1,1236,1117,1771,1652,27.1,1207,1345,1203,1407,1206,1470,1216,1531,1242,1586,1288,1625,1347,1652,1407,1675,1467,1688,1521,1688,1567,1667,1606,1635,1633,1592,1654,1546,1672,1499,1682,1451,1683,1404,1315,1275,1355,1252,1402,1248,1450,1257,1495,1275,1554,1290,1592,1291,1630,1298,1661,1314,1676,1345,1518,1324,1520,1355,1522,1384,1524,1415,1454,1458,1480,1466,1507,1475,1531,1475,1553,1474,1357,1309,1387,1293,1419,1299,1442,1331,1412,1327,1381,1320,1561,1355,1588,1334,1618,1339,1637,1366,1615,1366,1586,1361,1390,1538,1433,1513,1476,1504,1503,1514,1528,1513,1556,1532,1573,1569,1546,1577,1516,1581,1490,1578,1462,1572,1424,1558,1406,1539,1472,1531,1499,1536,1524,1539,1560,1563,1521,1553,1496,1550,1469,1545
814,h,1,1,1236,1117,1771,1652,27.133333333333333,1207,1345,1203,1407,1206,1470,1216,1531,1242,1586,1288,1625,1347,1652,1407,1675,1467,1688,1521,1688,1567,1667,1606,1635,1633,1592,1654,1546,1672,1499,1682,1451,1683,1404,1315,1275,1355,1252,1402,1248,1450,1257,1495,1275,1554,1290,1592,1291,1630,1298,1661,1314,1676,1345,1518,1324,1520,1355,1522,1384,1524,1415,1454,1458,1480,1466,1507,1475,1531,1475,1553,1474,1357,1309,1387,1293,1419,1299,1442,1331,1412,1327,1381,1320,1561,1355,1588,1334,1618,1339,1637,1366,1615,1366,1586,1361,1390,1538,1433,1513,1476,1504,1503,1514,1528,1513,1556,1532,1573,1569,1546,1577,1516,1581,1490,1578,1462,1572,1424,1558,1406,1539,1472,1531,1499,1536,1524,1539,1560,1563,1521,1553,1496,1550,1469,1545
815,h,1,1,1236,1117,1771,1652,27.166666666666668,1203,1348,1199,1411,1202,1475,1214,1536,1242,1589,1290,1627,1350,1650,1407,1671,1467,1683,1520,1683,1563,1663,1602,1634,1631,1592,1653,1548,1671,1501,1680,1452,1681,1406,1314,1271,1355,1250,1402,1248,1450,1257,1495,1274,1553,1289,1590,1290,1627,1295,1659,1307,1675,1336,1517,1325,1518,1355,1520,1383,1522,1413,1452,1457,1478,1466,1506,1475,1530,1475,1552,1473,1355,1310,1385,1294,1418,1299,1441,1331,1411,1327,1379,1320,1558,1355,1586,1334,1616,1338,1636,1364,1613,1365,1584,1361,1390,1538,1434,1513,1477,1505,1503,1515,1527,1513,1555,1531,1571,1568,1544,1578,1516,1581,1489,1578,1462,1572,1425,1558,1405,1539,1472,1531,1499,1536,1523,1539,1559,1563,1521,1553,1495,1550,1469,1546
816,h,1,1,1236,1117,1771,1652,27.2,1209,1341,1205,1404,1206,1468,1213,1530,1238,1586,1283,1626,1343,1652,1401,1675,1462,1689,1517,1690,1563,1670,1604,1641,1632,1598,1654,1551,1672,1502,1683,1451,1686,1402,1313,1274,1353,1251,1399,1248,1447,1257,1491,1275,1552,1291,1589,1291,1627,1297,1659,1310,1676,1340,1514,1324,1515,1354,1516,1382,1518,1413,1451,1458,1476,1466,1503,1476,1527,1475,1550,1474,1354,1310,1383,1294,1416,1299,1439,1330,1409,1326,1377,1319,1559,1354,1585,1334,1615,1339,1635,1365,1612,1365,1583,1360,1388,1540,1430,1514,1474,1505,1500,1514,1525,1512,1554,1531,1571,1570,1544,1578,1514,1583,1487,1580,1459,1575,1421,1560,1403,1540,1469,1531,1497,1536,1521,1539,1559,1564,1519,1555,1493,1552,1466,1547
817,h,1,1,1236,1117,1771,1652,27.233333333333334,1210,1343,1206,1406,1208,1469,1218,1530,1245,1584,1291,1625,1349,1652,1406,1675,1465,1687,1519,1687,1564,1666,1602,1633,1630,1589,1652,1542,1670,1496,1681,1447,1682,1399,1315,1271,1355,1249,1402,1247,1449,1257,1493,1274,1551,1289,1589,1289,1627,1295,1659,1308,1674,1339,1515,1324,1516,1354,1518,1382,1520,1413,1449,1457,1476,1465,1503,1474,1528,1475,1551,1474,1354,1309,1384,1293,1416,1299,1438,1330,1409,1326,1378,1319,1558,1354,1586,1333,1615,1337,1634,1363,1612,1365,1584,1360,1387,1541,1430,1514,1474,1505,1500,1514,1525,1513,1554,1532,1569,1571,1544,1583,1514,1588,1487,1586,1459,1580,1421,1564,1402,1541,1470,1532,1496,1538,1521,1540,1556,1565,1519,1559,1493,1556,1466,1551
818,h,1,1,1236,1117,1771,1652,27.266666666666666,1210,1343,1206,1406,1208,1469,1218,1530,1245,1584,1291,1625,1349,1652,1406,1675,1465,1687,1519,1687,1564,1666,1602,1633,1630,1589,1652,1542,1670,1496,1681,1447,1682,1399,1315,1271,1355,1249,1402,1247,1449,1257,1493,1274,1551,1289,1589,1289,1627,1295,1659,1308,1674,1339,1515,1324,1516,1354,1518,1382,1520,1413,1449,1457,1476,1465,1503,1474,1528,1475,1551,1474,1354,1309,1384,1293,1416,1299,1438,1330,1409,1326,1378,1319,1558,1354,1586,1333,1615,1337,1634,1363,1612,1365,1584,1360,1387,1541,1430,1514,1474,1505,1500,1514,1525,1513,1554,1532,1569,1571,1544,1583,1514,1588,1487,1586,1459,1580,1421,1564,1402,1541,1470,1532,1496,1538,1521,1540,1556,1565,1519,1559,1493,1556,1466,1551
819,h,1,1,1236,1117,1771,1652,27.3,1207,1344,1203,1408,1205,1472,1216,1535,1244,1590,1291,1630,1349,1657,1406,1681,1464,1694,1516,1694,1560,1670,1598,1638,1626,1594,1650,1548,1670,1501,1681,1450,1684,1401,1314,1271,1355,1250,1402,1247,1449,1256,1493,1274,1550,1290,1588,1290,1626,1295,1659,1311,1675,1341,1515,1325,1516,1355,1518,1383,1520,1413,1448,1456,1475,1464,1503,1474,1527,1474,1550,1472,1354,1309,1383,1293,1416,1298,1438,1329,1409,1326,1378,1319,1556,1354,1583,1332,1614,1337,1633,1365,1611,1365,1581,1360,1385,1543,1427,1514,1472,1505,1499,1513,1524,1513,1552,1532,1566,1572,1542,1588,1512,1596,1485,1594,1457,1588,1418,1570,1400,1544,1468,1532,1495,1536,1519,1540,1554,1567,1517,1567,1491,1565,1464,1560
820,h,1,1,1236,1117,1771,1652,27.333333333333332,1207,1346,1203,1408,1204,1472,1215,1534,1242,1589,1290,1629,1349,1656,1407,1679,1467,1692,1519,1690,1564,1666,1602,1633,1629,1589,1651,1543,1670,1498,1680,1449,1681,1403,1313,1271,1354,1249,1401,1246,1448,1256,1492,1274,1551,1289,1589,1290,1626,1296,1658,1310,1673,1339,1515,1326,1515,1355,1517,1382,1519,1412,1449,1456,1476,1464,1503,1473,1527,1473,1550,1472,1353,1310,1382,1293,1415,1298,1437,1330,1408,1326,1377,1320,1557,1354,1584,1332,1614,1337,1634,1364,1611,1364,1582,1360,1387,1543,1429,1514,1474,1504,1500,1513,1525,1512,1553,1532,1566,1572,1543,1588,1513,1595,1486,1593,1458,1586,1420,1569,1402,1543,1470,1531,1496,1536,1520,1539,1554,1566,1518,1566,1492,1563,1465,1558
821,h,1,1,1236,1117,1771,1652,27.366666666666667,1200,1350,1197,1413,1200,1477,1211,1538,1238,1593,1287,1632,1348,1657,1406,1681,1466,1695,1520,1695,1564,1672,1603,1639,1630,1594,1651,1548,1669,1500,1678,1449,1679,1402,1309,1274,1350,1251,1398,1248,1446,1257,1492,1275,1550,1290,1588,1290,1626,1295,1659,1310,1675,1341,1514,1325,1516,1354,1518,1382,1520,1412,1448,1456,1475,1464,1504,1474,1528,1474,1551,1473,1352,1310,1381,1293,1413,1297,1436,1330,1407,1326,1376,1319,1557,1354,1585,1332,1615,1337,1634,1364,1612,1364,1582,1360,1386,1542,1428,1514,1473,1504,1501,1514,1526,1512,1553,1532,1567,1572,1544,1585,1515,1590,1488,1588,1459,1581,1420,1566,1401,1542,1469,1532,1497,1537,1522,1540,1555,1566,1520,1562,1494,1558,1466,1553
822,h,1,1,1236,1117,1771,1652,27.4,1200,1350,1197,1413,1200,1477,1211,1538,1238,1593,1287,1632,1348,1657,1406,1681,1466,1695,1520,1695,1564,1672,1603,1639,1630,1594,1651,1548,1669,1500,1678,1449,1679,1402,1309,1274,1350,1251,1398,1248,1446,1257,1492,1275,1550,1290,1588,1290,1626,1295,1659,1310,1675,1341,1514,1325,1516,1354,1518,1382,1520,1412,1448,1456,1475,1464,1504,1474,1528,1474,1551,1473,1352,1310,1381,1293,1413,1297,1436,1330,1407,1326,1376,1319,1557,1354,1585,1332,1615,1337,1634,1364,1612,1364,1582,1360,1386,1542,1428,1514,1473,1504,1501,1514,1526,1512,1553,1532,1567,1572,1544,1585,1515,1590,1488,1588,1459,1581,1420,1566,1401,1542,1469,1532,1497,1537,1522,1540,1555,1566,1520,1562,1494,1558,1466,1553
823,h,1,1,1236,1117,1771,1652,27.433333333333334,1208,1344,1203,1407,1205,1470,1214,1531,1238,1587,1283,1627,1343,1654,1401,1677,1462,1690,1518,1690,1565,1669,1605,1638,1632,1594,1653,1546,1669,1497,1679,1446,1681,1397,1310,1272,1350,1250,1397,1247,1444,1257,1487,1274,1549,1290,1586,1289,1623,1294,1656,1306,1673,1334,1512,1322,1513,1352,1514,1381,1516,1413,1447,1457,1474,1464,1501,1473,1525,1473,1547,1472,1350,1309,1380,1293,1412,1298,1436,1329,1406,1325,1374,1319,1555,1351,1583,1330,1613,1334,1632,1361,1610,1361,1581,1357,1384,1540,1426,1513,1470,1503,1496,1512,1521,1511,1550,1530,1567,1569,1540,1579,1509,1584,1482,1581,1454,1575,1417,1561,1400,1540,1465,1530,1492,1535,1517,1538,1554,1563,1514,1555,1488,1552,1461,1547
824,h,1,1,1236,1117,1771,1652,27.466666666666665,1210,1341,1206,1403,1208,1466,1217,1528,1242,1583,1285,1623,1342,1648,1398,1671,1458,1685,1512,1687,1559,1668,1598,1639,1626,1595,1647,1549,1665,1502,1676,1452,1678,1402,1311,1272,1351,1249,1398,1246,1445,1256,1489,1274,1548,1289,1585,1288,1623,1294,1656,1308,1671,1339,1510,1324,1511,1353,1513,1380,1514,1410,1446,1456,1472,1463,1499,1472,1523,1472,1546,1472,1350,1309,1379,1293,1411,1298,1435,1329,1405,1325,1373,1319,1554,1353,1581,1331,1611,1336,1631,1362,1608,1364,1579,1359,1382,1537,1425,1511,1469,1501,1495,1510,1520,1509,1548,1527,1566,1564,1539,1574,1509,1579,1482,1576,1455,1571,1417,1557,1398,1537,1465,1528,1491,1532,1515,1535,1553,1559,1513,1551,1488,1548,1462,1544
825,h,1,1,1236,1117,1771,1652,27.5,1210,1341,1206,1403,1208,1466,1217,1528,1242,1583,1285,1623,1342,1648,1398,1671,1458,1685,1512,1687,1559,1668,1598,1639,1626,1595,1647,1549,1665,1502,1676,1452,1678,1402,1311,1272,1351,1249,1398,1246,1445,1256,1489,1274,1548,1289,1585,1288,1623,1294,1656,1308,1671,1339,1510,1324,1511,1353,1513,1380,1514,1410,1446,1456,1472,1463,1499,1472,1523,1472,1546,1472,1350,1309,1379,1293,1411,1298,1435,1329,1405,1325,1373,1319,1554,1353,1581,1331,1611,1336,1631,1362,1608,1364,1579,1359,1382,1537,1425,1511,1469,1501,1495,1510,1520,1509,1548,1527,1566,1564,1539,1574,1509,1579,1482,1576,1455,1571,1417,1557,1398,1537,1465,1528,1491,1532,1515,1535,1553,1559,1513,1551,1488,1548,1462,1544
826,h,1,1,1236,1117,1771,1652,27.533333333333335,1207,1345,1203,1408,1205,1471,1214,1533,1241,1587,1286,1626,1345,1650,1403,1672,1463,1684,1516,1684,1562,1664,1602,1634,1630,1591,1650,1545,1666,1498,1676,1449,1677,1402,1307,1273,1348,1249,1397,1246,1445,1256,1489,1274,1544,1290,1582,1288,1621,1294,1655,1309,1671,1342,1509,1324,1510,1353,1513,1380,1515,1411,1445,1456,1471,1464,1499,1473,1523,1473,1547,1472,1349,1308,1379,1292,1411,1297,1435,1329,1405,1325,1373,1318,1552,1353,1581,1331,1610,1336,1630,1363,1608,1363,1578,1359,1383,1537,1426,1512,1471,1503,1497,1513,1522,1511,1550,1529,1566,1564,1540,1574,1511,1579,1484,1577,1457,1571,1418,1557,1398,1537,1467,1529,1493,1535,1517,1537,1554,1559,1515,1552,1490,1549,1464,1544
827,h,1,1,1236,1117,1771,1652,27.566666666666666,1211,1339,1207,1403,1209,1467,1218,1529,1243,1585,1287,1626,1344,1652,1400,1674,1458,1686,1511,1686,1558,1667,1598,1638,1628,1595,1650,1550,1669,1503,1680,1452,1682,1402,1308,1273,1348,1250,1395,1246,1442,1256,1487,1273,1545,1288,1584,1288,1622,1294,1655,1311,1671,1343,1508,1324,1509,1353,1510,1381,1512,1411,1443,1458,1469,1464,1497,1473,1521,1473,1545,1473,1350,1310,1378,1294,1410,1299,1434,1330,1404,1326,1372,1320,1552,1354,1579,1333,1609,1338,1630,1364,1606,1365,1577,1360,1381,1539,1424,1513,1468,1504,1494,1513,1519,1511,1548,1529,1566,1567,1539,1576,1508,1582,1482,1580,1453,1573,1416,1559,1397,1539,1464,1531,1491,1536,1515,1539,1553,1561,1513,1553,1488,1550,1460,1545
828,h,1,1,1236,1117,1771,1652,27.6,1204,1344,1199,1406,1200,1467,1208,1528,1234,1583,1280,1623,1338,1649,1396,1672,1456,1685,1510,1685,1557,1667,1597,1637,1626,1595,1647,1548,1665,1500,1675,1449,1676,1400,1305,1274,1344,1250,1391,1246,1440,1254,1485,1271,1543,1286,1581,1286,1621,1293,1654,1309,1671,1341,1506,1324,1507,1353,1509,1381,1511,1412,1441,1457,1468,1465,1496,1474,1521,1474,1544,1473,1345,1310,1375,1293,1408,1298,1433,1330,1401,1327,1369,1320,1550,1354,1578,1332,1609,1336,1630,1363,1607,1365,1576,1360,1380,1539,1422,1513,1466,1505,1493,1514,1519,1513,1548,1530,1566,1567,1538,1577,1507,1581,1480,1578,1451,1572,1414,1558,1395,1539,1462,1531,1489,1536,1515,1539,1553,1561,1512,1554,1486,1551,1458,1546
829,h,1,1,1236,1117,1771,1652,27.633333333333333,1204,1344,1199,1406,1200,1467,1208,1528,1234,1583,1280,1623,1338,1649,1396,1672,1456,1685,1510,1685,1557,1667,1597,1637,1626,1595,1647,1548,1665,1500,1675,1449,1676,1400,1305,1274,1344,1250,1391,1246,1440,1254,1485,1271,1543,1286,1581,1286,1621,1293,1654,1309,1671,1341,1506,1324,1507,1353,1509,1381,1511,1412,1441,1457,1468,1465,1496,1474,1521,1474,1544,1473,1345,1310,1375,1293,1408,1298,1433,1330,1401,1327,1369,1320,1550,1354,1578,1332,1609,1336,1630,1363,1607,1365,1576,1360,1380,1539,1422,1513,1466,1505,1493,1514,1519,1513,1548,1530,1566,1567,1538,1577,1507,1581,1480,1578,1451,1572,1414,1558,1395,1539,1462,1531,1489,1536,1515,1539,1553,1561,1512,1554,1486,1551,1458,1546
830,h,1,1,1236,1117,1771,1652,27.666666666666668,1195,1348,1191,1412,1193,1477,1203,1539,1233,1594,1282,1633,1342,1656,1400,1677,1461,1689,1515,1688,1561,1669,1600,1638,1628,1593,1648,1546,1666,1498,1675,1447,1676,1399,1298,1276,1339,1252,1387,1248,1437,1255,1483,1273,1543,1289,1581,1289,1620,1295,1654,1310,1670,1341,1506,1324,1508,1353,1510,1381,1513,1411,1442,1457,1469,1465,1497,1474,1521,1474,1544,1473,1341,1313,1372,1296,1405,1300,1430,1331,1399,1328,1366,1322,1550,1354,1578,1333,1609,1338,1630,1364,1607,1365,1576,1361,1380,1539,1425,1515,1469,1506,1494,1516,1518,1514,1546,1531,1564,1567,1537,1576,1507,1580,1482,1578,1455,1572,1418,1558,1396,1539,1464,1532,1491,1538,1514,1540,1552,1561,1512,1553,1488,1551,1462,1546
831,h,1,1,1236,1117,1771,1652,27.7,1203,1347,1200,1410,1202,1473,1213,1534,1240,1588,1287,1627,1345,1652,1402,1671,1460,1683,1511,1684,1558,1666,1597,1637,1625,1595,1647,1550,1666,1504,1677,1455,1679,1407,1303,1274,1344,1250,1392,1246,1440,1255,1485,1273,1542,1289,1580,1288,1618,1293,1652,1309,1669,1340,1505,1325,1506,1354,1507,1382,1509,1413,1439,1457,1466,1465,1494,1474,1519,1474,1543,1473,1344,1311,1374,1294,1406,1299,1430,1330,1400,1326,1368,1320,1550,1354,1578,1333,1608,1337,1628,1364,1605,1365,1576,1360,1380,1539,1421,1514,1465,1504,1492,1514,1516,1512,1544,1530,1563,1567,1536,1576,1507,1581,1480,1579,1452,1573,1415,1558,1396,1539,1461,1531,1488,1536,1512,1538,1550,1561,1511,1553,1486,1550,1458,1545
834,h,1,1,1277,1228,1723,1673,27.8,1210,1339,1208,1402,1211,1465,1219,1525,1242,1582,1284,1624,1338,1652,1394,1673,1454,1686,1508,1686,1553,1669,1592,1640,1619,1599,1640,1552,1658,1505,1670,1455,1675,1405,1300,1273,1341,1248,1390,1244,1437,1254,1480,1273,1541,1288,1580,1288,1618,1293,1651,1307,1669,1339,1505,1323,1505,1353,1506,1382,1508,1413,1439,1456,1465,1463,1492,1472,1517,1472,1540,1471,1343,1310,1372,1294,1404,1299,1428,1329,1398,1325,1367,1319,1550,1353,1577,1333,1607,1337,1628,1363,1604,1363,1575,1359,1377,1538,1420,1511,1463,1502,1490,1512,1517,1510,1543,1529,1561,1565,1535,1576,1506,1580,1478,1578,1448,1572,1411,1558,1392,1538,1458,1530,1486,1535,1512,1538,1549,1560,1510,1552,1484,1549,1455,1544
835,h,1,1,1176,1176,1711,1711,27.833333333333332,1208,1337,1202,1402,1202,1467,1208,1529,1232,1584,1275,1626,1329,1654,1385,1678,1443,1692,1497,1691,1546,1672,1589,1642,1620,1598,1643,1550,1661,1500,1672,1449,1676,1399,1303,1272,1344,1247,1391,1244,1438,1254,1480,1272,1540,1288,1578,1287,1615,1292,1649,1304,1666,1334,1504,1323,1504,1352,1505,1380,1505,1411,1435,1455,1462,1463,1490,1471,1516,1471,1540,1470,1343,1310,1372,1295,1402,1302,1427,1330,1398,1326,1367,1320,1547,1353,1576,1333,1604,1338,1624,1361,1602,1362,1574,1358,1373,1535,1419,1510,1462,1503,1487,1512,1516,1511,1545,1529,1562,1564,1533,1573,1501,1578,1471,1576,1444,1570,1408,1557,1389,1535,1458,1530,1483,1535,1511,1537,1550,1559,1506,1550,1477,1547,1452,1543
836,h,1,1,1176,1176,1711,1711,27.866666666666667,1207,1344,1202,1409,1204,1474,1211,1536,1235,1591,1279,1631,1333,1659,1389,1681,1447,1695,1502,1693,1550,1674,1591,1643,1621,1600,1642,1551,1659,1501,1670,1451,1674,1400,1299,1276,1339,1248,1387,1243,1434,1253,1478,1270,1538,1287,1578,1287,1616,1292,1651,1307,1667,1340,1503,1322,1503,1351,1504,1379,1505,1410,1435,1453,1462,1461,1490,1469,1515,1469,1539,1469,1341,1309,1370,1294,1401,1301,1425,1328,1396,1324,1366,1318,1547,1351,1576,1332,1605,1337,1625,1361,1603,1361,1574,1357,1374,1537,1418,1509,1461,1501,1486,1510,1515,1509,1543,1528,1560,1562,1532,1572,1501,1576,1471,1574,1444,1568,1407,1556,1389,1536,1456,1529,1482,1533,1510,1536,1547,1557,1506,1548,1477,1546,1451,1542
837,h,1,1,1176,1176,1711,1711,27.9,1207,1344,1202,1409,1204,1474,1211,1536,1235,1591,1279,1631,1333,1659,1389,1681,1447,1695,1502,1693,1550,1674,1591,1643,1621,1600,1642,1551,1659,1501,1670,1451,1674,1400,1299,1276,1339,1248,1387,1243,1434,1253,1478,1270,1538,1287,1578,1287,1616,1292,1651,1307,1667,1340,1503,1322,1503,1351,1504,1379,1505,1410,1435,1453,1462,1461,1490,1469,1515,1469,1539,1469,1341,1309,1370,1294,1401,1301,1425,1328,1396,1324,1366,1318,1547,1351,1576,1332,1605,1337,1625,1361,1603,1361,1574,1357,1374,1537,1418,1509,1461,1501,1486,1510,1515,1509,1543,1528,1560,1562,1532,1572,1501,1576,1471,1574,1444,1568,1407,1556,1389,1536,1456,1529,1482,1533,1510,1536,1547,1557,1506,1548,1477,1546,1451,1542
838,h,1,1,1176,1176,1711,1711,27.933333333333334,1206,1339,1201,1403,1199,1469,1204,1531,1227,1586,1271,1627,1326,1654,1384,1677,1443,1690,1497,1688,1546,1669,1589,1638,1621,1596,1643,1548,1660,1497,1669,1446,1673,1396,1300,1271,1340,1246,1387,1242,1433,1252,1476,1270,1537,1285,1575,1285,1613,1290,1647,1302,1665,1333,1500,1320,1501,1350,1502,1378,1503,1409,1433,1452,1460,1461,1488,1470,1514,1469,1538,1468,1339,1307,1368,1293,1399,1300,1424,1328,1395,1323,1363,1317,1546,1351,1574,1331,1603,1336,1623,1360,1601,1360,1572,1356,1374,1532,1418,1508,1459,1501,1485,1510,1514,1509,1541,1527,1557,1560,1529,1571,1499,1575,1470,1573,1442,1567,1407,1555,1389,1532,1455,1527,1481,1532,1509,1535,1545,1556,1505,1547,1476,1545,1450,1541
839,h,1,1,1176,1117,1711,1652,27.966666666666665,1194,1346,1189,1409,1189,1473,1198,1533,1225,1586,1274,1625,1333,1648,1389,1670,1446,1684,1498,1683,1544,1663,1586,1634,1618,1594,1643,1549,1661,1500,1670,1450,1672,1402,1295,1272,1335,1248,1384,1245,1432,1254,1476,1270,1534,1286,1572,1286,1610,1291,1643,1304,1660,1333,1499,1319,1500,1349,1502,1377,1504,1407,1431,1451,1459,1460,1487,1470,1512,1469,1536,1468,1336,1308,1366,1292,1398,1297,1421,1327,1393,1322,1362,1316,1544,1349,1572,1328,1601,1333,1621,1358,1599,1357,1571,1353,1371,1530,1414,1507,1458,1499,1482,1507,1509,1507,1539,1525,1556,1559,1528,1571,1497,1577,1468,1575,1442,1569,1405,1555,1386,1531,1454,1525,1479,1530,1505,1533,1544,1555,1501,1546,1474,1543,1449,1539
840,h,1,1,1176,1117,1711,1652,28.0,1194,1346,1189,1409,1189,1473,1198,1533,1225,1586,1274,1625,1333,1648,1389,1670,1446,1684,1498,1683,1544,1663,1586,1634,1618,1594,1643,1549,1661,1500,1670,1450,1672,1402,1295,1272,1335,1248,1384,1245,1432,1254,1476,1270,1534,1286,1572,1286,1610,1291,1643,1304,1660,1333,1499,1319,1500,1349,1502,1377,1504,1407,1431,1451,1459,1460,1487,1470,1512,1469,1536,1468,1336,1308,1366,1292,1398,1297,1421,1327,1393,1322,1362,1316,1544,1349,1572,1328,1601,1333,1621,1358,1599,1357,1571,1353,1371,1530,1414,1507,1458,1499,1482,1507,1509,1507,1539,1525,1556,1559,1528,1571,1497,1577,1468,1575,1442,1569,1405,1555,1386,1531,1454,1525,1479,1530,1505,1533,1544,1555,1501,1546,1474,1543,1449,1539
841,h,1,1,1176,1176,1711,1711,28.033333333333335,1202,1333,1196,1397,1196,1463,1202,1525,1226,1581,1270,1622,1326,1650,1382,1673,1442,1687,1497,1685,1545,1664,1589,1634,1620,1589,1643,1540,1659,1490,1669,1438,1672,1387,1297,1272,1338,1247,1385,1243,1432,1252,1474,1268,1532,1281,1570,1283,1607,1287,1640,1299,1657,1327,1499,1319,1499,1348,1500,1376,1501,1407,1433,1450,1459,1458,1486,1467,1511,1467,1534,1466,1337,1306,1367,1292,1397,1299,1421,1327,1393,1323,1362,1316,1543,1348,1571,1328,1600,1332,1619,1355,1598,1357,1570,1354,1373,1529,1416,1506,1457,1499,1481,1507,1510,1507,1538,1524,1555,1557,1527,1568,1498,1572,1468,1570,1442,1564,1405,1551,1387,1529,1453,1524,1478,1529,1506,1532,1543,1553,1502,1545,1473,1543,1448,1539
842,h,1,1,1228,1178,1673,1624,28.066666666666666,1200,1337,1196,1400,1197,1464,1205,1525,1229,1580,1273,1621,1330,1647,1387,1668,1446,1679,1499,1678,1546,1659,1587,1630,1616,1590,1637,1545,1654,1497,1664,1449,1667,1401,1294,1273,1334,1248,1382,1242,1430,1251,1474,1268,1535,1282,1574,1282,1612,1287,1644,1303,1658,1334,1500,1318,1500,1347,1501,1375,1502,1405,1433,1449,1460,1456,1486,1465,1511,1465,1534,1464,1336,1306,1366,1290,1398,1296,1421,1326,1393,1322,1361,1316,1542,1347,1570,1325,1599,1330,1618,1355,1597,1356,1568,1352,1371,1528,1413,1504,1456,1496,1480,1505,1507,1504,1535,1522,1553,1556,1526,1566,1496,1571,1468,1569,1441,1563,1404,1550,1385,1528,1451,1522,1477,1527,1503,1530,1541,1552,1500,1542,1473,1539,1447,1535
843,h,1,1,1228,1178,1673,1624,28.1,1199,1336,1194,1399,1194,1462,1200,1523,1224,1578,1268,1619,1325,1645,1383,1666,1443,1678,1498,1676,1546,1657,1588,1628,1617,1587,1639,1542,1655,1495,1664,1446,1667,1399,1293,1271,1332,1245,1380,1240,1428,1249,1473,1266,1532,1280,1572,1280,1610,1286,1643,1301,1660,1332,1498,1317,1498,1346,1499,1374,1500,1405,1430,1448,1457,1455,1485,1464,1510,1464,1533,1463,1336,1305,1366,1290,1397,1295,1420,1324,1392,1320,1361,1314,1541,1345,1569,1325,1597,1329,1617,1353,1595,1354,1567,1350,1370,1527,1413,1503,1455,1496,1480,1505,1508,1504,1535,1521,1553,1555,1526,1564,1496,1569,1467,1568,1440,1562,1403,1548,1384,1526,1451,1521,1477,1527,1504,1529,1541,1550,1501,1542,1473,1539,1446,1535
844,h,1,1,1228,1178,1673,1624,28.133333333333333,1199,1336,1194,1399,1194,1462,1200,1523,1224,1578,1268,1619,1325,1645,1383,1666,1443,1678,1498,1676,1546,1657,1588,1628,1617,1587,1639,1542,1655,1495,1664,1446,1667,1399,1293,1271,1332,1245,1380,1240,1428,1249,1473,1266,1532,1280,1572,1280,1610,1286,1643,1301,1660,1332,1498,1317,1498,1346,1499,1374,1500,1405,1430,1448,1457,1455,1485,1464,1510,1464,1533,1463,1336,1305,1366,1290,1397,1295,1420,1324,1392,1320,1361,1314,1541,1345,1569,1325,1597,1329,1617,1353,1595,1354,1567,1350,1370,1527,1413,1503,1455,1496,1480,1505,1508,1504,1535,1521,1553,1555,1526,1564,1496,1569,1467,1568,1440,1562,1403,1548,1384,1526,1451,1521,1477,1527,1504,1529,1541,1550,1501,1542,1473,1539,1446,1535
845,h,1,1,1228,1178,1673,1624,28.166666666666668,1199,1334,1194,1397,1193,1459,1199,1519,1222,1575,1267,1616,1324,1642,1381,1663,1441,1674,1496,1672,1544,1653,1586,1624,1616,1584,1637,1538,1653,1491,1662,1444,1666,1398,1292,1269,1333,1244,1380,1239,1429,1248,1473,1266,1531,1279,1571,1280,1610,1286,1643,1302,1658,1334,1498,1317,1499,1346,1499,1374,1501,1404,1431,1447,1457,1454,1484,1463,1509,1463,1532,1462,1336,1303,1366,1288,1397,1294,1420,1323,1392,1319,1361,1313,1540,1344,1568,1324,1597,1329,1616,1353,1595,1353,1567,1350,1371,1525,1414,1503,1455,1495,1479,1504,1506,1503,1533,1520,1550,1553,1524,1562,1495,1567,1467,1565,1440,1560,1404,1546,1385,1525,1451,1521,1476,1527,1502,1529,1539,1547,1499,1539,1472,1537,1447,1533
846,h,1,1,1228,1178,1673,1624,28.2,1203,1332,1199,1394,1200,1457,1207,1516,1229,1572,1272,1613,1326,1641,1382,1662,1443,1674,1498,1672,1545,1652,1587,1623,1617,1583,1638,1537,1654,1490,1663,1443,1665,1395,1290,1272,1328,1245,1377,1238,1425,1247,1470,1265,1530,1279,1570,1279,1610,1285,1645,1302,1660,1336,1496,1316,1497,1345,1497,1373,1499,1404,1430,1447,1456,1454,1483,1463,1508,1463,1531,1462,1334,1303,1364,1287,1395,1293,1419,1322,1390,1318,1359,1313,1539,1344,1568,1323,1597,1328,1616,1352,1594,1354,1566,1349,1370,1525,1412,1502,1453,1495,1478,1504,1506,1503,1533,1520,1550,1552,1523,1562,1494,1567,1465,1565,1438,1559,1402,1545,1384,1525,1449,1520,1475,1526,1502,1527,1538,1547,1499,1538,1471,1537,1444,1532
847,h,1,1,1228,1178,1673,1624,28.233333333333334,1194,1339,1189,1400,1189,1463,1195,1525,1219,1580,1263,1621,1321,1646,1379,1666,1442,1678,1498,1678,1546,1660,1588,1630,1616,1589,1637,1542,1653,1494,1662,1444,1664,1396,1288,1270,1328,1244,1375,1239,1424,1248,1469,1265,1526,1280,1566,1279,1606,1285,1640,1300,1656,1332,1494,1315,1494,1344,1495,1373,1496,1404,1426,1448,1453,1455,1480,1463,1505,1463,1529,1463,1331,1303,1361,1288,1392,1293,1416,1322,1388,1318,1356,1313,1537,1344,1566,1323,1595,1328,1615,1353,1593,1353,1564,1349,1367,1527,1411,1502,1453,1495,1478,1504,1506,1503,1534,1520,1553,1554,1525,1562,1495,1566,1466,1564,1438,1558,1402,1545,1381,1526,1449,1521,1475,1526,1502,1529,1540,1548,1499,1539,1471,1536,1445,1532
848,h,1,1,1228,1178,1673,1624,28.266666666666666,1194,1339,1189,1400,1189,1463,1195,1525,1219,1580,1263,1621,1321,1646,1379,1666,1442,1678,1498,1678,1546,1660,1588,1630,1616,1589,1637,1542,1653,1494,1662,1444,1664,1396,1288,1270,1328,1244,1375,1239,1424,1248,1469,1265,1526,1280,1566,1279,1606,1285,1640,1300,1656,1332,1494,1315,1494,1344,1495,1373,1496,1404,1426,1448,1453,1455,1480,1463,1505,1463,1529,1463,1331,1303,1361,1288,1392,1293,1416,1322,1388,1318,1356,1313,1537,1344,1566,1323,1595,1328,1615,1353,1593,1353,1564,1349,1367,1527,1411,1502,1453,1495,1478,1504,1506,1503,1534,1520,1553,1554,1525,1562,1495,1566,1466,1564,1438,1558,1402,1545,1381,1526,1449,1521,1475,1526,1502,1529,1540,1548,1499,1539,1471,1536,1445,1532
849,h,1,1,1228,1178,1673,1624,28.3,1194,1335,1189,1398,1188,1461,1195,1522,1218,1578,1263,1619,1321,1645,1379,1665,1441,1677,1497,1676,1545,1656,1587,1626,1617,1586,1638,1539,1654,1491,1663,1441,1665,1393,1290,1269,1329,1244,1376,1239,1425,1248,1469,1265,1528,1279,1567,1279,1606,1284,1639,1298,1656,1330,1494,1316,1494,1344,1495,1372,1496,1403,1427,1446,1454,1454,1481,1462,1506,1462,1529,1461,1333,1305,1362,1290,1393,1295,1417,1323,1388,1320,1358,1314,1537,1344,1565,1324,1594,1328,1613,1351,1592,1353,1563,1349,1369,1525,1412,1502,1454,1494,1477,1503,1503,1502,1530,1519,1548,1551,1521,1562,1492,1566,1465,1564,1439,1559,1403,1545,1383,1524,1449,1520,1474,1525,1499,1527,1535,1546,1496,1539,1470,1537,1445,1532
850,h,1,1,1228,1178,1673,1624,28.333333333333332,1200,1333,1197,1396,1198,1459,1205,1518,1228,1573,1269,1614,1323,1642,1379,1663,1438,1675,1494,1674,1542,1655,1584,1626,1614,1586,1635,1541,1652,1493,1662,1443,1666,1395,1289,1269,1328,1244,1374,1239,1422,1247,1466,1265,1526,1279,1566,1277,1606,1283,1639,1299,1655,1331,1491,1315,1492,1344,1492,1373,1494,1403,1425,1446,1452,1454,1479,1462,1504,1462,1528,1461,1330,1303,1360,1288,1392,1293,1415,1322,1386,1319,1355,1313,1536,1344,1565,1323,1595,1328,1614,1353,1592,1354,1563,1350,1367,1526,1408,1501,1449,1494,1475,1503,1502,1502,1530,1519,1547,1554,1520,1563,1490,1568,1462,1566,1435,1560,1398,1546,1382,1525,1445,1520,1471,1525,1498,1527,1534,1548,1495,1538,1467,1537,1441,1532
851,h,1,1,1228,1178,1673,1624,28.366666666666667,1199,1333,1195,1395,1196,1457,1204,1517,1226,1573,1268,1614,1323,1641,1379,1662,1439,1674,1495,1673,1542,1654,1584,1625,1614,1585,1635,1539,1652,1491,1661,1443,1664,1395,1287,1269,1327,1243,1374,1238,1422,1247,1466,1264,1526,1277,1566,1277,1605,1283,1639,1299,1654,1332,1491,1314,1491,1343,1492,1371,1493,1402,1424,1445,1451,1453,1479,1462,1504,1461,1528,1460,1330,1303,1360,1288,1391,1292,1415,1322,1386,1318,1355,1312,1535,1343,1565,1322,1594,1328,1613,1352,1592,1353,1563,1349,1367,1525,1408,1500,1450,1492,1475,1502,1502,1501,1530,1519,1547,1553,1520,1564,1491,1568,1462,1566,1435,1560,1399,1545,1382,1524,1446,1519,1471,1525,1498,1527,1535,1547,1495,1539,1468,1536,1441,1531
852,h,1,1,1228,1178,1673,1624,28.4,1199,1333,1195,1395,1196,1457,1204,1517,1226,1573,1268,1614,1323,1641,1379,1662,1439,1674,1495,1673,1542,1654,1584,1625,1614,1585,1635,1539,1652,1491,1661,1443,1664,1395,1287,1269,1327,1243,1374,1238,1422,1247,1466,1264,1526,1277,1566,1277,1605,1283,1639,1299,1654,1332,1491,1314,1491,1343,1492,1371,1493,1402,1424,1445,1451,1453,1479,1462,1504,1461,1528,1460,1330,1303,1360,1288,1391,1292,1415,1322,1386,1318,1355,1312,1535,1343,1565,1322,1594,1328,1613,1352,1592,1353,1563,1349,1367,1525,1408,1500,1450,1492,1475,1502,1502,1501,1530,1519,1547,1553,1520,1564,1491,1568,1462,1566,1435,1560,1399,1545,1382,1524,1446,1519,1471,1525,1498,1527,1535,1547,1495,1539,1468,1536,1441,1531
853,h,1,1,1228,1178,1673,1624,28.433333333333334,1197,1333,1194,1396,1195,1458,1203,1517,1225,1572,1267,1613,1322,1640,1379,1660,1438,1672,1493,1671,1541,1652,1583,1624,1612,1585,1634,1538,1650,1491,1661,1442,1664,1393,1288,1268,1327,1243,1374,1238,1421,1247,1465,1264,1526,1278,1565,1277,1604,1283,1637,1297,1654,1328,1491,1315,1491,1344,1491,1371,1492,1402,1424,1444,1450,1452,1477,1460,1502,1460,1525,1459,1330,1304,1360,1288,1390,1293,1414,1322,1385,1319,1355,1313,1535,1344,1564,1323,1593,1327,1612,1351,1590,1353,1562,1349,1366,1524,1407,1499,1449,1492,1473,1501,1500,1500,1528,1518,1546,1552,1518,1563,1489,1568,1461,1565,1434,1559,1397,1545,1380,1523,1445,1517,1470,1523,1496,1525,1533,1546,1493,1539,1466,1536,1440,1532
854,h,1,1,1228,1178,1673,1624,28.466666666666665,1197,1331,1193,1394,1193,1457,1199,1517,1222,1572,1263,1613,1319,1640,1376,1661,1435,1671,1490,1670,1538,1651,1581,1622,1611,1582,1632,1535,1649,1487,1659,1438,1662,1389,1286,1269,1325,1243,1372,1238,1420,1247,1464,1264,1524,1278,1563,1277,1603,1283,1637,1298,1653,1330,1490,1314,1490,1343,1490,1370,1491,1401,1423,1444,1449,1451,1476,1459,1501,1459,1524,1459,1328,1303,1358,1287,1389,1292,1413,1321,1384,1318,1353,1312,1533,1342,1562,1321,1591,1325,1611,1349,1589,1351,1560,1347,1362,1525,1404,1501,1447,1492,1472,1501,1499,1500,1526,1517,1544,1550,1516,1560,1487,1565,1459,1563,1432,1557,1395,1545,1376,1524,1443,1517,1468,1522,1495,1524,1532,1545,1491,1537,1464,1536,1438,1531
855,h,1,1,1228,1178,1673,1624,28.5,1197,1331,1193,1394,1193,1457,1199,1517,1222,1572,1263,1613,1319,1640,1376,1661,1435,1671,1490,1670,1538,1651,1581,1622,1611,1582,1632,1535,1649,1487,1659,1438,1662,1389,1286,1269,1325,1243,1372,1238,1420,1247,1464,1264,1524,1278,1563,1277,1603,1283,1637,1298,1653,1330,1490,1314,1490,1343,1490,1370,1491,1401,1423,1444,1449,1451,1476,1459,1501,1459,1524,1459,1328,1303,1358,1287,1389,1292,1413,1321,1384,1318,1353,1312,1533,1342,1562,1321,1591,1325,1611,1349,1589,1351,1560,1347,1362,1525,1404,1501,1447,1492,1472,1501,1499,1500,1526,1517,1544,1550,1516,1560,1487,1565,1459,1563,1432,1557,1395,1545,1376,1524,1443,1517,1468,1522,1495,1524,1532,1545,1491,1537,1464,1536,1438,1531
856,h,1,1,1228,1178,1673,1624,28.533333333333335,1196,1332,1194,1395,1197,1457,1206,1517,1229,1572,1269,1614,1324,1641,1380,1662,1440,1674,1495,1672,1542,1653,1584,1623,1613,1582,1633,1536,1650,1488,1660,1439,1663,1391,1284,1270,1322,1243,1370,1237,1418,1245,1463,1262,1521,1275,1562,1275,1602,1280,1636,1296,1654,1329,1488,1311,1488,1340,1489,1368,1490,1399,1423,1442,1449,1450,1476,1458,1501,1458,1524,1457,1327,1302,1356,1286,1388,1290,1412,1320,1383,1317,1352,1312,1532,1341,1561,1319,1591,1324,1611,1348,1589,1350,1559,1346,1366,1524,1408,1500,1450,1492,1473,1500,1499,1499,1527,1517,1546,1549,1518,1559,1488,1564,1461,1563,1436,1557,1399,1544,1380,1523,1446,1517,1470,1522,1495,1524,1533,1544,1492,1536,1466,1534,1442,1530
857,h,1,1,1228,1178,1673,1624,28.566666666666666,1195,1329,1191,1392,1193,1454,1202,1513,1225,1567,1267,1609,1322,1636,1379,1657,1440,1668,1495,1666,1541,1645,1582,1615,1612,1575,1632,1529,1647,1483,1657,1436,1660,1389,1283,1269,1322,1243,1370,1238,1418,1246,1463,1262,1522,1275,1562,1276,1602,1281,1636,1298,1653,1330,1487,1312,1488,1340,1489,1368,1491,1398,1423,1443,1449,1449,1476,1457,1500,1457,1523,1456,1325,1303,1355,1287,1387,1291,1411,1321,1381,1318,1350,1313,1531,1341,1560,1319,1589,1324,1610,1348,1587,1350,1558,1346,1364,1523,1408,1501,1450,1490,1473,1499,1497,1496,1524,1513,1542,1543,1516,1554,1488,1560,1462,1559,1437,1554,1400,1542,1380,1522,1446,1517,1470,1522,1494,1523,1530,1538,1491,1531,1467,1530,1443,1526
858,h,1,1,1228,1178,1673,1624,28.6,1196,1330,1193,1392,1194,1453,1202,1512,1225,1567,1267,1608,1322,1635,1378,1656,1438,1668,1494,1666,1540,1647,1582,1618,1612,1578,1633,1533,1649,1486,1658,1438,1661,1391,1283,1268,1323,1243,1371,1237,1420,1246,1464,1262,1520,1276,1561,1276,1601,1281,1636,1297,1653,1330,1487,1311,1488,1340,1489,1368,1491,1398,1422,1442,1449,1449,1476,1457,1500,1457,1523,1456,1325,1301,1356,1285,1387,1290,1411,1320,1382,1317,1351,1311,1531,1340,1560,1319,1589,1323,1609,1347,1587,1349,1558,1345,1365,1522,1408,1500,1450,1490,1473,1498,1497,1496,1524,1513,1543,1543,1516,1551,1487,1557,1461,1556,1437,1551,1400,1539,1380,1520,1446,1517,1469,1521,1493,1522,1530,1538,1491,1529,1466,1528,1442,1524
859,h,1,1,1228,1178,1673,1624,28.633333333333333,1196,1330,1193,1392,1194,1453,1202,1512,1225,1567,1267,1608,1322,1635,1378,1656,1438,1668,1494,1666,1540,1647,1582,1618,1612,1578,1633,1533,1649,1486,1658,1438,1661,1391,1283,1268,1323,1243,1371,1237,1420,1246,1464,1262,1520,1276,1561,1276,1601,1281,1636,1297,1653,1330,1487,1311,1488,1340,1489,1368,1491,1398,1422,1442,1449,1449,1476,1457,1500,1457,1523,1456,1325,1301,1356,1285,1387,1290,1411,1320,1382,1317,1351,1311,1531,1340,1560,1319,1589,1323,1609,1347,1587,1349,1558,1345,1365,1522,1408,1500,1450,1490,1473,1498,1497,1496,1524,1513,1543,1543,1516,1551,1487,1557,1461,1556,1437,1551,1400,1539,1380,1520,1446,1517,1469,1521,1493,1522,1530,1538,1491,1529,1466,1528,1442,1524
860,h,1,1,1228,1178,1673,1624,28.666666666666668,1195,1331,1191,1392,1193,1453,1201,1512,1224,1567,1266,1609,1321,1635,1377,1655,1437,1668,1492,1666,1538,1647,1579,1618,1609,1578,1630,1533,1647,1487,1657,1439,1661,1391,1284,1268,1323,1242,1370,1237,1418,1246,1462,1263,1520,1275,1560,1275,1600,1281,1635,1297,1652,1329,1487,1311,1487,1340,1489,1367,1491,1398,1422,1441,1449,1448,1476,1456,1500,1457,1523,1456,1326,1301,1356,1285,1387,1290,1411,1320,1382,1317,1351,1311,1531,1341,1560,1319,1589,1324,1609,1348,1587,1350,1558,1346,1365,1523,1408,1500,1450,1491,1473,1499,1498,1498,1524,1514,1542,1544,1515,1552,1487,1557,1461,1556,1436,1550,1400,1538,1380,1521,1446,1516,1470,1521,1494,1522,1530,1539,1491,1530,1467,1529,1442,1524
861,h,1,1,1228,1178,1673,1624,28.7,1194,1330,1191,1392,1193,1454,1201,1514,1224,1570,1267,1612,1322,1639,1378,1659,1437,1670,1492,1667,1538,1647,1580,1617,1609,1577,1630,1532,1646,1485,1656,1438,1660,1390,1283,1269,1322,1243,1370,1237,1419,1246,1463,1264,1520,1276,1560,1275,1600,1280,1635,1296,1652,1329,1487,1311,1487,1340,1488,1367,1489,1397,1421,1441,1448,1448,1474,1456,1499,1456,1522,1455,1325,1302,1355,1286,1387,1291,1411,1320,1382,1318,1350,1313,1530,1341,1559,1319,1588,1323,1609,1348,1586,1350,1557,1347,1363,1525,1406,1501,1448,1492,1472,1501,1496,1499,1523,1515,1542,1546,1514,1556,1486,1561,1460,1559,1435,1554,1398,1542,1378,1523,1444,1516,1468,1521,1492,1522,1529,1541,1490,1534,1465,1532,1441,1528
862,h,1,1,1228,1178,1673,1624,28.733333333333334,1187,1334,1182,1397,1182,1460,1189,1521,1212,1576,1256,1617,1314,1643,1373,1662,1434,1672,1489,1671,1537,1652,1579,1622,1610,1581,1630,1533,1646,1485,1655,1437,1656,1389,1282,1268,1321,1242,1369,1237,1418,1245,1462,1263,1520,1276,1559,1275,1598,1280,1632,1296,1647,1328,1486,1311,1487,1340,1488,1367,1489,1398,1421,1442,1447,1449,1474,1457,1498,1457,1521,1455,1324,1301,1354,1285,1386,1290,1410,1319,1380,1316,1349,1311,1530,1340,1559,1319,1587,1323,1606,1347,1585,1349,1556,1345,1364,1525,1408,1501,1449,1493,1472,1502,1496,1500,1522,1516,1539,1546,1514,1556,1487,1560,1461,1558,1435,1552,1399,1541,1379,1523,1445,1517,1469,1522,1493,1523,1527,1541,1490,1535,1465,1532,1441,1528
863,h,1,1,1228,1178,1673,1624,28.766666666666666,1187,1334,1182,1397,1182,1460,1189,1521,1212,1576,1256,1617,1314,1643,1373,1662,1434,1672,1489,1671,1537,1652,1579,1622,1610,1581,1630,1533,1646,1485,1655,1437,1656,1389,1282,1268,1321,1242,1369,1237,1418,1245,1462,1263,1520,1276,1559,1275,1598,1280,1632,1296,1647,1328,1486,1311,1487,1340,1488,1367,1489,1398,1421,1442,1447,1449,1474,1457,1498,1457,1521,1455,1324,1301,1354,1285,1386,1290,1410,1319,1380,1316,1349,1311,1530,1340,1559,1319,1587,1323,1606,1347,1585,1349,1556,1345,1364,1525,1408,1501,1449,1493,1472,1502,1496,1500,1522,1516,1539,1546,1514,1556,1487,1560,1461,1558,1435,1552,1399,1541,1379,1523,1445,1517,1469,1522,1493,1523,1527,1541,1490,1535,1465,1532,1441,1528
864,h,1,1,1228,1178,1673,1624,28.8,1191,1333,1187,1394,1188,1455,1195,1514,1216,1568,1256,1608,1311,1634,1369,1653,1429,1665,1485,1664,1535,1647,1579,1620,1610,1581,1629,1535,1645,1487,1655,1438,1659,1391,1280,1271,1318,1245,1366,1239,1414,1247,1459,1262,1521,1277,1561,1276,1600,1282,1634,1297,1651,1330,1486,1311,1486,1339,1487,1366,1489,1397,1420,1442,1446,1449,1473,1457,1498,1457,1520,1456,1324,1302,1354,1286,1385,1291,1409,1320,1380,1317,1349,1311,1530,1340,1559,1319,1588,1324,1607,1348,1585,1349,1556,1345,1361,1521,1407,1501,1447,1492,1470,1501,1494,1499,1519,1515,1539,1543,1510,1548,1483,1549,1458,1548,1433,1543,1398,1534,1376,1521,1443,1515,1467,1520,1490,1521,1526,1538,1487,1523,1463,1521,1440,1517
865,h,1,1,1228,1178,1673,1624,28.833333333333332,1194,1328,1191,1391,1193,1453,1201,1512,1223,1567,1264,1607,1318,1633,1374,1652,1433,1664,1488,1663,1536,1647,1578,1620,1607,1581,1628,1537,1644,1489,1654,1441,1658,1393,1280,1270,1319,1243,1367,1238,1415,1246,1460,1264,1520,1277,1561,1276,1601,1282,1635,1297,1651,1332,1486,1312,1486,1340,1487,1367,1488,1397,1420,1442,1447,1448,1473,1456,1498,1457,1520,1457,1326,1300,1355,1285,1386,1290,1410,1319,1381,1317,1350,1311,1529,1340,1558,1319,1587,1323,1607,1348,1585,1350,1555,1346,1365,1521,1410,1500,1449,1492,1470,1500,1494,1498,1518,1514,1535,1541,1509,1545,1484,1547,1459,1546,1436,1541,1402,1532,1380,1519,1445,1514,1467,1518,1490,1520,1523,1535,1488,1520,1465,1518,1442,1514
866,h,1,1,1228,1178,1673,1624,28.866666666666667,1189,1331,1184,1393,1184,1457,1191,1517,1214,1572,1256,1612,1313,1637,1371,1655,1432,1666,1488,1665,1535,1647,1578,1619,1609,1580,1629,1535,1645,1487,1655,1438,1658,1391,1281,1268,1320,1242,1368,1236,1417,1246,1461,1264,1520,1278,1559,1276,1599,1280,1633,1295,1650,1328,1486,1312,1486,1341,1487,1369,1488,1400,1419,1444,1446,1450,1473,1458,1497,1458,1520,1457,1324,1301,1355,1286,1386,1291,1409,1320,1380,1318,1349,1312,1529,1340,1559,1319,1587,1324,1607,1348,1585,1350,1556,1346,1359,1521,1406,1502,1447,1493,1470,1501,1494,1499,1519,1515,1537,1541,1510,1546,1484,1549,1458,1548,1434,1544,1398,1535,1374,1520,1443,1516,1467,1520,1490,1521,1525,1536,1488,1522,1463,1521,1440,1517
867,h,1,1,1228,1178,1673,1624,28.9,1189,1331,1184,1393,1184,1457,1191,1517,1214,1572,1256,1612,1313,1637,1371,1655,1432,1666,1488,1665,1535,1647,1578,1619,1609,1580,1629,1535,1645,1487,1655,1438,1658,1391,1281,1268,1320,1242,1368,1236,1417,1246,1461,1264,1520,1278,1559,1276,1599,1280,1633,1295,1650,1328,1486,1312,1486,1341,1487,1369,1488,1400,1419,1444,1446,1450,1473,1458,1497,1458,1520,1457,1324,1301,1355,1286,1386,1291,1409,1320,1380,1318,1349,1312,1529,1340,1559,1319,1587,1324,1607,1348,1585,1350,1556,1346,1359,1521,1406,1502,1447,1493,1470,1501,1494,1499,1519,1515,1537,1541,1510,1546,1484,1549,1458,1548,1434,1544,1398,1535,1374,1520,1443,1516,1467,1520,1490,1521,1525,1536,1488,1522,1463,1521,1440,1517
868,h,1,1,1228,1178,1673,1624,28.933333333333334,1186,1340,1182,1402,1183,1463,1191,1523,1214,1576,1258,1615,1314,1640,1372,1659,1433,1671,1490,1670,1538,1652,1580,1624,1609,1584,1628,1538,1644,1491,1653,1443,1656,1396,1276,1271,1315,1244,1363,1238,1413,1245,1458,1262,1519,1277,1560,1276,1600,1281,1634,1298,1650,1332,1484,1311,1485,1340,1486,1368,1488,1399,1419,1444,1446,1451,1473,1459,1498,1459,1521,1458,1321,1302,1352,1286,1383,1290,1408,1320,1379,1317,1347,1311,1529,1340,1559,1320,1588,1324,1607,1348,1585,1350,1556,1346,1362,1520,1406,1500,1446,1493,1470,1502,1495,1500,1521,1516,1540,1544,1513,1550,1485,1553,1458,1551,1433,1545,1398,1534,1376,1519,1442,1515,1467,1521,1491,1522,1528,1538,1489,1526,1464,1524,1439,1519
869,h,1,1,1228,1178,1673,1624,28.966666666666665,1192,1334,1189,1395,1191,1457,1198,1516,1220,1570,1262,1611,1317,1637,1374,1656,1436,1666,1493,1665,1541,1647,1582,1618,1611,1578,1630,1532,1645,1485,1654,1438,1657,1390,1280,1268,1319,1242,1367,1238,1415,1246,1459,1262,1520,1277,1560,1275,1599,1280,1633,1295,1650,1328,1484,1312,1485,1341,1486,1369,1487,1400,1419,1445,1445,1451,1472,1460,1497,1459,1520,1458,1322,1302,1352,1286,1384,1291,1408,1321,1378,1318,1347,1312,1529,1342,1558,1320,1588,1323,1608,1348,1586,1351,1556,1347,1359,1523,1402,1502,1444,1494,1469,1503,1495,1501,1521,1517,1539,1545,1512,1554,1484,1558,1457,1557,1430,1551,1393,1539,1374,1522,1439,1518,1466,1524,1491,1525,1527,1540,1488,1532,1462,1530,1436,1525
870,h,1,1,1228,1178,1673,1624,29.0,1192,1334,1189,1395,1191,1457,1198,1516,1220,1570,1262,1611,1317,1637,1374,1656,1436,1666,1493,1665,1541,1647,1582,1618,1611,1578,1630,1532,1645,1485,1654,1438,1657,1390,1280,1268,1319,1242,1367,1238,1415,1246,1459,1262,1520,1277,1560,1275,1599,1280,1633,1295,1650,1328,1484,1312,1485,1341,1486,1369,1487,1400,1419,1445,1445,1451,1472,1460,1497,1459,1520,1458,1322,1302,1352,1286,1384,1291,1408,1321,1378,1318,1347,1312,1529,1342,1558,1320,1588,1323,1608,1348,1586,1351,1556,1347,1359,1523,1402,1502,1444,1494,1469,1503,1495,1501,1521,1517,1539,1545,1512,1554,1484,1558,1457,1557,1430,1551,1393,1539,1374,1522,1439,1518,1466,1524,1491,1525,1527,1540,1488,1532,1462,1530,1436,1525
871,h,1,1,1228,1178,1673,1624,29.033333333333335,1196,1331,1192,1393,1192,1456,1199,1517,1222,1572,1265,1613,1321,1639,1377,1659,1438,1670,1494,1668,1541,1648,1583,1619,1613,1578,1634,1533,1650,1486,1659,1437,1662,1390,1282,1269,1321,1243,1368,1238,1416,1246,1460,1263,1520,1277,1560,1276,1600,1281,1634,1296,1651,1328,1486,1314,1486,1342,1487,1370,1488,1401,1420,1445,1446,1452,1473,1461,1498,1460,1521,1459,1324,1303,1354,1288,1385,1293,1409,1322,1380,1318,1349,1313,1530,1343,1559,1321,1588,1325,1608,1349,1586,1351,1557,1348,1359,1525,1403,1503,1444,1495,1468,1504,1494,1502,1520,1517,1539,1547,1512,1555,1484,1560,1458,1559,1432,1553,1394,1540,1373,1523,1440,1520,1465,1525,1490,1526,1527,1541,1488,1533,1462,1532,1437,1527
872,h,1,1,1228,1178,1673,1624,29.066666666666666,1193,1335,1190,1397,1190,1459,1197,1519,1220,1573,1264,1614,1321,1639,1377,1658,1438,1669,1494,1667,1541,1648,1584,1620,1613,1578,1632,1532,1647,1485,1657,1437,1661,1389,1280,1271,1318,1245,1365,1239,1415,1246,1460,1263,1518,1276,1558,1275,1599,1280,1634,1296,1650,1330,1485,1312,1485,1341,1486,1369,1487,1400,1419,1446,1445,1453,1473,1461,1497,1461,1520,1459,1322,1303,1352,1288,1383,1292,1408,1321,1378,1318,1347,1313,1528,1341,1558,1319,1587,1324,1608,1347,1585,1350,1555,1346,1361,1526,1403,1504,1444,1495,1468,1505,1494,1502,1521,1518,1541,1547,1513,1556,1485,1562,1458,1561,1432,1555,1396,1541,1376,1524,1440,1520,1466,1526,1490,1526,1528,1542,1488,1533,1463,1533,1437,1528
873,h,1,1,1228,1178,1673,1624,29.1,1193,1330,1189,1393,1190,1455,1197,1515,1219,1571,1263,1613,1318,1640,1376,1661,1436,1674,1491,1671,1539,1651,1581,1621,1611,1580,1631,1535,1647,1487,1656,1438,1659,1389,1280,1273,1318,1245,1366,1239,1415,1247,1459,1263,1520,1277,1560,1276,1600,1281,1634,1297,1650,1329,1486,1315,1487,1343,1488,1371,1489,1401,1419,1445,1446,1452,1473,1461,1498,1461,1521,1459,1325,1304,1354,1288,1385,1293,1409,1322,1380,1318,1349,1313,1529,1343,1558,1321,1587,1325,1607,1349,1585,1351,1556,1348,1361,1525,1403,1503,1445,1495,1469,1505,1495,1502,1523,1519,1541,1549,1514,1560,1485,1566,1457,1565,1431,1559,1394,1544,1376,1524,1440,1521,1466,1526,1492,1527,1528,1544,1489,1537,1462,1536,1437,1532
874,h,1,1,1228,1178,1673,1624,29.133333333333333,1193,1330,1189,1393,1190,1455,1197,1515,1219,1571,1263,1613,1318,1640,1376,1661,1436,1674,1491,1671,1539,1651,1581,1621,1611,1580,1631,1535,1647,1487,1656,1438,1659,1389,1280,1273,1318,1245,1366,1239,1415,1247,1459,1263,1520,1277,1560,1276,1600,1281,1634,1297,1650,1329,1486,1315,1487,1343,1488,1371,1489,1401,1419,1445,1446,1452,1473,1461,1498,1461,1521,1459,1325,1304,1354,1288,1385,1293,1409,1322,1380,1318,1349,1313,1529,1343,1558,1321,1587,1325,1607,1349,1585,1351,1556,1348,1361,1525,1403,1503,1445,1495,1469,1505,1495,1502,1523,1519,1541,1549,1514,1560,1485,1566,1457,1565,1431,1559,1394,1544,1376,1524,1440,1521,1466,1526,1492,1527,1528,1544,1489,1537,1462,1536,1437,1532
875,h,1,1,1228,1178,1673,1624,29.166666666666668,1191,1336,1188,1399,1188,1462,1196,1522,1220,1577,1264,1617,1321,1643,1376,1663,1436,1674,1490,1672,1537,1653,1579,1623,1608,1583,1630,1537,1647,1489,1656,1441,1659,1392,1279,1275,1317,1246,1365,1239,1415,1247,1461,1264,1518,1278,1559,1277,1599,1282,1634,1298,1650,1331,1486,1316,1486,1344,1486,1370,1487,1400,1418,1446,1445,1453,1473,1461,1498,1461,1522,1460,1324,1304,1354,1288,1385,1292,1410,1323,1380,1319,1349,1314,1529,1344,1558,1321,1588,1325,1608,1350,1586,1352,1556,1348,1362,1527,1404,1503,1446,1495,1470,1504,1496,1502,1524,1518,1541,1550,1514,1561,1485,1567,1457,1566,1431,1560,1394,1546,1376,1526,1442,1519,1467,1525,1492,1526,1529,1545,1489,1541,1463,1539,1437,1535
876,h,1,1,1228,1178,1673,1624,29.2,1187,1334,1183,1396,1184,1459,1192,1520,1216,1576,1260,1617,1317,1643,1375,1664,1435,1676,1490,1674,1538,1655,1579,1624,1610,1582,1631,1535,1647,1486,1656,1436,1658,1387,1281,1269,1320,1244,1367,1239,1416,1247,1460,1265,1517,1279,1557,1277,1597,1281,1632,1296,1650,1327,1485,1318,1485,1345,1486,1372,1487,1401,1417,1447,1444,1454,1472,1463,1498,1462,1521,1461,1322,1305,1353,1289,1384,1293,1408,1323,1379,1320,1348,1314,1529,1343,1557,1322,1587,1326,1607,1350,1585,1352,1556,1348,1359,1531,1401,1505,1443,1495,1468,1504,1494,1502,1522,1520,1539,1553,1513,1565,1485,1571,1457,1570,1430,1564,1394,1549,1374,1530,1439,1521,1465,1526,1490,1527,1527,1548,1488,1544,1462,1542,1436,1537
877,h,1,1,1228,1178,1673,1624,29.233333333333334,1192,1334,1189,1396,1190,1459,1198,1519,1222,1574,1265,1615,1320,1643,1377,1663,1438,1675,1493,1672,1542,1651,1584,1620,1613,1578,1633,1531,1648,1484,1656,1435,1658,1388,1280,1273,1318,1246,1366,1239,1415,1246,1460,1263,1519,1276,1559,1276,1599,1281,1634,1296,1651,1329,1485,1315,1486,1344,1487,1371,1488,1402,1419,1447,1446,1453,1473,1461,1498,1461,1522,1460,1323,1303,1353,1287,1385,1292,1408,1322,1379,1318,1348,1312,1529,1342,1558,1320,1588,1324,1608,1348,1585,1350,1556,1347,1361,1528,1403,1504,1445,1495,1470,1504,1496,1502,1524,1519,1541,1551,1515,1563,1486,1570,1458,1568,1431,1562,1394,1547,1376,1527,1441,1520,1466,1525,1492,1527,1529,1546,1490,1541,1463,1540,1437,1535
878,h,1,1,1228,1178,1673,1624,29.266666666666666,1192,1334,1189,1396,1190,1459,1198,1519,1222,1574,1265,1615,1320,1643,1377,1663,1438,1675,1493,1672,1542,1651,1584,1620,1613,1578,1633,1531,1648,1484,1656,1435,1658,1388,1280,1273,1318,1246,1366,1239,1415,1246,1460,1263,1519,1276,1559,1276,1599,1281,1634,1296,1651,1329,1485,1315,1486,1344,1487,1371,1488,1402,1419,1447,1446,1453,1473,1461,1498,1461,1522,1460,1323,1303,1353,1287,1385,1292,1408,1322,1379,1318,1348,1312,1529,1342,1558,1320,1588,1324,1608,1348,1585,1350,1556,1347,1361,1528,1403,1504,1445,1495,1470,1504,1496,1502,1524,1519,1541,1551,1515,1563,1486,1570,1458,1568,1431,1562,1394,1547,1376,1527,1441,1520,1466,1525,1492,1527,1529,1546,1490,1541,1463,1540,1437,1535
879,h,1,1,1228,1178,1673,1624,29.3,1190,1336,1186,1399,1188,1462,1196,1522,1219,1577,1262,1618,1318,1645,1375,1666,1436,1678,1492,1677,1540,1656,1582,1624,1611,1582,1631,1535,1648,1487,1656,1438,1658,1390,1281,1271,1320,1245,1367,1238,1416,1246,1461,1264,1517,1278,1558,1276,1598,1281,1633,1297,1650,1329,1485,1316,1485,1344,1487,1372,1488,1403,1418,1447,1446,1454,1473,1463,1499,1463,1522,1461,1323,1304,1353,1287,1384,1292,1408,1323,1379,1319,1347,1313,1529,1343,1558,1320,1587,1325,1607,1349,1585,1351,1556,1347,1361,1529,1403,1504,1445,1495,1470,1504,1496,1502,1524,1520,1542,1553,1516,1563,1486,1570,1458,1568,1431,1562,1394,1548,1375,1529,1441,1521,1467,1526,1492,1528,1530,1548,1490,1542,1463,1540,1437,1535
880,h,1,1,1228,1178,1673,1624,29.333333333333332,1194,1335,1192,1397,1195,1458,1203,1517,1225,1572,1266,1613,1320,1641,1375,1662,1435,1674,1490,1674,1538,1655,1580,1624,1610,1582,1631,1535,1647,1488,1657,1439,1660,1390,1280,1272,1319,1245,1366,1239,1415,1246,1461,1263,1518,1277,1559,1275,1599,1282,1634,1297,1652,1330,1484,1313,1484,1342,1485,1370,1486,1401,1419,1445,1445,1452,1473,1460,1498,1460,1522,1459,1323,1304,1352,1288,1384,1292,1408,1322,1378,1318,1347,1313,1531,1343,1559,1321,1588,1325,1609,1349,1586,1351,1557,1347,1362,1528,1404,1504,1445,1495,1470,1505,1496,1503,1525,1520,1544,1553,1516,1564,1486,1569,1458,1568,1431,1561,1395,1547,1377,1527,1441,1520,1467,1526,1492,1527,1531,1547,1490,1541,1463,1539,1438,1534
881,h,1,1,1228,1178,1673,1624,29.366666666666667,1193,1331,1190,1394,1193,1456,1201,1516,1223,1571,1265,1613,1319,1641,1375,1662,1434,1673,1489,1672,1536,1654,1577,1625,1608,1584,1629,1538,1645,1489,1655,1440,1658,1390,1281,1272,1319,1245,1367,1239,1416,1247,1460,1263,1519,1276,1559,1276,1599,1282,1633,1298,1649,1331,1485,1314,1486,1343,1487,1370,1488,1401,1418,1445,1446,1452,1473,1460,1499,1460,1522,1459,1323,1304,1353,1288,1384,1293,1408,1321,1379,1318,1348,1313,1530,1342,1559,1321,1588,1325,1608,1349,1586,1351,1557,1347,1360,1528,1403,1503,1444,1494,1469,1503,1495,1502,1521,1519,1538,1551,1513,1562,1485,1568,1457,1567,1431,1561,1394,1548,1375,1527,1440,1520,1466,1525,1491,1526,1525,1546,1489,1539,1462,1537,1437,1533
882,h,1,1,1228,1178,1673,1624,29.4,1193,1331,1190,1394,1193,1456,1201,1516,1223,1571,1265,1613,1319,1641,1375,1662,1434,1673,1489,1672,1536,1654,1577,1625,1608,1584,1629,1538,1645,1489,1655,1440,1658,1390,1281,1272,1319,1245,1367,1239,1416,1247,1460,1263,1519,1276,1559,1276,1599,1282,1633,1298,1649,1331,1485,1314,1486,1343,1487,1370,1488,1401,1418,1445,1446,1452,1473,1460,1499,1460,1522,1459,1323,1304,1353,1288,1384,1293,1408,1321,1379,1318,1348,1313,1530,1342,1559,1321,1588,1325,1608,1349,1586,1351,1557,1347,1360,1528,1403,1503,1444,1494,1469,1503,1495,1502,1521,1519,1538,1551,1513,1562,1485,1568,1457,1567,1431,1561,1394,1548,1375,1527,1440,1520,1466,1525,1491,1526,1525,1546,1489,1539,1462,1537,1437,1533
883,h,1,1,1228,1178,1673,1624,29.433333333333334,1190,1334,1186,1397,1187,1460,1195,1521,1219,1576,1264,1617,1321,1643,1379,1663,1439,1673,1493,1672,1540,1654,1582,1624,1612,1583,1633,1536,1649,1488,1658,1438,1661,1389,1279,1273,1317,1245,1365,1239,1415,1247,1460,1263,1519,1277,1559,1277,1599,1283,1633,1299,1649,1332,1486,1314,1486,1343,1487,1370,1488,1401,1419,1445,1447,1452,1474,1460,1499,1460,1522,1459,1323,1302,1354,1286,1385,1291,1408,1321,1380,1317,1349,1312,1531,1342,1559,1320,1589,1325,1609,1350,1587,1351,1558,1347,1362,1528,1405,1503,1447,1494,1471,1503,1497,1501,1524,1519,1542,1551,1516,1561,1488,1566,1460,1565,1434,1559,1397,1545,1377,1526,1443,1519,1468,1524,1494,1526,1529,1545,1491,1538,1465,1537,1440,1532
884,h,1,1,1228,1178,1673,1624,29.466666666666665,1193,1334,1189,1396,1190,1458,1198,1518,1221,1573,1265,1614,1321,1640,1378,1661,1438,1673,1494,1671,1541,1652,1582,1623,1612,1581,1632,1534,1648,1486,1657,1436,1660,1387,1278,1270,1316,1244,1364,1238,1413,1246,1457,1263,1518,1277,1558,1275,1598,1281,1633,1297,1650,1329,1484,1313,1485,1342,1486,1370,1488,1400,1419,1445,1446,1452,1473,1460,1498,1459,1522,1459,1321,1303,1351,1287,1383,1292,1407,1322,1378,1317,1346,1312,1530,1342,1559,1321,1589,1325,1609,1349,1587,1350,1557,1347,1361,1528,1403,1503,1445,1493,1470,1503,1496,1501,1524,1519,1543,1551,1516,1561,1487,1567,1459,1565,1432,1559,1395,1546,1376,1526,1441,1520,1467,1525,1493,1526,1530,1546,1491,1538,1464,1536,1438,1531
885,h,1,1,1228,1178,1673,1624,29.5,1193,1334,1189,1396,1190,1458,1198,1518,1221,1573,1265,1614,1321,1640,1378,1661,1438,1673,1494,1671,1541,1652,1582,1623,1612,1581,1632,1534,1648,1486,1657,1436,1660,1387,1278,1270,1316,1244,1364,1238,1413,1246,1457,1263,1518,1277,1558,1275,1598,1281,1633,1297,1650,1329,1484,1313,1485,1342,1486,1370,1488,1400,1419,1445,1446,1452,1473,1460,1498,1459,1522,1459,1321,1303,1351,1287,1383,1292,1407,1322,1378,1317,1346,1312,1530,1342,1559,1321,1589,1325,1609,1349,1587,1350,1557,1347,1361,1528,1403,1503,1445,1493,1470,1503,1496,1501,1524,1519,1543,1551,1516,1561,1487,1567,1459,1565,1432,1559,1395,1546,1376,1526,1441,1520,1467,1525,1493,1526,1530,1546,1491,1538,1464,1536,1438,1531
886,h,1,1,1228,1178,1673,1624,29.533333333333335,1192,1338,1190,1400,1193,1461,1201,1521,1224,1575,1268,1616,1324,1643,1381,1663,1441,1674,1495,1673,1541,1653,1581,1623,1611,1582,1632,1536,1648,1487,1656,1437,1659,1388,1279,1274,1317,1245,1365,1239,1413,1247,1458,1264,1517,1277,1557,1276,1597,1282,1632,1299,1646,1334,1485,1313,1486,1343,1488,1370,1490,1401,1419,1445,1447,1452,1475,1460,1500,1460,1522,1459,1323,1304,1352,1288,1384,1293,1407,1322,1379,1318,1348,1312,1529,1343,1558,1321,1587,1326,1607,1350,1585,1351,1556,1348,1360,1528,1403,1502,1445,1493,1470,1502,1497,1500,1524,1518,1542,1552,1515,1561,1487,1567,1459,1566,1432,1560,1395,1547,1374,1527,1441,1518,1467,1523,1493,1525,1529,1546,1491,1540,1464,1539,1438,1534
887,h,1,1,1228,1178,1673,1624,29.566666666666666,1194,1334,1193,1395,1196,1457,1205,1516,1227,1570,1269,1611,1324,1639,1380,1659,1439,1671,1492,1670,1539,1651,1581,1622,1610,1582,1632,1536,1648,1488,1658,1438,1661,1388,1278,1273,1316,1245,1364,1238,1414,1246,1459,1263,1518,1277,1559,1276,1600,1281,1635,1297,1652,1330,1485,1313,1485,1342,1486,1370,1488,1400,1419,1444,1446,1451,1473,1460,1498,1459,1522,1459,1323,1303,1353,1287,1385,1292,1409,1322,1379,1318,1348,1313,1530,1343,1559,1321,1589,1325,1609,1350,1587,1352,1557,1348,1363,1526,1405,1502,1445,1493,1470,1502,1498,1501,1526,1519,1544,1552,1517,1562,1488,1567,1459,1566,1432,1559,1396,1546,1378,1525,1442,1517,1467,1523,1494,1524,1531,1546,1492,1540,1464,1539,1438,1534
888,h,1,1,1228,1178,1673,1624,29.6,1194,1336,1191,1398,1193,1460,1200,1520,1224,1575,1267,1615,1323,1641,1379,1662,1439,1673,1493,1671,1539,1651,1581,1622,1612,1581,1634,1535,1650,1486,1658,1436,1660,1388,1280,1271,1318,1245,1365,1239,1414,1247,1458,1263,1517,1277,1558,1276,1598,1281,1632,1297,1649,1329,1484,1313,1484,1342,1485,1370,1486,1400,1418,1445,1445,1453,1472,1461,1497,1460,1521,1459,1322,1304,1352,1287,1384,1293,1408,1322,1379,1319,1347,1313,1530,1343,1559,1321,1589,1325,1608,1350,1586,1352,1557,1348,1363,1528,1404,1502,1445,1494,1469,1503,1495,1501,1523,1518,1541,1551,1515,1562,1486,1567,1459,1566,1432,1560,1396,1547,1377,1526,1441,1519,1466,1524,1492,1525,1529,1545,1490,1539,1463,1538,1438,1533
889,h,1,1,1228,1178,1673,1624,29.633333333333333,1194,1336,1191,1398,1193,1460,1200,1520,1224,1575,1267,1615,1323,1641,1379,1662,1439,1673,1493,1671,1539,1651,1581,1622,1612,1581,1634,1535,1650,1486,1658,1436,1660,1388,1280,1271,1318,1245,1365,1239,1414,1247,1458,1263,1517,1277,1558,1276,1598,1281,1632,1297,1649,1329,1484,1313,1484,1342,1485,1370,1486,1400,1418,1445,1445,1453,1472,1461,1497,1460,1521,1459,1322,1304,1352,1287,1384,1293,1408,1322,1379,1319,1347,1313,1530,1343,1559,1321,1589,1325,1608,1350,1586,1352,1557,1348,1363,1528,1404,1502,1445,1494,1469,1503,1495,1501,1523,1518,1541,1551,1515,1562,1486,1567,1459,1566,1432,1560,1396,1547,1377,1526,1441,1519,1466,1524,1492,1525,1529,1545,1490,1539,1463,1538,1438,1533
890,h,1,1,1228,1178,1673,1624,29.666666666666668,1192,1334,1190,1396,1194,1459,1203,1519,1227,1574,1269,1615,1324,1643,1381,1663,1440,1674,1495,1673,1543,1654,1584,1624,1613,1582,1633,1536,1648,1487,1658,1436,1661,1386,1280,1272,1318,1244,1365,1238,1414,1245,1459,1262,1517,1276,1558,1274,1599,1280,1634,1296,1651,1329,1484,1311,1485,1341,1486,1369,1488,1400,1419,1445,1446,1452,1473,1460,1499,1460,1522,1459,1323,1302,1353,1286,1384,1291,1408,1320,1379,1316,1348,1311,1530,1341,1559,1320,1589,1324,1609,1349,1586,1350,1557,1346,1362,1528,1403,1502,1444,1492,1469,1501,1497,1500,1525,1518,1544,1553,1517,1564,1486,1570,1458,1569,1431,1563,1394,1549,1377,1527,1440,1518,1466,1523,1493,1525,1531,1548,1490,1542,1463,1540,1437,1535
891,h,1,1,1228,1178,1673,1624,29.7,1192,1334,1190,1397,1192,1459,1200,1519,1223,1575,1265,1616,1320,1643,1377,1664,1437,1676,1492,1674,1540,1654,1581,1624,1612,1583,1633,1536,1649,1487,1658,1436,1660,1386,1278,1274,1316,1245,1364,1238,1414,1246,1459,1264,1518,1277,1558,1275,1598,1281,1631,1298,1647,1333,1485,1312,1486,1342,1487,1370,1489,1401,1419,1445,1446,1452,1474,1461,1499,1460,1523,1459,1322,1303,1352,1287,1384,1292,1407,1321,1379,1318,1347,1312,1530,1342,1559,1320,1588,1324,1608,1349,1586,1350,1557,1347,1361,1528,1403,1502,1445,1493,1471,1502,1497,1501,1525,1519,1543,1553,1516,1564,1487,1571,1458,1569,1431,1563,1394,1549,1376,1527,1441,1519,1467,1524,1494,1526,1530,1547,1491,1542,1464,1541,1437,1536
892,h,1,1,1228,1178,1673,1624,29.733333333333334,1194,1332,1191,1395,1193,1457,1201,1516,1225,1571,1268,1613,1324,1640,1380,1661,1439,1673,1492,1671,1538,1651,1580,1621,1610,1580,1631,1534,1647,1486,1656,1436,1658,1387,1280,1272,1319,1244,1368,1238,1417,1246,1461,1264,1517,1277,1558,1275,1598,1281,1633,1298,1650,1332,1485,1312,1486,1341,1487,1369,1489,1400,1419,1444,1447,1451,1474,1459,1499,1459,1523,1458,1324,1302,1353,1286,1384,1291,1408,1321,1379,1317,1348,1311,1530,1341,1559,1320,1588,1325,1608,1349,1586,1350,1557,1346,1363,1528,1404,1502,1446,1492,1471,1502,1498,1500,1525,1519,1543,1553,1517,1564,1488,1570,1460,1568,1433,1562,1396,1548,1378,1526,1442,1518,1468,1524,1494,1525,1530,1547,1492,1541,1465,1539,1439,1534
893,h,1,1,1228,1178,1673,1624,29.766666666666666,1194,1332,1191,1395,1193,1457,1201,1516,1225,1571,1268,1613,1324,1640,1380,1661,1439,1673,1492,1671,1538,1651,1580,1621,1610,1580,1631,1534,1647,1486,1656,1436,1658,1387,1280,1272,1319,1244,1368,1238,1417,1246,1461,1264,1517,1277,1558,1275,1598,1281,1633,1298,1650,1332,1485,1312,1486,1341,1487,1369,1489,1400,1419,1444,1447,1451,1474,1459,1499,1459,1523,1458,1324,1302,1353,1286,1384,1291,1408,1321,1379,1317,1348,1311,1530,1341,1559,1320,1588,1325,1608,1349,1586,1350,1557,1346,1363,1528,1404,1502,1446,1492,1471,1502,1498,1500,1525,1519,1543,1553,1517,1564,1488,1570,1460,1568,1433,1562,1396,1548,1378,1526,1442,1518,1468,1524,1494,1525,1530,1547,1492,1541,1465,1539,1439,1534
894,h,1,1,1228,1178,1673,1624,29.8,1191,1339,1189,1401,1190,1464,1198,1523,1221,1577,1265,1618,1320,1644,1377,1664,1436,1675,1491,1674,1537,1655,1578,1627,1607,1587,1629,1542,1645,1493,1654,1444,1657,1396,1282,1271,1320,1244,1368,1237,1416,1245,1460,1263,1519,1276,1558,1275,1598,1282,1631,1300,1644,1335,1485,1313,1486,1342,1487,1369,1488,1400,1418,1444,1446,1452,1474,1460,1499,1460,1523,1459,1324,1302,1354,1286,1385,1291,1408,1321,1380,1317,1349,1311,1529,1342,1558,1320,1587,1325,1607,1350,1585,1351,1556,1347,1362,1528,1404,1502,1445,1493,1470,1502,1496,1501,1524,1519,1541,1553,1516,1564,1486,1570,1458,1569,1431,1562,1395,1548,1377,1527,1441,1519,1467,1524,1493,1526,1529,1547,1490,1541,1463,1539,1437,1535
895,h,1,1,1228,1178,1673,1624,29.833333333333332,1192,1335,1191,1397,1194,1460,1203,1518,1225,1573,1268,1613,1323,1641,1379,1661,1437,1672,1491,1671,1537,1653,1578,1623,1607,1583,1629,1537,1645,1489,1654,1439,1657,1389,1281,1271,1319,1244,1367,1239,1415,1246,1459,1264,1517,1277,1558,1275,1597,1281,1631,1297,1647,1330,1485,1314,1486,1343,1487,1370,1489,1401,1418,1445,1446,1452,1474,1461,1499,1460,1523,1459,1323,1303,1353,1287,1385,1292,1408,1322,1380,1318,1348,1313,1529,1342,1558,1321,1588,1325,1608,1350,1586,1352,1556,1348,1363,1527,1404,1502,1446,1493,1471,1503,1497,1501,1525,1519,1542,1553,1516,1565,1486,1571,1458,1570,1431,1564,1394,1549,1378,1526,1442,1519,1467,1524,1493,1526,1529,1548,1490,1542,1463,1540,1437,1535
896,h,1,1,1228,1178,1673,1624,29.866666666666667,1193,1335,1191,1399,1194,1462,1204,1521,1228,1575,1271,1615,1326,1642,1381,1663,1439,1674,1492,1673,1539,1653,1580,1623,1609,1583,1631,1537,1647,1488,1656,1439,1659,1389,1281,1273,1319,1245,1367,1239,1416,1247,1460,1264,1518,1278,1558,1277,1597,1282,1631,1299,1646,1333,1485,1313,1486,1342,1487,1370,1489,1401,1419,1444,1447,1452,1475,1460,1500,1459,1524,1457,1324,1303,1354,1286,1385,1291,1409,1321,1380,1317,1349,1312,1529,1341,1558,1320,1587,1324,1607,1348,1585,1350,1556,1346,1363,1529,1405,1502,1446,1493,1471,1502,1497,1500,1525,1518,1542,1553,1516,1564,1487,1570,1459,1568,1433,1562,1396,1548,1378,1527,1442,1519,1467,1524,1494,1525,1530,1547,1491,1542,1464,1540,1438,1535
897,h,1,1,1228,1178,1673,1624,29.9,1193,1335,1191,1399,1194,1462,1204,1521,1228,1575,1271,1615,1326,1642,1381,1663,1439,1674,1492,1673,1539,1653,1580,1623,1609,1583,1631,1537,1647,1488,1656,1439,1659,1389,1281,1273,1319,1245,1367,1239,1416,1247,1460,1264,1518,1278,1558,1277,1597,1282,1631,1299,1646,1333,1485,1313,1486,1342,1487,1370,1489,1401,1419,1444,1447,1452,1475,1460,1500,1459,1524,1457,1324,1303,1354,1286,1385,1291,1409,1321,1380,1317,1349,1312,1529,1341,1558,1320,1587,1324,1607,1348,1585,1350,1556,1346,1363,1529,1405,1502,1446,1493,1471,1502,1497,1500,1525,1518,1542,1553,1516,1564,1487,1570,1459,1568,1433,1562,1396,1548,1378,1527,1442,1519,1467,1524,1494,1525,1530,1547,1491,1542,1464,1540,1438,1535
898,h,1,1,1228,1178,1673,1624,29.933333333333334,1193,1333,1191,1396,1194,1460,1203,1519,1227,1574,1271,1614,1326,1641,1381,1663,1440,1675,1493,1673,1539,1653,1580,1623,1610,1581,1631,1534,1647,1486,1656,1436,1657,1386,1278,1274,1317,1246,1366,1239,1415,1247,1460,1264,1518,1278,1559,1277,1598,1282,1633,1297,1649,1331,1485,1312,1486,1341,1487,1369,1489,1399,1420,1444,1448,1451,1475,1459,1501,1458,1525,1457,1322,1303,1352,1287,1384,1292,1408,1321,1379,1318,1347,1312,1530,1342,1559,1320,1588,1325,1608,1349,1586,1350,1557,1347,1363,1528,1405,1502,1447,1494,1472,1503,1499,1502,1527,1519,1544,1553,1518,1565,1489,1570,1460,1569,1433,1563,1396,1549,1378,1526,1443,1519,1469,1525,1495,1527,1532,1547,1493,1542,1466,1540,1439,1536
899,h,1,1,1228,1178,1673,1624,29.966666666666665,1193,1331,1190,1395,1191,1459,1198,1520,1222,1577,1265,1618,1321,1645,1378,1666,1437,1677,1491,1675,1538,1655,1580,1625,1610,1583,1631,1537,1647,1488,1656,1439,1658,1389,1281,1271,1320,1244,1369,1238,1419,1246,1464,1264,1522,1278,1562,1277,1602,1282,1635,1297,1651,1330,1489,1313,1490,1342,1491,1369,1492,1400,1422,1444,1450,1451,1477,1459,1502,1459,1526,1458,1327,1303,1357,1287,1388,1292,1412,1321,1383,1317,1352,1311,1532,1341,1561,1321,1590,1325,1609,1349,1588,1350,1559,1346,1362,1528,1405,1502,1447,1493,1472,1503,1499,1501,1527,1519,1544,1554,1517,1564,1488,1570,1460,1569,1432,1563,1395,1549,1377,1527,1443,1519,1469,1524,1495,1526,1531,1548,1492,1541,1465,1540,1438,1535
900,h,1,1,1228,1178,1673,1624,30.0,1193,1331,1190,1395,1191,1459,1198,1520,1222,1577,1265,1618,1321,1645,1378,1666,1437,1677,1491,1675,1538,1655,1580,1625,1610,1583,1631,1537,1647,1488,1656,1439,1658,1389,1281,1271,1320,1244,1369,1238,1419,1246,1464,1264,1522,1278,1562,1277,1602,1282,1635,1297,1651,1330,1489,1313,1490,1342,1491,1369,1492,1400,1422,1444,1450,1451,1477,1459,1502,1459,1526,1458,1327,1303,1357,1287,1388,1292,1412,1321,1383,1317,1352,1311,1532,1341,1561,1321,1590,1325,1609,1349,1588,1350,1559,1346,1362,1528,1405,1502,1447,1493,1472,1503,1499,1501,1527,1519,1544,1554,1517,1564,1488,1570,1460,1569,1432,1563,1395,1549,1377,1527,1443,1519,1469,1524,1495,1526,1531,1548,1492,1541,1465,1540,1438,1535
901,h,1,1,1228,1178,1673,1624,30.033333333333335,1199,1332,1196,1395,1199,1459,1207,1520,1229,1576,1270,1617,1324,1645,1380,1666,1440,1677,1495,1674,1542,1654,1582,1624,1612,1583,1633,1538,1649,1490,1659,1442,1662,1394,1286,1270,1325,1245,1373,1239,1420,1247,1464,1264,1525,1278,1566,1278,1605,1284,1639,1301,1654,1334,1491,1314,1492,1343,1493,1370,1495,1400,1424,1445,1452,1452,1479,1460,1504,1460,1527,1459,1328,1302,1359,1286,1391,1291,1414,1321,1385,1318,1354,1312,1534,1342,1564,1321,1594,1326,1613,1351,1591,1352,1562,1348,1363,1529,1406,1503,1449,1494,1473,1503,1499,1501,1527,1518,1543,1553,1517,1564,1488,1570,1461,1568,1435,1563,1397,1551,1377,1528,1445,1520,1470,1525,1495,1527,1531,1547,1492,1541,1466,1540,1441,1536
902,h,1,1,1228,1178,1673,1624,30.066666666666666,1194,1336,1193,1399,1197,1461,1206,1521,1229,1577,1270,1618,1326,1645,1383,1666,1443,1678,1498,1675,1544,1655,1582,1625,1610,1584,1631,1539,1647,1492,1658,1445,1662,1397,1287,1270,1326,1244,1374,1238,1422,1247,1466,1264,1527,1278,1568,1277,1608,1284,1641,1301,1655,1335,1492,1315,1493,1343,1494,1370,1496,1400,1425,1445,1453,1452,1480,1461,1506,1461,1529,1459,1329,1303,1360,1286,1392,1291,1415,1322,1387,1318,1355,1312,1536,1343,1566,1322,1596,1326,1615,1352,1593,1353,1564,1349,1366,1528,1408,1502,1450,1493,1475,1502,1502,1501,1530,1519,1546,1554,1521,1565,1491,1572,1463,1570,1436,1564,1399,1550,1380,1528,1446,1520,1472,1524,1498,1526,1533,1548,1495,1542,1468,1540,1442,1536
903,h,1,1,1228,1178,1673,1624,30.1,1193,1336,1190,1399,1191,1463,1199,1524,1223,1579,1267,1620,1324,1647,1381,1667,1442,1679,1497,1677,1543,1658,1582,1628,1611,1588,1632,1543,1649,1495,1658,1447,1662,1400,1287,1271,1327,1244,1375,1238,1424,1247,1468,1265,1528,1280,1568,1278,1607,1284,1640,1300,1655,1332,1495,1316,1495,1344,1497,1371,1499,1401,1428,1445,1455,1453,1483,1461,1508,1461,1531,1460,1332,1303,1362,1286,1394,1291,1418,1322,1389,1318,1357,1312,1537,1343,1566,1322,1596,1326,1614,1352,1593,1353,1564,1348,1369,1529,1410,1502,1453,1493,1477,1502,1504,1501,1532,1518,1547,1555,1523,1565,1493,1572,1465,1570,1438,1564,1402,1550,1383,1529,1449,1520,1474,1524,1500,1527,1535,1549,1497,1542,1470,1540,1445,1536
904,h,1,1,1228,1178,1673,1624,30.133333333333333,1193,1336,1190,1399,1191,1463,1199,1524,1223,1579,1267,1620,1324,1647,1381,1667,1442,1679,1497,1677,1543,1658,1582,1628,1611,1588,1632,1543,1649,1495,1658,1447,1662,1400,1287,1271,1327,1244,1375,1238,1424,1247,1468,1265,1528,1280,1568,1278,1607,1284,1640,1300,1655,1332,1495,1316,1495,1344,1497,1371,1499,1401,1428,1445,1455,1453,1483,1461,1508,1461,1531,1460,1332,1303,1362,1286,1394,1291,1418,1322,1389,1318,1357,1312,1537,1343,1566,1322,1596,1326,1614,1352,1593,1353,1564,1348,1369,1529,1410,1502,1453,1493,1477,1502,1504,1501,1532,1518,1547,1555,1523,1565,1493,1572,1465,1570,1438,1564,1402,1550,1383,1529,1449,1520,1474,1524,1500,1527,1535,1549,1497,1542,1470,1540,1445,1536
905,h,1,1,1176,1117,1711,1652,30.166666666666668,1187,1339,1181,1402,1181,1466,1190,1528,1218,1582,1267,1621,1328,1646,1385,1668,1444,1681,1496,1678,1543,1656,1584,1626,1615,1585,1638,1539,1656,1490,1664,1440,1666,1392,1290,1267,1329,1243,1376,1239,1424,1248,1469,1264,1527,1277,1567,1278,1605,1283,1638,1295,1655,1324,1494,1314,1495,1343,1497,1370,1499,1399,1428,1445,1456,1453,1484,1461,1509,1461,1532,1460,1333,1302,1364,1286,1395,1291,1417,1322,1390,1317,1358,1311,1539,1343,1567,1322,1596,1326,1615,1351,1594,1351,1566,1348,1370,1529,1411,1502,1455,1493,1480,1502,1506,1501,1535,1520,1550,1556,1525,1567,1495,1573,1467,1571,1440,1565,1402,1551,1384,1529,1451,1520,1476,1525,1502,1527,1538,1550,1499,1544,1472,1542,1447,1538
906,h,1,1,1176,1117,1711,1652,30.2,1193,1341,1188,1404,1188,1468,1197,1529,1225,1584,1274,1623,1334,1648,1392,1670,1450,1682,1503,1679,1547,1657,1588,1626,1618,1584,1641,1537,1658,1489,1665,1440,1666,1393,1294,1267,1333,1243,1380,1240,1426,1249,1470,1265,1532,1279,1571,1279,1608,1284,1640,1296,1656,1324,1497,1317,1499,1345,1501,1371,1504,1400,1431,1445,1459,1454,1487,1463,1512,1462,1535,1460,1335,1303,1366,1287,1397,1293,1419,1323,1392,1318,1361,1312,1541,1344,1569,1323,1598,1327,1616,1353,1596,1353,1568,1349,1373,1529,1416,1503,1460,1494,1483,1503,1509,1502,1538,1521,1552,1556,1527,1569,1497,1575,1470,1573,1444,1567,1406,1553,1388,1529,1456,1521,1480,1526,1505,1529,1540,1551,1501,1546,1475,1543,1451,1539
907,h,1,1,1228,1178,1673,1624,30.233333333333334,1197,1336,1192,1400,1193,1464,1200,1525,1226,1580,1271,1620,1329,1645,1385,1666,1444,1678,1497,1675,1541,1655,1582,1626,1612,1586,1634,1542,1651,1494,1661,1447,1665,1399,1292,1270,1332,1244,1380,1239,1428,1247,1473,1264,1532,1279,1573,1278,1612,1286,1646,1303,1660,1336,1498,1318,1499,1346,1501,1373,1503,1402,1432,1447,1459,1454,1486,1462,1511,1462,1534,1460,1337,1303,1367,1287,1399,1292,1422,1323,1393,1320,1362,1313,1541,1345,1570,1324,1599,1328,1617,1354,1596,1355,1568,1351,1372,1529,1414,1504,1457,1494,1482,1503,1508,1501,1535,1520,1550,1556,1525,1568,1496,1574,1468,1573,1441,1567,1405,1553,1386,1529,1453,1519,1478,1524,1504,1526,1538,1551,1501,1545,1474,1543,1448,1539
908,h,1,1,1228,1178,1673,1624,30.266666666666666,1197,1336,1192,1400,1193,1464,1200,1525,1226,1580,1271,1620,1329,1645,1385,1666,1444,1678,1497,1675,1541,1655,1582,1626,1612,1586,1634,1542,1651,1494,1661,1447,1665,1399,1292,1270,1332,1244,1380,1239,1428,1247,1473,1264,1532,1279,1573,1278,1612,1286,1646,1303,1660,1336,1498,1318,1499,1346,1501,1373,1503,1402,1432,1447,1459,1454,1486,1462,1511,1462,1534,1460,1337,1303,1367,1287,1399,1292,1422,1323,1393,1320,1362,1313,1541,1345,1570,1324,1599,1328,1617,1354,1596,1355,1568,1351,1372,1529,1414,1504,1457,1494,1482,1503,1508,1501,1535,1520,1550,1556,1525,1568,1496,1574,1468,1573,1441,1567,1405,1553,1386,1529,1453,1519,1478,1524,1504,1526,1538,1551,1501,1545,1474,1543,1448,1539
909,h,1,1,1176,1117,1711,1652,30.3,1192,1345,1187,1409,1188,1473,1198,1533,1226,1587,1274,1627,1333,1651,1389,1672,1448,1685,1500,1684,1546,1664,1589,1634,1619,1592,1642,1545,1660,1496,1668,1447,1670,1398,1297,1270,1336,1246,1383,1242,1430,1250,1474,1266,1532,1282,1570,1282,1608,1288,1640,1303,1657,1331,1498,1315,1499,1344,1502,1372,1504,1402,1434,1447,1461,1456,1488,1465,1513,1464,1536,1462,1337,1305,1369,1289,1400,1294,1422,1324,1394,1319,1363,1313,1543,1345,1572,1326,1601,1331,1619,1356,1598,1355,1570,1351,1375,1530,1418,1504,1462,1495,1486,1504,1512,1503,1540,1522,1556,1560,1530,1572,1499,1578,1471,1575,1445,1569,1408,1554,1390,1531,1457,1522,1482,1527,1508,1530,1543,1554,1504,1547,1477,1545,1452,1540
910,h,1,1,1176,1117,1711,1652,30.333333333333332,1194,1339,1189,1403,1190,1468,1198,1530,1226,1584,1274,1623,1332,1648,1387,1672,1445,1685,1496,1683,1540,1662,1582,1632,1614,1590,1639,1545,1657,1496,1666,1446,1670,1397,1298,1272,1337,1246,1386,1242,1433,1251,1477,1268,1535,1283,1573,1283,1609,1289,1641,1302,1658,1331,1500,1316,1502,1345,1504,1373,1506,1404,1436,1448,1462,1456,1489,1466,1514,1465,1537,1463,1340,1306,1371,1290,1403,1294,1425,1325,1397,1321,1366,1315,1544,1347,1573,1326,1602,1331,1620,1357,1599,1357,1571,1353,1372,1528,1418,1505,1462,1497,1486,1506,1511,1505,1539,1523,1553,1558,1528,1573,1498,1580,1471,1578,1445,1573,1407,1558,1387,1531,1458,1524,1482,1529,1507,1532,1540,1554,1503,1549,1477,1547,1453,1543
911,h,1,1,1176,1117,1711,1652,30.366666666666667,1195,1345,1190,1408,1190,1472,1198,1533,1227,1587,1275,1625,1334,1650,1391,1674,1449,1688,1499,1686,1544,1663,1585,1633,1616,1592,1639,1547,1656,1498,1664,1449,1666,1401,1300,1274,1340,1250,1388,1244,1435,1253,1479,1269,1536,1285,1573,1285,1609,1291,1640,1307,1655,1336,1502,1318,1504,1346,1507,1374,1510,1404,1438,1450,1465,1458,1493,1467,1518,1467,1541,1465,1342,1307,1372,1291,1404,1296,1425,1325,1398,1321,1367,1315,1546,1347,1574,1327,1602,1332,1619,1356,1599,1356,1571,1352,1374,1531,1420,1507,1465,1498,1489,1507,1516,1506,1544,1524,1557,1561,1532,1574,1503,1580,1475,1578,1448,1572,1409,1558,1389,1532,1461,1526,1485,1530,1512,1533,1545,1556,1508,1550,1481,1548,1456,1544
912,h,1,1,1176,1117,1711,1652,30.4,1195,1345,1190,1408,1190,1472,1198,1533,1227,1587,1275,1625,1334,1650,1391,1674,1449,1688,1499,1686,1544,1663,1585,1633,1616,1592,1639,1547,1656,1498,1664,1449,1666,1401,1300,1274,1340,1250,1388,1244,1435,1253,1479,1269,1536,1285,1573,1285,1609,1291,1640,1307,1655,1336,1502,1318,1504,1346,1507,1374,1510,1404,1438,1450,1465,1458,1493,1467,1518,1467,1541,1465,1342,1307,1372,1291,1404,1296,1425,1325,1398,1321,1367,1315,1546,1347,1574,1327,1602,1332,1619,1356,1599,1356,1571,1352,1374,1531,1420,1507,1465,1498,1489,1507,1516,1506,1544,1524,1557,1561,1532,1574,1503,1580,1475,1578,1448,1572,1409,1558,1389,1532,1461,1526,1485,1530,1512,1533,1545,1556,1508,1550,1481,1548,1456,1544
913,h,1,1,1176,1117,1711,1652,30.433333333333334,1195,1345,1191,1408,1192,1473,1201,1533,1231,1586,1280,1624,1339,1648,1395,1671,1453,1683,1504,1681,1548,1659,1589,1629,1620,1588,1645,1544,1661,1496,1669,1448,1671,1400,1301,1269,1341,1246,1388,1244,1435,1252,1480,1268,1538,1282,1576,1283,1613,1288,1645,1300,1663,1327,1504,1318,1506,1347,1508,1375,1510,1405,1438,1450,1466,1458,1493,1467,1518,1466,1541,1465,1342,1306,1373,1291,1405,1296,1426,1325,1399,1321,1368,1315,1547,1346,1575,1327,1604,1331,1621,1356,1601,1356,1573,1352,1379,1532,1423,1507,1467,1498,1491,1507,1517,1506,1544,1525,1557,1560,1532,1574,1503,1580,1476,1578,1450,1573,1412,1558,1394,1533,1463,1525,1487,1530,1512,1533,1545,1556,1509,1550,1482,1548,1458,1544
914,h,1,1,1236,1117,1771,1652,30.466666666666665,1204,1342,1202,1402,1205,1463,1213,1523,1237,1578,1281,1616,1338,1642,1394,1665,1453,1680,1507,1682,1555,1664,1595,1633,1622,1587,1643,1540,1661,1493,1672,1442,1673,1394,1304,1267,1344,1245,1391,1242,1439,1251,1483,1268,1540,1283,1577,1283,1614,1287,1646,1299,1664,1327,1504,1319,1506,1347,1507,1375,1509,1405,1441,1450,1467,1458,1494,1467,1518,1467,1542,1466,1343,1306,1372,1289,1405,1294,1429,1325,1399,1321,1367,1315,1548,1349,1576,1328,1606,1332,1626,1358,1603,1359,1573,1354,1381,1533,1422,1507,1465,1497,1492,1507,1516,1506,1544,1524,1562,1563,1534,1574,1504,1581,1478,1578,1450,1572,1413,1555,1396,1534,1461,1526,1488,1531,1511,1534,1548,1558,1509,1551,1484,1548,1457,1543
915,h,1,1,1236,1117,1771,1652,30.5,1204,1342,1202,1402,1205,1463,1213,1523,1237,1578,1281,1616,1338,1642,1394,1665,1453,1680,1507,1682,1555,1664,1595,1633,1622,1587,1643,1540,1661,1493,1672,1442,1673,1394,1304,1267,1344,1245,1391,1242,1439,1251,1483,1268,1540,1283,1577,1283,1614,1287,1646,1299,1664,1327,1504,1319,1506,1347,1507,1375,1509,1405,1441,1450,1467,1458,1494,1467,1518,1467,1542,1466,1343,1306,1372,1289,1405,1294,1429,1325,1399,1321,1367,1315,1548,1349,1576,1328,1606,1332,1626,1358,1603,1359,1573,1354,1381,1533,1422,1507,1465,1497,1492,1507,1516,1506,1544,1524,1562,1563,1534,1574,1504,1581,1478,1578,1450,1572,1413,1555,1396,1534,1461,1526,1488,1531,1511,1534,1548,1558,1509,1551,1484,1548,1457,1543
916,h,1,1,1236,1117,1771,1652,30.533333333333335,1194,1344,1189,1407,1189,1471,1198,1534,1226,1590,1274,1628,1336,1651,1396,1672,1456,1686,1510,1687,1556,1667,1596,1635,1625,1590,1646,1543,1664,1493,1674,1442,1675,1393,1301,1269,1340,1246,1388,1242,1437,1251,1482,1268,1541,1284,1578,1284,1617,1289,1650,1303,1668,1334,1506,1319,1508,1348,1510,1375,1512,1405,1442,1451,1468,1458,1496,1468,1520,1468,1543,1466,1343,1306,1373,1289,1405,1293,1430,1325,1399,1321,1368,1314,1549,1349,1578,1327,1608,1332,1628,1358,1604,1359,1575,1354,1382,1535,1424,1508,1468,1498,1494,1507,1518,1506,1545,1525,1561,1564,1535,1576,1506,1582,1480,1580,1451,1573,1414,1558,1396,1535,1463,1526,1491,1531,1514,1534,1548,1558,1511,1552,1486,1550,1458,1545
917,h,1,1,1236,1117,1771,1652,30.566666666666666,1204,1346,1201,1407,1204,1468,1213,1529,1238,1583,1283,1621,1340,1647,1396,1671,1454,1685,1507,1687,1552,1667,1591,1635,1621,1591,1644,1545,1662,1498,1673,1447,1674,1399,1305,1271,1343,1247,1391,1242,1439,1250,1484,1268,1543,1284,1581,1284,1620,1290,1653,1306,1669,1338,1507,1319,1508,1347,1510,1375,1511,1405,1442,1449,1469,1457,1496,1466,1521,1466,1545,1465,1344,1307,1374,1290,1406,1294,1430,1325,1400,1322,1369,1316,1551,1350,1579,1329,1609,1334,1629,1360,1606,1360,1576,1356,1380,1538,1422,1508,1467,1497,1494,1507,1520,1505,1547,1525,1562,1568,1537,1582,1508,1589,1480,1587,1451,1581,1413,1564,1396,1538,1462,1525,1490,1530,1515,1533,1549,1562,1512,1558,1486,1555,1458,1550
918,h,1,1,1236,1117,1771,1652,30.6,1209,1337,1205,1400,1207,1464,1217,1527,1243,1584,1287,1625,1343,1655,1398,1679,1457,1693,1511,1694,1556,1671,1596,1638,1625,1592,1649,1543,1670,1494,1683,1442,1684,1391,1311,1268,1351,1246,1397,1243,1444,1252,1488,1270,1544,1286,1582,1285,1620,1290,1653,1303,1671,1333,1509,1320,1510,1349,1511,1376,1512,1406,1443,1450,1470,1458,1498,1468,1523,1468,1546,1466,1353,1306,1383,1292,1415,1297,1438,1326,1408,1323,1377,1316,1552,1350,1580,1332,1610,1337,1629,1361,1606,1362,1577,1357,1384,1540,1423,1509,1468,1497,1494,1507,1520,1505,1549,1525,1563,1570,1539,1587,1508,1595,1481,1593,1452,1586,1414,1568,1399,1541,1464,1526,1491,1530,1515,1534,1549,1564,1512,1565,1486,1562,1459,1557
919,h,1,1,1236,1117,1771,1652,30.633333333333333,1209,1337,1205,1400,1207,1464,1217,1527,1243,1584,1287,1625,1343,1655,1398,1679,1457,1693,1511,1694,1556,1671,1596,1638,1625,1592,1649,1543,1670,1494,1683,1442,1684,1391,1311,1268,1351,1246,1397,1243,1444,1252,1488,1270,1544,1286,1582,1285,1620,1290,1653,1303,1671,1333,1509,1320,1510,1349,1511,1376,1512,1406,1443,1450,1470,1458,1498,1468,1523,1468,1546,1466,1353,1306,1383,1292,1415,1297,1438,1326,1408,1323,1377,1316,1552,1350,1580,1332,1610,1337,1629,1361,1606,1362,1577,1357,1384,1540,1423,1509,1468,1497,1494,1507,1520,1505,1549,1525,1563,1570,1539,1587,1508,1595,1481,1593,1452,1586,1414,1568,1399,1541,1464,1526,1491,1530,1515,1534,1549,1564,1512,1565,1486,1562,1459,1557
920,h,1,1,1236,1117,1771,1652,30.666666666666668,1213,1336,1209,1400,1211,1464,1221,1528,1247,1585,1291,1627,1348,1658,1403,1683,1463,1697,1517,1697,1562,1673,1600,1639,1629,1591,1652,1542,1671,1492,1682,1439,1683,1389,1313,1266,1353,1245,1400,1241,1446,1251,1490,1269,1544,1284,1582,1284,1620,1290,1652,1305,1668,1335,1510,1320,1511,1349,1512,1376,1514,1406,1444,1450,1471,1459,1499,1469,1525,1469,1548,1467,1354,1308,1383,1294,1416,1298,1439,1326,1409,1324,1378,1318,1552,1352,1581,1334,1611,1340,1630,1364,1607,1365,1578,1360,1385,1540,1425,1509,1468,1498,1496,1508,1522,1506,1551,1526,1564,1570,1541,1589,1510,1597,1482,1595,1452,1588,1415,1569,1401,1541,1464,1527,1492,1532,1517,1535,1550,1565,1514,1565,1488,1563,1459,1557
921,h,1,1,1236,1117,1771,1652,30.7,1213,1336,1210,1399,1212,1462,1221,1525,1245,1582,1288,1625,1342,1654,1396,1680,1456,1694,1511,1695,1557,1672,1596,1637,1625,1590,1647,1541,1667,1493,1680,1441,1682,1391,1311,1268,1349,1245,1396,1240,1443,1250,1488,1269,1547,1286,1585,1286,1622,1292,1656,1306,1671,1339,1510,1319,1511,1348,1513,1376,1514,1407,1446,1451,1472,1459,1499,1468,1523,1468,1547,1467,1353,1306,1382,1292,1414,1297,1437,1326,1407,1322,1377,1315,1555,1351,1583,1334,1612,1340,1631,1364,1608,1364,1579,1358,1386,1539,1426,1509,1470,1500,1498,1509,1523,1508,1551,1527,1565,1569,1539,1585,1509,1593,1482,1591,1452,1585,1415,1566,1402,1539,1466,1527,1494,1532,1518,1535,1551,1563,1514,1563,1488,1561,1460,1555
922,h,1,1,1236,1117,1771,1652,30.733333333333334,1205,1339,1199,1401,1200,1464,1208,1526,1234,1582,1279,1623,1337,1651,1395,1677,1456,1692,1511,1692,1558,1670,1598,1635,1629,1589,1651,1539,1669,1489,1678,1437,1677,1389,1310,1268,1350,1245,1397,1242,1445,1252,1489,1269,1545,1285,1581,1285,1618,1289,1649,1303,1667,1330,1511,1320,1512,1349,1515,1376,1517,1407,1447,1452,1474,1460,1501,1469,1525,1469,1548,1467,1354,1307,1384,1294,1414,1299,1436,1326,1408,1322,1378,1314,1555,1350,1582,1333,1610,1338,1629,1361,1607,1360,1579,1355,1388,1534,1430,1509,1473,1499,1499,1509,1523,1508,1551,1527,1566,1566,1540,1578,1510,1584,1484,1582,1456,1575,1420,1558,1405,1534,1468,1528,1495,1533,1519,1537,1553,1560,1515,1554,1490,1551,1464,1545
923,h,1,1,1236,1117,1771,1652,30.766666666666666,1205,1339,1199,1401,1200,1464,1208,1526,1234,1582,1279,1623,1337,1651,1395,1677,1456,1692,1511,1692,1558,1670,1598,1635,1629,1589,1651,1539,1669,1489,1678,1437,1677,1389,1310,1268,1350,1245,1397,1242,1445,1252,1489,1269,1545,1285,1581,1285,1618,1289,1649,1303,1667,1330,1511,1320,1512,1349,1515,1376,1517,1407,1447,1452,1474,1460,1501,1469,1525,1469,1548,1467,1354,1307,1384,1294,1414,1299,1436,1326,1408,1322,1378,1314,1555,1350,1582,1333,1610,1338,1629,1361,1607,1360,1579,1355,1388,1534,1430,1509,1473,1499,1499,1509,1523,1508,1551,1527,1566,1566,1540,1578,1510,1584,1484,1582,1456,1575,1420,1558,1405,1534,1468,1528,1495,1533,1519,1537,1553,1560,1515,1554,1490,1551,1464,1545
924,h,1,1,1236,1117,1771,1652,30.8,1205,1336,1200,1396,1201,1458,1208,1519,1234,1574,1280,1614,1337,1641,1394,1665,1454,1679,1508,1681,1554,1661,1594,1630,1625,1586,1649,1540,1666,1491,1675,1442,1676,1394,1312,1269,1352,1247,1398,1243,1446,1253,1491,1270,1547,1287,1584,1287,1620,1292,1651,1304,1667,1331,1512,1320,1513,1349,1514,1377,1516,1407,1446,1451,1473,1460,1500,1469,1525,1469,1549,1467,1355,1305,1384,1293,1414,1297,1438,1326,1408,1322,1378,1314,1555,1350,1582,1332,1610,1336,1629,1360,1607,1361,1579,1356,1386,1527,1430,1507,1473,1499,1499,1509,1524,1507,1551,1524,1569,1557,1542,1566,1512,1570,1486,1568,1458,1562,1420,1548,1401,1527,1469,1527,1495,1532,1520,1535,1556,1552,1517,1541,1491,1538,1465,1533
925,h,1,1,1236,1117,1771,1652,30.833333333333332,1215,1333,1210,1395,1213,1456,1222,1517,1245,1571,1288,1612,1343,1640,1399,1664,1458,1678,1513,1679,1561,1658,1602,1626,1632,1582,1652,1534,1668,1487,1678,1438,1678,1390,1310,1270,1349,1246,1397,1241,1444,1251,1489,1269,1548,1285,1587,1285,1625,1290,1658,1306,1674,1339,1511,1319,1512,1348,1513,1376,1515,1407,1448,1451,1473,1459,1500,1468,1524,1468,1546,1467,1355,1305,1384,1290,1415,1295,1438,1326,1409,1322,1378,1315,1555,1350,1583,1330,1612,1335,1631,1361,1609,1361,1580,1356,1387,1527,1430,1507,1473,1499,1499,1508,1524,1507,1551,1523,1569,1555,1542,1562,1513,1566,1487,1564,1459,1558,1422,1544,1403,1527,1468,1525,1495,1530,1519,1533,1556,1549,1517,1537,1492,1535,1465,1529
926,h,1,1,1236,1117,1771,1652,30.866666666666667,1211,1333,1206,1394,1207,1457,1216,1519,1242,1574,1286,1615,1343,1644,1399,1669,1461,1683,1516,1683,1563,1661,1601,1629,1630,1585,1650,1537,1667,1489,1677,1439,1678,1391,1313,1266,1353,1245,1399,1242,1445,1252,1489,1269,1548,1285,1586,1285,1624,1289,1656,1301,1673,1329,1511,1320,1513,1349,1515,1377,1517,1407,1447,1451,1473,1460,1501,1469,1525,1469,1548,1468,1352,1304,1382,1290,1414,1296,1437,1326,1407,1322,1376,1315,1555,1349,1584,1330,1613,1335,1633,1359,1610,1361,1580,1356,1386,1530,1428,1506,1471,1499,1498,1508,1524,1507,1551,1524,1568,1559,1542,1569,1512,1574,1485,1572,1457,1566,1419,1550,1402,1529,1467,1525,1494,1531,1519,1533,1554,1552,1517,1545,1491,1543,1464,1537
927,h,1,1,1236,1117,1771,1652,30.9,1211,1333,1206,1394,1207,1457,1216,1519,1242,1574,1286,1615,1343,1644,1399,1669,1461,1683,1516,1683,1563,1661,1601,1629,1630,1585,1650,1537,1667,1489,1677,1439,1678,1391,1313,1266,1353,1245,1399,1242,1445,1252,1489,1269,1548,1285,1586,1285,1624,1289,1656,1301,1673,1329,1511,1320,1513,1349,1515,1377,1517,1407,1447,1451,1473,1460,1501,1469,1525,1469,1548,1468,1352,1304,1382,1290,1414,1296,1437,1326,1407,1322,1376,1315,1555,1349,1584,1330,1613,1335,1633,1359,1610,1361,1580,1356,1386,1530,1428,1506,1471,1499,1498,1508,1524,1507,1551,1524,1568,1559,1542,1569,1512,1574,1485,1572,1457,1566,1419,1550,1402,1529,1467,1525,1494,1531,1519,1533,1554,1552,1517,1545,1491,1543,1464,1537
928,h,1,1,1236,1117,1771,1652,30.933333333333334,1208,1337,1204,1398,1205,1460,1213,1522,1238,1577,1284,1619,1341,1645,1398,1670,1459,1684,1514,1684,1559,1663,1599,1632,1628,1588,1649,1541,1667,1494,1677,1443,1678,1396,1312,1268,1352,1246,1399,1242,1445,1252,1489,1269,1546,1285,1584,1285,1622,1291,1655,1304,1672,1334,1512,1319,1513,1348,1516,1376,1518,1406,1446,1451,1473,1459,1501,1469,1525,1469,1548,1467,1353,1305,1382,1291,1414,1296,1437,1326,1407,1321,1377,1314,1555,1350,1584,1332,1613,1337,1632,1361,1609,1362,1580,1356,1385,1532,1426,1506,1471,1497,1498,1507,1523,1506,1550,1523,1565,1562,1539,1574,1511,1580,1483,1578,1455,1571,1416,1554,1401,1531,1466,1524,1493,1530,1519,1532,1551,1555,1516,1550,1490,1548,1462,1542
929,h,1,1,1236,1117,1771,1652,30.966666666666665,1211,1335,1208,1398,1209,1460,1218,1521,1243,1576,1287,1618,1342,1646,1398,1670,1457,1684,1510,1685,1556,1664,1597,1633,1627,1588,1648,1540,1665,1492,1676,1442,1679,1392,1309,1271,1347,1246,1395,1242,1443,1252,1488,1270,1547,1285,1585,1286,1624,1291,1658,1307,1673,1341,1511,1319,1512,1348,1514,1377,1516,1407,1446,1451,1472,1459,1499,1468,1524,1468,1548,1467,1351,1305,1380,1291,1412,1296,1436,1326,1405,1322,1375,1315,1556,1350,1584,1331,1613,1336,1633,1362,1610,1362,1581,1357,1388,1532,1427,1507,1471,1498,1498,1508,1523,1506,1550,1524,1566,1563,1540,1576,1511,1583,1484,1581,1455,1573,1418,1556,1404,1531,1466,1524,1494,1529,1518,1532,1553,1556,1515,1554,1490,1551,1462,1545
930,h,1,1,1236,1117,1771,1652,31.0,1211,1335,1208,1398,1209,1460,1218,1521,1243,1576,1287,1618,1342,1646,1398,1670,1457,1684,1510,1685,1556,1664,1597,1633,1627,1588,1648,1540,1665,1492,1676,1442,1679,1392,1309,1271,1347,1246,1395,1242,1443,1252,1488,1270,1547,1285,1585,1286,1624,1291,1658,1307,1673,1341,1511,1319,1512,1348,1514,1377,1516,1407,1446,1451,1472,1459,1499,1468,1524,1468,1548,1467,1351,1305,1380,1291,1412,1296,1436,1326,1405,1322,1375,1315,1556,1350,1584,1331,1613,1336,1633,1362,1610,1362,1581,1357,1388,1532,1427,1507,1471,1498,1498,1508,1523,1506,1550,1524,1566,1563,1540,1576,1511,1583,1484,1581,1455,1573,1418,1556,1404,1531,1466,1524,1494,1529,1518,1532,1553,1556,1515,1554,1490,1551,1462,1545
931,h,1,1,1236,1117,1771,1652,31.033333333333335,1205,1337,1202,1399,1205,1462,1214,1523,1240,1579,1284,1621,1341,1649,1396,1675,1456,1690,1510,1692,1556,1671,1594,1638,1624,1592,1646,1543,1665,1493,1677,1440,1678,1391,1307,1269,1346,1246,1394,1243,1441,1253,1486,1271,1543,1287,1581,1285,1619,1290,1653,1303,1672,1334,1508,1320,1510,1348,1512,1376,1515,1407,1444,1451,1471,1459,1498,1469,1522,1469,1545,1468,1348,1306,1377,1290,1409,1294,1433,1325,1403,1322,1372,1315,1552,1348,1580,1328,1610,1333,1630,1359,1607,1360,1577,1355,1382,1535,1423,1507,1468,1498,1495,1507,1519,1506,1548,1526,1564,1567,1538,1581,1507,1585,1480,1582,1451,1575,1413,1559,1398,1535,1463,1524,1490,1529,1515,1533,1551,1561,1512,1555,1486,1552,1459,1547
932,h,1,1,1236,1117,1771,1652,31.066666666666666,1210,1336,1207,1398,1209,1461,1218,1523,1244,1579,1288,1621,1343,1648,1398,1671,1456,1684,1509,1687,1555,1668,1594,1637,1624,1593,1647,1547,1667,1499,1679,1447,1683,1397,1310,1265,1350,1245,1397,1243,1443,1254,1487,1272,1545,1287,1582,1286,1620,1291,1654,1305,1672,1333,1509,1320,1510,1349,1512,1376,1514,1406,1446,1451,1471,1459,1498,1468,1522,1468,1545,1467,1349,1306,1377,1290,1409,1295,1434,1325,1403,1322,1372,1315,1553,1349,1580,1329,1610,1334,1630,1360,1607,1360,1577,1355,1385,1534,1425,1507,1469,1498,1495,1507,1519,1506,1548,1526,1565,1568,1538,1580,1506,1585,1480,1582,1452,1576,1415,1559,1400,1534,1464,1525,1491,1530,1514,1534,1552,1561,1511,1554,1486,1551,1460,1546
933,h,1,1,1236,1117,1771,1652,31.1,1212,1328,1209,1392,1212,1456,1220,1519,1245,1575,1288,1618,1342,1647,1396,1671,1455,1684,1508,1686,1553,1666,1593,1635,1624,1591,1649,1545,1669,1496,1681,1443,1684,1393,1312,1265,1351,1245,1397,1242,1443,1252,1486,1270,1547,1286,1584,1285,1621,1290,1654,1302,1672,1331,1508,1320,1509,1349,1511,1377,1513,1407,1446,1451,1471,1459,1498,1468,1522,1468,1545,1467,1352,1305,1380,1290,1412,1295,1435,1325,1405,1322,1375,1315,1554,1349,1580,1328,1610,1333,1630,1359,1607,1360,1578,1355,1385,1533,1424,1506,1468,1498,1495,1507,1519,1505,1548,1524,1564,1565,1538,1580,1506,1587,1480,1584,1451,1577,1414,1561,1400,1534,1463,1524,1491,1529,1515,1532,1551,1559,1511,1556,1486,1553,1458,1548
934,h,1,1,1236,1117,1771,1652,31.133333333333333,1212,1328,1209,1392,1212,1456,1220,1519,1245,1575,1288,1618,1342,1647,1396,1671,1455,1684,1508,1686,1553,1666,1593,1635,1624,1591,1649,1545,1669,1496,1681,1443,1684,1393,1312,1265,1351,1245,1397,1242,1443,1252,1486,1270,1547,1286,1584,1285,1621,1290,1654,1302,1672,1331,1508,1320,1509,1349,1511,1377,1513,1407,1446,1451,1471,1459,1498,1468,1522,1468,1545,1467,1352,1305,1380,1290,1412,1295,1435,1325,1405,1322,1375,1315,1554,1349,1580,1328,1610,1333,1630,1359,1607,1360,1578,1355,1385,1533,1424,1506,1468,1498,1495,1507,1519,1505,1548,1524,1564,1565,1538,1580,1506,1587,1480,1584,1451,1577,1414,1561,1400,1534,1463,1524,1491,1529,1515,1532,1551,1559,1511,1556,1486,1553,1458,1548
935,h,1,1,1236,1117,1771,1652,31.166666666666668,1211,1333,1207,1396,1209,1460,1218,1522,1244,1577,1287,1619,1342,1647,1396,1670,1454,1684,1507,1686,1553,1666,1593,1635,1624,1593,1649,1547,1670,1499,1682,1446,1684,1396,1309,1265,1349,1244,1395,1242,1441,1252,1485,1270,1546,1286,1584,1285,1621,1289,1654,1301,1674,1329,1508,1321,1509,1350,1511,1377,1513,1407,1445,1451,1471,1459,1497,1468,1521,1469,1544,1468,1350,1305,1379,1289,1411,1294,1435,1325,1404,1322,1374,1315,1553,1349,1580,1328,1610,1332,1630,1359,1607,1360,1577,1355,1383,1532,1423,1506,1467,1497,1493,1506,1517,1505,1546,1524,1563,1564,1536,1581,1504,1588,1478,1586,1450,1579,1413,1562,1398,1534,1463,1524,1489,1529,1512,1532,1549,1559,1509,1558,1484,1555,1458,1550
936,h,1,1,1236,1117,1771,1652,31.2,1206,1341,1203,1404,1206,1467,1216,1528,1243,1583,1288,1622,1345,1649,1400,1674,1457,1688,1510,1689,1555,1668,1593,1635,1622,1590,1645,1543,1664,1495,1676,1444,1678,1394,1306,1267,1347,1246,1394,1243,1442,1253,1486,1270,1545,1286,1583,1285,1620,1290,1653,1303,1670,1334,1508,1321,1510,1350,1512,1378,1514,1408,1444,1451,1471,1459,1498,1469,1522,1469,1546,1468,1345,1307,1375,1291,1407,1295,1432,1326,1401,1322,1370,1316,1552,1350,1580,1329,1610,1334,1630,1360,1607,1361,1577,1356,1381,1536,1422,1508,1467,1498,1494,1508,1519,1507,1548,1526,1562,1568,1538,1586,1507,1593,1480,1591,1450,1584,1412,1565,1397,1538,1462,1526,1490,1531,1514,1534,1549,1563,1512,1562,1486,1559,1458,1554
937,h,1,1,1236,1117,1771,1652,31.233333333333334,1202,1338,1199,1402,1202,1467,1212,1529,1240,1585,1286,1626,1344,1655,1400,1680,1460,1695,1513,1695,1558,1672,1598,1638,1626,1593,1647,1546,1666,1499,1678,1448,1679,1399,1307,1267,1348,1245,1396,1242,1443,1252,1487,1271,1546,1287,1583,1285,1622,1291,1654,1306,1669,1339,1507,1319,1508,1349,1510,1377,1511,1408,1443,1453,1470,1461,1497,1471,1521,1470,1544,1468,1346,1307,1375,1290,1407,1295,1431,1326,1401,1322,1370,1315,1552,1351,1580,1330,1611,1335,1630,1362,1607,1362,1577,1357,1381,1540,1421,1510,1465,1500,1493,1509,1519,1508,1547,1528,1562,1570,1537,1587,1508,1594,1480,1592,1450,1585,1413,1568,1396,1540,1461,1528,1490,1533,1514,1536,1549,1564,1512,1564,1486,1561,1457,1555
938,h,1,1,1236,1117,1771,1652,31.266666666666666,1202,1338,1199,1402,1202,1467,1212,1529,1240,1585,1286,1626,1344,1655,1400,1680,1460,1695,1513,1695,1558,1672,1598,1638,1626,1593,1647,1546,1666,1499,1678,1448,1679,1399,1307,1267,1348,1245,1396,1242,1443,1252,1487,1271,1546,1287,1583,1285,1622,1291,1654,1306,1669,1339,1507,1319,1508,1349,1510,1377,1511,1408,1443,1453,1470,1461,1497,1471,1521,1470,1544,1468,1346,1307,1375,1290,1407,1295,1431,1326,1401,1322,1370,1315,1552,1351,1580,1330,1611,1335,1630,1362,1607,1362,1577,1357,1381,1540,1421,1510,1465,1500,1493,1509,1519,1508,1547,1528,1562,1570,1537,1587,1508,1594,1480,1592,1450,1585,1413,1568,1396,1540,1461,1528,1490,1533,1514,1536,1549,1564,1512,1564,1486,1561,1457,1555
939,h,1,1,1236,1117,1771,1652,31.3,1206,1339,1202,1402,1204,1465,1214,1528,1240,1584,1285,1624,1342,1652,1397,1677,1456,1691,1508,1692,1554,1670,1594,1637,1623,1592,1646,1544,1665,1496,1677,1444,1679,1395,1305,1269,1347,1248,1394,1246,1442,1256,1487,1275,1543,1290,1581,1288,1620,1293,1653,1305,1671,1336,1507,1322,1508,1351,1510,1379,1512,1409,1442,1453,1469,1462,1496,1471,1520,1471,1544,1469,1345,1308,1375,1292,1407,1296,1432,1327,1401,1323,1370,1317,1551,1351,1579,1330,1609,1334,1629,1360,1606,1361,1576,1356,1381,1541,1422,1511,1466,1501,1493,1510,1518,1509,1545,1529,1561,1571,1536,1588,1506,1594,1479,1592,1450,1585,1412,1568,1396,1541,1462,1529,1489,1534,1513,1537,1547,1565,1511,1564,1485,1561,1457,1556
940,h,1,1,1236,1117,1771,1652,31.333333333333332,1205,1338,1202,1401,1204,1465,1214,1527,1241,1583,1287,1624,1343,1654,1398,1679,1456,1694,1508,1694,1554,1671,1594,1637,1624,1591,1647,1544,1667,1495,1678,1443,1681,1394,1306,1268,1347,1248,1394,1246,1442,1256,1486,1273,1544,1289,1583,1288,1621,1294,1654,1309,1671,1340,1507,1324,1508,1353,1510,1381,1511,1411,1442,1455,1469,1463,1496,1473,1520,1472,1544,1471,1345,1310,1375,1294,1408,1299,1432,1330,1401,1326,1369,1319,1551,1353,1579,1332,1609,1337,1629,1363,1606,1363,1576,1359,1381,1541,1422,1512,1466,1503,1493,1512,1518,1510,1546,1530,1562,1571,1536,1588,1506,1596,1479,1594,1451,1587,1412,1569,1397,1542,1462,1531,1489,1536,1513,1539,1548,1565,1511,1564,1486,1561,1458,1557
941,h,1,1,1236,1117,1771,1652,31.366666666666667,1204,1339,1199,1401,1203,1465,1214,1527,1240,1584,1284,1626,1340,1656,1396,1681,1456,1694,1511,1695,1558,1672,1597,1639,1624,1591,1645,1542,1664,1494,1676,1442,1678,1394,1306,1268,1348,1248,1395,1245,1442,1256,1485,1274,1543,1289,1580,1287,1617,1291,1650,1302,1669,1330,1506,1324,1508,1353,1510,1381,1512,1411,1442,1456,1469,1464,1496,1473,1521,1473,1544,1471,1344,1311,1374,1294,1407,1299,1430,1330,1400,1326,1368,1319,1552,1353,1580,1332,1610,1336,1630,1362,1607,1363,1577,1358,1378,1544,1419,1513,1464,1503,1492,1512,1517,1510,1546,1530,1562,1572,1536,1589,1506,1595,1479,1593,1449,1587,1411,1570,1395,1544,1460,1532,1488,1536,1513,1540,1549,1566,1511,1564,1485,1562,1456,1557
942,h,1,1,1236,1117,1771,1652,31.4,1204,1339,1199,1401,1203,1465,1214,1527,1240,1584,1284,1626,1340,1656,1396,1681,1456,1694,1511,1695,1558,1672,1597,1639,1624,1591,1645,1542,1664,1494,1676,1442,1678,1394,1306,1268,1348,1248,1395,1245,1442,1256,1485,1274,1543,1289,1580,1287,1617,1291,1650,1302,1669,1330,1506,1324,1508,1353,1510,1381,1512,1411,1442,1456,1469,1464,1496,1473,1521,1473,1544,1471,1344,1311,1374,1294,1407,1299,1430,1330,1400,1326,1368,1319,1552,1353,1580,1332,1610,1336,1630,1362,1607,1363,1577,1358,1378,1544,1419,1513,1464,1503,1492,1512,1517,1510,1546,1530,1562,1572,1536,1589,1506,1595,1479,1593,1449,1587,1411,1570,1395,1544,1460,1532,1488,1536,1513,1540,1549,1566,1511,1564,1485,1562,1456,1557
943,h,1,1,1236,1117,1771,1652,31.433333333333334,1204,1338,1199,1401,1201,1464,1210,1527,1236,1582,1281,1624,1338,1654,1394,1679,1455,1692,1507,1692,1552,1669,1591,1635,1620,1591,1642,1544,1662,1498,1673,1448,1675,1400,1306,1272,1347,1250,1394,1245,1442,1255,1487,1274,1545,1289,1582,1287,1620,1293,1652,1307,1669,1337,1507,1324,1508,1353,1510,1381,1511,1412,1441,1456,1468,1464,1495,1474,1520,1473,1543,1471,1346,1311,1375,1295,1407,1299,1431,1330,1401,1326,1370,1320,1551,1353,1579,1333,1609,1337,1628,1363,1606,1364,1576,1359,1377,1543,1419,1514,1464,1504,1493,1513,1518,1511,1547,1530,1562,1571,1537,1588,1507,1595,1479,1593,1449,1587,1410,1570,1393,1544,1460,1532,1489,1537,1514,1540,1548,1566,1511,1565,1485,1562,1456,1558
944,h,1,1,1236,1117,1771,1652,31.466666666666665,1209,1340,1205,1403,1207,1465,1218,1527,1244,1582,1288,1623,1343,1651,1398,1676,1457,1689,1511,1689,1558,1668,1597,1636,1626,1592,1649,1545,1668,1497,1679,1444,1682,1395,1307,1270,1347,1249,1394,1247,1441,1257,1486,1276,1543,1292,1581,1290,1619,1294,1652,1305,1670,1334,1506,1325,1507,1354,1509,1382,1510,1412,1440,1457,1467,1466,1495,1475,1520,1475,1544,1473,1346,1312,1375,1296,1407,1301,1431,1331,1401,1328,1369,1321,1552,1354,1579,1334,1610,1339,1629,1364,1607,1365,1577,1360,1380,1543,1421,1514,1464,1505,1492,1514,1517,1512,1546,1531,1563,1571,1537,1586,1507,1593,1479,1590,1451,1584,1413,1568,1396,1544,1460,1534,1488,1538,1513,1541,1550,1566,1511,1562,1485,1559,1457,1554
945,h,1,1,1236,1117,1771,1652,31.5,1209,1340,1205,1403,1207,1465,1218,1527,1244,1582,1288,1623,1343,1651,1398,1676,1457,1689,1511,1689,1558,1668,1597,1636,1626,1592,1649,1545,1668,1497,1679,1444,1682,1395,1307,1270,1347,1249,1394,1247,1441,1257,1486,1276,1543,1292,1581,1290,1619,1294,1652,1305,1670,1334,1506,1325,1507,1354,1509,1382,1510,1412,1440,1457,1467,1466,1495,1475,1520,1475,1544,1473,1346,1312,1375,1296,1407,1301,1431,1331,1401,1328,1369,1321,1552,1354,1579,1334,1610,1339,1629,1364,1607,1365,1577,1360,1380,1543,1421,1514,1464,1505,1492,1514,1517,1512,1546,1531,1563,1571,1537,1586,1507,1593,1479,1590,1451,1584,1413,1568,1396,1544,1460,1534,1488,1538,1513,1541,1550,1566,1511,1562,1485,1559,1457,1554
946,h,1,1,1176,1176,1711,1711,31.533333333333335,1204,1349,1199,1412,1201,1478,1208,1539,1235,1594,1282,1634,1338,1661,1395,1685,1454,1699,1507,1696,1554,1673,1594,1640,1622,1595,1643,1546,1660,1497,1669,1447,1672,1398,1305,1275,1346,1249,1395,1247,1443,1256,1487,1276,1543,1290,1581,1288,1618,1293,1651,1305,1667,1336,1509,1324,1510,1354,1512,1382,1513,1413,1441,1456,1469,1464,1496,1473,1521,1473,1544,1473,1346,1311,1376,1296,1407,1302,1430,1331,1402,1326,1372,1320,1550,1354,1580,1334,1608,1339,1626,1363,1605,1363,1578,1359,1381,1541,1425,1513,1468,1504,1492,1514,1521,1513,1548,1533,1562,1571,1537,1583,1507,1588,1477,1585,1451,1579,1414,1564,1396,1540,1463,1532,1488,1537,1516,1540,1550,1565,1512,1560,1483,1556,1458,1552
951,h,1,1,1277,1228,1723,1673,31.7,1211,1341,1210,1404,1213,1466,1221,1527,1242,1584,1282,1628,1336,1657,1392,1683,1453,1697,1509,1699,1557,1680,1596,1648,1623,1603,1642,1553,1658,1505,1670,1453,1674,1402,1301,1279,1341,1253,1391,1249,1439,1259,1482,1278,1545,1293,1583,1291,1623,1297,1657,1313,1673,1349,1506,1324,1506,1355,1508,1385,1509,1418,1441,1459,1467,1467,1495,1476,1519,1475,1542,1474,1345,1313,1375,1298,1406,1303,1429,1333,1399,1328,1368,1322,1552,1357,1580,1337,1609,1342,1629,1367,1606,1367,1577,1362,1379,1544,1420,1516,1463,1508,1491,1518,1517,1516,1545,1534,1563,1573,1536,1585,1506,1590,1479,1588,1449,1581,1411,1565,1395,1544,1458,1536,1487,1541,1513,1544,1550,1567,1511,1560,1484,1557,1455,1551
952,h,1,1,1176,1176,1711,1711,31.733333333333334,1204,1351,1198,1414,1200,1479,1208,1539,1236,1594,1282,1635,1338,1663,1396,1686,1455,1698,1506,1696,1551,1677,1590,1646,1618,1603,1640,1555,1657,1507,1667,1456,1670,1407,1306,1278,1347,1252,1395,1248,1442,1258,1485,1277,1544,1289,1583,1290,1619,1296,1652,1312,1665,1344,1510,1327,1511,1357,1512,1385,1514,1417,1441,1460,1469,1468,1497,1477,1522,1477,1545,1477,1346,1313,1376,1299,1407,1306,1429,1335,1402,1329,1371,1323,1552,1357,1581,1338,1609,1343,1627,1367,1606,1367,1579,1363,1380,1543,1425,1516,1468,1508,1492,1518,1520,1518,1547,1537,1563,1574,1537,1583,1507,1587,1478,1584,1452,1578,1415,1565,1395,1543,1464,1535,1488,1541,1515,1544,1552,1567,1512,1560,1483,1557,1459,1552
953,h,1,1,1176,1176,1711,1711,31.766666666666666,1204,1351,1198,1414,1200,1479,1208,1539,1236,1594,1282,1635,1338,1663,1396,1686,1455,1698,1506,1696,1551,1677,1590,1646,1618,1603,1640,1555,1657,1507,1667,1456,1670,1407,1306,1278,1347,1252,1395,1248,1442,1258,1485,1277,1544,1289,1583,1290,1619,1296,1652,1312,1665,1344,1510,1327,1511,1357,1512,1385,1514,1417,1441,1460,1469,1468,1497,1477,1522,1477,1545,1477,1346,1313,1376,1299,1407,1306,1429,1335,1402,1329,1371,1323,1552,1357,1581,1338,1609,1343,1627,1367,1606,1367,1579,1363,1380,1543,1425,1516,1468,1508,1492,1518,1520,1518,1547,1537,1563,1574,1537,1583,1507,1587,1478,1584,1452,1578,1415,1565,1395,1543,1464,1535,1488,1541,1515,1544,1552,1567,1512,1560,1483,1557,1459,1552
955,h,1,1,1176,1176,1711,1711,31.833333333333332,1200,1348,1195,1410,1196,1476,1204,1536,1231,1590,1278,1630,1335,1658,1392,1680,1450,1692,1501,1691,1547,1671,1587,1641,1618,1599,1642,1552,1659,1504,1668,1452,1670,1404,1305,1276,1347,1252,1395,1249,1443,1259,1485,1277,1542,1292,1580,1291,1617,1296,1650,1308,1666,1335,1509,1327,1510,1357,1511,1387,1513,1419,1440,1460,1468,1469,1495,1478,1521,1477,1544,1477,1345,1314,1376,1301,1406,1308,1429,1335,1401,1330,1371,1324,1552,1358,1581,1339,1608,1343,1626,1366,1606,1366,1579,1363,1379,1543,1424,1517,1467,1509,1491,1518,1520,1518,1547,1537,1562,1572,1536,1582,1507,1586,1476,1584,1449,1577,1412,1564,1394,1543,1462,1535,1487,1540,1515,1543,1550,1567,1511,1559,1482,1556,1456,1551
956,h,1,1,1176,1176,1711,1711,31.866666666666667,1204,1347,1198,1411,1198,1476,1206,1538,1232,1593,1279,1634,1337,1662,1395,1683,1454,1695,1506,1693,1551,1671,1591,1640,1621,1598,1643,1551,1660,1502,1668,1452,1671,1403,1306,1274,1348,1251,1395,1249,1441,1258,1483,1276,1544,1293,1581,1292,1618,1297,1651,1308,1667,1337,1509,1329,1510,1359,1511,1388,1513,1419,1440,1461,1468,1469,1496,1479,1521,1478,1544,1477,1347,1313,1376,1299,1407,1305,1430,1335,1402,1330,1371,1323,1550,1358,1580,1338,1608,1342,1626,1366,1606,1367,1578,1363,1379,1540,1424,1515,1467,1508,1491,1518,1520,1517,1547,1535,1562,1570,1536,1581,1506,1586,1477,1583,1449,1577,1413,1564,1393,1540,1462,1536,1487,1541,1515,1544,1550,1565,1511,1558,1482,1555,1456,1550
957,h,1,1,1176,1176,1711,1711,31.9,1204,1347,1198,1411,1198,1476,1206,1538,1232,1593,1279,1634,1337,1662,1395,1683,1454,1695,1506,1693,1551,1671,1591,1640,1621,1598,1643,1551,1660,1502,1668,1452,1671,1403,1306,1274,1348,1251,1395,1249,1441,1258,1483,1276,1544,1293,1581,1292,1618,1297,1651,1308,1667,1337,1509,1329,1510,1359,1511,1388,1513,1419,1440,1461,1468,1469,1496,1479,1521,1478,1544,1477,1347,1313,1376,1299,1407,1305,1430,1335,1402,1330,1371,1323,1550,1358,1580,1338,1608,1342,1626,1366,1606,1367,1578,1363,1379,1540,1424,1515,1467,1508,1491,1518,1520,1517,1547,1535,1562,1570,1536,1581,1506,1586,1477,1583,1449,1577,1413,1564,1393,1540,1462,1536,1487,1541,1515,1544,1550,1565,1511,1558,1482,1555,1456,1550
958,h,1,1,1176,1176,1711,1711,31.933333333333334,1201,1342,1194,1406,1193,1475,1201,1538,1229,1595,1276,1636,1334,1664,1394,1686,1454,1698,1507,1695,1552,1674,1591,1643,1621,1601,1643,1553,1661,1504,1670,1454,1673,1405,1308,1272,1350,1249,1397,1248,1443,1258,1485,1276,1545,1292,1582,1292,1618,1296,1650,1306,1667,1334,1510,1329,1510,1359,1512,1387,1513,1417,1440,1459,1468,1467,1495,1476,1520,1477,1543,1476,1345,1314,1376,1301,1406,1308,1429,1336,1401,1331,1370,1324,1551,1359,1581,1339,1609,1343,1627,1366,1606,1367,1579,1363,1379,1543,1424,1516,1467,1507,1491,1516,1519,1515,1546,1534,1560,1571,1536,1580,1507,1585,1478,1583,1451,1577,1414,1564,1393,1542,1462,1535,1487,1539,1514,1543,1548,1565,1511,1558,1483,1555,1457,1551
959,h,1,1,1277,1228,1723,1673,31.966666666666665,1208,1340,1207,1403,1211,1465,1220,1526,1242,1582,1283,1624,1337,1653,1395,1675,1455,1688,1510,1688,1554,1670,1592,1640,1617,1597,1636,1549,1653,1504,1665,1454,1669,1405,1299,1279,1340,1253,1389,1249,1437,1259,1481,1277,1545,1295,1583,1293,1620,1298,1653,1312,1669,1343,1507,1326,1508,1357,1510,1385,1511,1417,1440,1459,1467,1466,1495,1475,1519,1475,1543,1474,1341,1314,1371,1299,1402,1304,1426,1334,1396,1330,1365,1323,1551,1357,1580,1338,1609,1342,1628,1367,1606,1368,1577,1363,1379,1543,1422,1517,1465,1508,1492,1517,1517,1516,1543,1534,1560,1572,1535,1583,1506,1587,1479,1585,1450,1579,1412,1564,1394,1542,1460,1536,1488,1541,1513,1544,1547,1566,1510,1557,1485,1554,1457,1549
960,h,1,1,1277,1228,1723,1673,32.0,1208,1340,1207,1403,1211,1465,1220,1526,1242,1582,1283,1624,1337,1653,1395,1675,1455,1688,1510,1688,1554,1670,1592,1640,1617,1597,1636,1549,1653,1504,1665,1454,1669,1405,1299,1279,1340,1253,1389,1249,1437,1259,1481,1277,1545,1295,1583,1293,1620,1298,1653,1312,1669,1343,1507,1326,1508,1357,1510,1385,1511,1417,1440,1459,1467,1466,1495,1475,1519,1475,1543,1474,1341,1314,1371,1299,1402,1304,1426,1334,1396,1330,1365,1323,1551,1357,1580,1338,1609,1342,1628,1367,1606,1368,1577,1363,1379,1543,1422,1517,1465,1508,1492,1517,1517,1516,1543,1534,1560,1572,1535,1583,1506,1587,1479,1585,1450,1579,1412,1564,1394,1542,1460,1536,1488,1541,1513,1544,1547,1566,1510,1557,1485,1554,1457,1549
961,h,1,1,1176,1176,1711,1711,32.03333333333333,1201,1340,1194,1405,1193,1472,1199,1536,1225,1592,1271,1634,1329,1661,1388,1683,1449,1697,1502,1693,1548,1673,1589,1641,1620,1599,1643,1552,1661,1504,1671,1452,1674,1404,1305,1272,1348,1251,1396,1249,1442,1259,1484,1278,1542,1293,1581,1292,1618,1296,1652,1306,1670,1335,1509,1329,1509,1359,1510,1387,1512,1418,1438,1460,1466,1468,1493,1477,1519,1477,1543,1477,1345,1312,1375,1299,1405,1306,1428,1335,1400,1329,1369,1323,1550,1358,1579,1337,1607,1342,1626,1365,1605,1366,1577,1362,1378,1540,1423,1516,1466,1509,1490,1518,1518,1517,1545,1535,1560,1569,1535,1581,1506,1587,1477,1585,1450,1579,1412,1565,1392,1540,1462,1536,1487,1541,1514,1543,1548,1565,1510,1559,1482,1556,1457,1552
962,h,1,1,1176,1176,1711,1711,32.06666666666667,1204,1346,1199,1411,1199,1476,1206,1538,1233,1593,1279,1633,1335,1661,1392,1683,1451,1695,1502,1693,1547,1673,1587,1642,1617,1601,1642,1554,1660,1506,1669,1455,1671,1408,1305,1275,1348,1253,1395,1249,1442,1259,1484,1276,1541,1292,1579,1291,1616,1296,1649,1308,1666,1336,1507,1327,1507,1357,1508,1386,1509,1418,1437,1460,1465,1468,1493,1477,1518,1477,1542,1477,1344,1312,1374,1299,1405,1306,1427,1334,1399,1330,1368,1322,1550,1357,1580,1337,1608,1341,1626,1364,1606,1365,1578,1362,1379,1542,1422,1516,1464,1508,1489,1517,1518,1516,1546,1535,1561,1571,1536,1583,1506,1589,1476,1588,1448,1582,1412,1567,1394,1543,1460,1536,1485,1541,1514,1543,1549,1566,1510,1559,1481,1556,1455,1552
966,h,1,1,1176,1176,1711,1711,32.2,1198,1344,1192,1407,1190,1471,1196,1533,1222,1588,1267,1630,1325,1657,1383,1679,1444,1693,1498,1690,1545,1671,1586,1640,1616,1599,1639,1553,1656,1504,1666,1453,1669,1406,1302,1273,1344,1249,1391,1245,1439,1255,1481,1274,1538,1289,1575,1287,1612,1290,1645,1302,1663,1331,1505,1326,1505,1356,1505,1385,1506,1418,1435,1458,1462,1467,1490,1476,1515,1476,1539,1474,1342,1312,1372,1298,1402,1304,1425,1333,1397,1328,1366,1322,1548,1355,1577,1334,1605,1338,1623,1362,1603,1363,1575,1359,1378,1538,1421,1516,1462,1508,1487,1517,1514,1516,1542,1533,1558,1566,1532,1578,1502,1583,1473,1581,1447,1575,1411,1561,1393,1538,1459,1534,1483,1539,1510,1542,1546,1562,1506,1556,1478,1553,1454,1549
967,h,1,1,1176,1176,1711,1711,32.233333333333334,1201,1339,1195,1403,1194,1469,1199,1532,1224,1589,1269,1630,1326,1657,1384,1679,1445,1693,1500,1690,1549,1670,1591,1638,1622,1595,1643,1547,1659,1497,1668,1448,1672,1400,1300,1275,1341,1249,1389,1246,1436,1256,1479,1275,1539,1291,1576,1289,1615,1293,1649,1305,1666,1335,1503,1326,1504,1356,1505,1384,1506,1416,1435,1458,1462,1466,1489,1475,1515,1475,1539,1474,1341,1312,1370,1299,1401,1305,1425,1333,1396,1329,1365,1322,1548,1355,1577,1336,1605,1341,1624,1363,1602,1364,1575,1360,1375,1534,1421,1515,1463,1507,1487,1516,1514,1515,1540,1532,1557,1563,1529,1573,1500,1577,1472,1575,1446,1569,1410,1556,1391,1535,1459,1534,1483,1539,1509,1541,1545,1559,1505,1551,1478,1549,1454,1545
968,h,1,1,1176,1176,1711,1711,32.266666666666666,1201,1339,1195,1403,1194,1469,1199,1532,1224,1589,1269,1630,1326,1657,1384,1679,1445,1693,1500,1690,1549,1670,1591,1638,1622,1595,1643,1547,1659,1497,1668,1448,1672,1400,1300,1275,1341,1249,1389,1246,1436,1256,1479,1275,1539,1291,1576,1289,1615,1293,1649,1305,1666,1335,1503,1326,1504,1356,1505,1384,1506,1416,1435,1458,1462,1466,1489,1475,1515,1475,1539,1474,1341,1312,1370,1299,1401,1305,1425,1333,1396,1329,1365,1322,1548,1355,1577,1336,1605,1341,1624,1363,1602,1364,1575,1360,1375,1534,1421,1515,1463,1507,1487,1516,1514,1515,1540,1532,1557,1563,1529,1573,1500,1577,1472,1575,1446,1569,1410,1556,1391,1535,1459,1534,1483,1539,1509,1541,1545,1559,1505,1551,1478,1549,1454,1545
969,h,1,1,1176,1176,1711,1711,32.3,1200,1342,1193,1406,1193,1470,1198,1534,1224,1591,1269,1633,1328,1661,1387,1684,1449,1697,1505,1693,1553,1672,1594,1640,1623,1595,1643,1546,1659,1497,1668,1447,1670,1399,1303,1272,1343,1248,1389,1246,1435,1256,1478,1274,1541,1291,1578,1289,1614,1292,1647,1303,1664,1332,1504,1324,1504,1354,1505,1383,1506,1415,1435,1457,1463,1466,1490,1475,1516,1475,1539,1473,1340,1311,1370,1297,1401,1304,1423,1332,1395,1327,1365,1321,1548,1354,1578,1334,1606,1338,1624,1361,1603,1363,1576,1359,1375,1538,1421,1515,1462,1507,1488,1517,1515,1516,1543,1533,1560,1565,1533,1574,1504,1578,1475,1576,1447,1570,1411,1557,1390,1538,1458,1535,1484,1540,1511,1543,1547,1560,1508,1552,1480,1549,1454,1545
970,h,1,1,1228,1178,1673,1624,32.333333333333336,1205,1336,1199,1399,1200,1464,1209,1525,1233,1581,1277,1625,1331,1654,1387,1677,1446,1689,1500,1686,1545,1665,1585,1635,1616,1595,1639,1549,1656,1501,1667,1453,1670,1404,1295,1278,1336,1252,1385,1247,1434,1256,1478,1275,1538,1289,1577,1287,1615,1292,1648,1308,1664,1339,1502,1324,1502,1354,1503,1383,1504,1415,1434,1457,1461,1465,1488,1473,1513,1473,1536,1472,1339,1311,1370,1295,1401,1301,1425,1331,1396,1327,1365,1321,1545,1352,1574,1331,1603,1335,1622,1360,1601,1361,1572,1357,1373,1537,1417,1515,1460,1507,1484,1515,1511,1514,1538,1531,1555,1563,1529,1576,1499,1583,1471,1582,1444,1576,1407,1561,1388,1537,1455,1533,1480,1538,1506,1539,1543,1559,1504,1552,1476,1550,1451,1546
971,h,1,1,1176,1176,1711,1711,32.36666666666667,1201,1338,1194,1404,1192,1470,1198,1533,1223,1590,1267,1633,1323,1661,1383,1683,1445,1696,1501,1692,1549,1670,1589,1637,1619,1594,1641,1547,1657,1497,1666,1448,1668,1400,1302,1275,1343,1250,1389,1246,1436,1256,1477,1274,1539,1289,1574,1288,1611,1293,1642,1308,1657,1340,1503,1323,1503,1353,1504,1382,1505,1415,1434,1457,1462,1465,1489,1474,1515,1474,1539,1473,1342,1310,1371,1298,1401,1304,1424,1332,1396,1327,1366,1320,1548,1354,1576,1336,1603,1340,1622,1362,1601,1362,1574,1359,1373,1538,1420,1514,1462,1506,1487,1515,1516,1514,1542,1531,1558,1565,1531,1577,1503,1583,1473,1582,1446,1576,1409,1561,1389,1538,1458,1534,1484,1539,1511,1541,1545,1560,1508,1555,1479,1553,1453,1548
972,h,1,1,1176,1176,1711,1711,32.4,1201,1338,1194,1404,1192,1470,1198,1533,1223,1590,1267,1633,1323,1661,1383,1683,1445,1696,1501,1692,1549,1670,1589,1637,1619,1594,1641,1547,1657,1497,1666,1448,1668,1400,1302,1275,1343,1250,1389,1246,1436,1256,1477,1274,1539,1289,1574,1288,1611,1293,1642,1308,1657,1340,1503,1323,1503,1353,1504,1382,1505,1415,1434,1457,1462,1465,1489,1474,1515,1474,1539,1473,1342,1310,1371,1298,1401,1304,1424,1332,1396,1327,1366,1320,1548,1354,1576,1336,1603,1340,1622,1362,1601,1362,1574,1359,1373,1538,1420,1514,1462,1506,1487,1515,1516,1514,1542,1531,1558,1565,1531,1577,1503,1583,1473,1582,1446,1576,1409,1561,1389,1538,1458,1534,1484,1539,1511,1541,1545,1560,1508,1555,1479,1553,1453,1548
973,h,1,1,1176,1117,1711,1652,32.43333333333333,1195,1346,1188,1409,1188,1473,1197,1535,1224,1590,1271,1631,1329,1658,1386,1681,1445,1695,1498,1693,1543,1671,1584,1639,1615,1596,1640,1550,1658,1501,1667,1452,1668,1404,1299,1272,1340,1249,1388,1245,1436,1255,1479,1274,1535,1287,1573,1286,1609,1291,1641,1307,1656,1337,1502,1322,1502,1352,1504,1381,1506,1413,1435,1455,1462,1464,1489,1474,1514,1474,1537,1472,1339,1309,1369,1295,1401,1300,1423,1330,1395,1325,1364,1318,1545,1352,1573,1331,1602,1336,1621,1361,1600,1361,1572,1357,1373,1539,1418,1513,1462,1505,1486,1515,1514,1514,1542,1533,1556,1568,1531,1583,1501,1590,1471,1588,1445,1581,1407,1565,1389,1539,1458,1533,1482,1538,1510,1541,1543,1563,1506,1559,1477,1557,1452,1552
974,h,1,1,1176,1176,1711,1711,32.46666666666667,1194,1344,1189,1409,1188,1474,1195,1537,1222,1592,1266,1633,1322,1661,1378,1686,1440,1701,1496,1699,1543,1676,1584,1643,1614,1599,1637,1550,1654,1500,1664,1449,1668,1399,1297,1275,1338,1248,1386,1244,1434,1255,1477,1275,1535,1290,1573,1288,1611,1292,1645,1303,1662,1333,1501,1323,1501,1354,1502,1382,1504,1414,1432,1456,1459,1463,1487,1472,1512,1473,1536,1472,1338,1311,1368,1297,1399,1303,1422,1331,1393,1326,1363,1320,1544,1353,1573,1333,1602,1338,1621,1361,1599,1362,1571,1358,1370,1541,1414,1514,1456,1504,1483,1514,1512,1513,1539,1532,1553,1569,1528,1583,1499,1589,1468,1587,1440,1580,1404,1565,1385,1541,1452,1530,1479,1535,1507,1537,1542,1564,1504,1563,1474,1560,1447,1555
975,h,1,1,1176,1176,1711,1711,32.5,1194,1344,1189,1409,1188,1474,1195,1537,1222,1592,1266,1633,1322,1661,1378,1686,1440,1701,1496,1699,1543,1676,1584,1643,1614,1599,1637,1550,1654,1500,1664,1449,1668,1399,1297,1275,1338,1248,1386,1244,1434,1255,1477,1275,1535,1290,1573,1288,1611,1292,1645,1303,1662,1333,1501,1323,1501,1354,1502,1382,1504,1414,1432,1456,1459,1463,1487,1472,1512,1473,1536,1472,1338,1311,1368,1297,1399,1303,1422,1331,1393,1326,1363,1320,1544,1353,1573,1333,1602,1338,1621,1361,1599,1362,1571,1358,1370,1541,1414,1514,1456,1504,1483,1514,1512,1513,1539,1532,1553,1569,1528,1583,1499,1589,1468,1587,1440,1580,1404,1565,1385,1541,1452,1530,1479,1535,1507,1537,1542,1564,1504,1563,1474,1560,1447,1555
976,h,1,1,1176,1176,1711,1711,32.53333333333333,1194,1342,1188,1407,1187,1473,1192,1536,1218,1593,1263,1635,1321,1663,1379,1685,1439,1700,1493,1699,1541,1678,1582,1645,1612,1600,1635,1551,1652,1501,1663,1450,1667,1402,1296,1275,1337,1249,1386,1244,1433,1255,1476,1273,1537,1288,1575,1288,1612,1293,1645,1307,1661,1338,1502,1323,1502,1354,1503,1382,1504,1414,1433,1455,1460,1463,1488,1471,1513,1471,1536,1471,1337,1310,1367,1296,1398,1302,1421,1331,1393,1326,1362,1319,1545,1353,1573,1333,1602,1338,1621,1362,1599,1362,1571,1358,1370,1540,1415,1513,1459,1504,1484,1514,1512,1512,1539,1531,1554,1569,1528,1583,1498,1589,1469,1587,1442,1580,1404,1565,1385,1541,1454,1532,1480,1536,1507,1540,1542,1564,1503,1562,1475,1559,1449,1555
977,h,1,1,1176,1117,1711,1652,32.56666666666667,1191,1342,1183,1406,1183,1471,1191,1534,1218,1590,1265,1632,1323,1661,1381,1686,1445,1700,1500,1697,1546,1672,1586,1637,1617,1593,1639,1546,1658,1498,1668,1449,1671,1401,1295,1272,1337,1249,1384,1247,1431,1256,1474,1273,1536,1288,1575,1289,1612,1293,1644,1304,1662,1331,1500,1323,1500,1353,1502,1382,1504,1413,1433,1455,1460,1464,1487,1474,1512,1473,1534,1472,1336,1310,1367,1294,1399,1300,1421,1330,1393,1327,1362,1320,1545,1352,1573,1330,1602,1335,1621,1360,1601,1361,1572,1358,1373,1541,1416,1514,1460,1505,1484,1515,1511,1513,1539,1532,1552,1570,1528,1585,1499,1592,1470,1590,1443,1583,1406,1567,1389,1542,1455,1534,1480,1538,1507,1541,1539,1565,1503,1560,1476,1558,1451,1553
978,h,1,1,1176,1117,1711,1652,32.6,1187,1348,1183,1411,1185,1476,1194,1538,1222,1592,1269,1633,1327,1660,1384,1685,1445,1699,1498,1697,1542,1673,1582,1639,1613,1596,1638,1550,1657,1501,1667,1451,1669,1402,1296,1275,1336,1251,1384,1247,1431,1256,1474,1273,1533,1286,1571,1286,1607,1291,1638,1306,1654,1334,1499,1323,1500,1353,1502,1381,1504,1413,1432,1457,1460,1465,1487,1474,1512,1474,1535,1473,1336,1311,1367,1295,1400,1300,1421,1330,1394,1327,1362,1321,1543,1352,1571,1331,1601,1335,1619,1360,1599,1362,1570,1358,1372,1541,1415,1513,1460,1504,1484,1514,1511,1513,1540,1531,1554,1570,1529,1585,1499,1592,1470,1590,1443,1583,1405,1566,1387,1542,1455,1534,1479,1538,1506,1541,1541,1565,1503,1560,1475,1557,1450,1553
979,h,1,1,1176,1117,1711,1652,32.63333333333333,1187,1348,1183,1411,1185,1476,1194,1538,1222,1592,1269,1633,1327,1660,1384,1685,1445,1699,1498,1697,1542,1673,1582,1639,1613,1596,1638,1550,1657,1501,1667,1451,1669,1402,1296,1275,1336,1251,1384,1247,1431,1256,1474,1273,1533,1286,1571,1286,1607,1291,1638,1306,1654,1334,1499,1323,1500,1353,1502,1381,1504,1413,1432,1457,1460,1465,1487,1474,1512,1474,1535,1473,1336,1311,1367,1295,1400,1300,1421,1330,1394,1327,1362,1321,1543,1352,1571,1331,1601,1335,1619,1360,1599,1362,1570,1358,1372,1541,1415,1513,1460,1504,1484,1514,1511,1513,1540,1531,1554,1570,1529,1585,1499,1592,1470,1590,1443,1583,1405,1566,1387,1542,1455,1534,1479,1538,1506,1541,1541,1565,1503,1560,1475,1557,1450,1553
980,h,1,1,1176,1176,1711,1711,32.666666666666664,1195,1345,1190,1410,1190,1476,1196,1539,1222,1595,1266,1636,1322,1665,1380,1687,1441,1702,1496,1700,1544,1679,1586,1645,1616,1600,1638,1550,1656,1500,1666,1449,1668,1401,1297,1275,1338,1247,1386,1243,1435,1254,1478,1273,1533,1287,1571,1286,1609,1290,1641,1304,1658,1335,1499,1322,1499,1353,1500,1381,1501,1414,1431,1457,1458,1464,1486,1472,1511,1473,1535,1472,1338,1310,1368,1296,1398,1302,1421,1330,1393,1326,1362,1319,1545,1352,1573,1333,1601,1337,1620,1360,1599,1361,1571,1357,1370,1542,1415,1514,1458,1504,1483,1514,1510,1513,1538,1533,1553,1571,1527,1582,1497,1586,1468,1583,1441,1577,1404,1564,1386,1542,1453,1532,1479,1537,1506,1540,1541,1565,1502,1560,1474,1557,1448,1552
981,h,1,1,1176,1176,1711,1711,32.7,1196,1337,1191,1402,1191,1467,1198,1530,1224,1587,1268,1630,1324,1660,1382,1684,1443,1697,1498,1693,1545,1671,1587,1637,1617,1593,1639,1543,1656,1494,1666,1444,1669,1396,1297,1272,1338,1247,1385,1244,1432,1254,1475,1272,1534,1286,1573,1287,1610,1291,1643,1302,1661,1330,1499,1322,1499,1353,1500,1381,1501,1413,1431,1456,1458,1464,1485,1472,1511,1472,1534,1472,1336,1310,1366,1296,1397,1302,1420,1330,1392,1326,1361,1320,1544,1352,1573,1333,1602,1337,1621,1361,1599,1362,1571,1358,1370,1543,1413,1514,1456,1504,1481,1513,1510,1512,1538,1531,1552,1569,1527,1581,1497,1587,1467,1585,1440,1579,1403,1565,1386,1542,1452,1532,1477,1536,1505,1539,1540,1564,1502,1560,1473,1557,1447,1553
982,h,1,1,1176,1176,1711,1711,32.733333333333334,1192,1346,1187,1412,1187,1478,1195,1542,1222,1597,1267,1639,1324,1667,1380,1689,1440,1703,1495,1702,1542,1682,1583,1648,1613,1602,1636,1553,1655,1502,1664,1450,1668,1401,1297,1274,1338,1248,1385,1244,1433,1254,1475,1273,1535,1288,1572,1288,1609,1293,1642,1305,1659,1334,1499,1323,1500,1354,1501,1382,1502,1415,1431,1458,1458,1465,1486,1474,1511,1474,1535,1473,1337,1310,1367,1296,1398,1302,1421,1331,1392,1326,1361,1319,1545,1353,1574,1334,1602,1338,1620,1362,1599,1362,1572,1358,1369,1543,1414,1515,1457,1505,1482,1515,1510,1513,1538,1533,1552,1570,1526,1582,1497,1587,1467,1584,1440,1577,1404,1564,1385,1542,1452,1533,1478,1538,1506,1541,1540,1565,1501,1559,1473,1556,1447,1552
983,h,1,1,1176,1176,1711,1711,32.766666666666666,1192,1346,1187,1412,1187,1478,1195,1542,1222,1597,1267,1639,1324,1667,1380,1689,1440,1703,1495,1702,1542,1682,1583,1648,1613,1602,1636,1553,1655,1502,1664,1450,1668,1401,1297,1274,1338,1248,1385,1244,1433,1254,1475,1273,1535,1288,1572,1288,1609,1293,1642,1305,1659,1334,1499,1323,1500,1354,1501,1382,1502,1415,1431,1458,1458,1465,1486,1474,1511,1474,1535,1473,1337,1310,1367,1296,1398,1302,1421,1331,1392,1326,1361,1319,1545,1353,1574,1334,1602,1338,1620,1362,1599,1362,1572,1358,1369,1543,1414,1515,1457,1505,1482,1515,1510,1513,1538,1533,1552,1570,1526,1582,1497,1587,1467,1584,1440,1577,1404,1564,1385,1542,1452,1533,1478,1538,1506,1541,1540,1565,1501,1559,1473,1556,1447,1552
984,h,1,1,1176,1176,1711,1711,32.8,1195,1345,1188,1409,1187,1476,1194,1539,1219,1595,1265,1637,1322,1666,1380,1688,1441,1701,1496,1699,1543,1678,1585,1643,1614,1598,1636,1549,1652,1498,1660,1447,1661,1399,1296,1277,1336,1249,1385,1245,1433,1255,1476,1274,1533,1287,1571,1286,1608,1291,1640,1306,1654,1338,1499,1322,1499,1353,1500,1383,1501,1415,1430,1456,1458,1465,1486,1474,1511,1473,1535,1472,1337,1310,1366,1296,1397,1303,1419,1331,1391,1326,1361,1319,1544,1352,1572,1333,1599,1337,1617,1360,1597,1361,1570,1357,1369,1541,1414,1515,1457,1505,1482,1516,1511,1514,1539,1534,1553,1570,1527,1582,1498,1587,1468,1584,1441,1578,1403,1564,1385,1541,1453,1533,1478,1538,1506,1541,1542,1565,1502,1560,1474,1557,1448,1552
985,h,1,1,1176,1176,1711,1711,32.833333333333336,1194,1346,1188,1410,1187,1475,1193,1537,1218,1594,1263,1636,1320,1662,1378,1686,1439,1700,1495,1698,1543,1677,1586,1645,1617,1600,1640,1550,1656,1499,1664,1448,1666,1399,1297,1274,1338,1248,1386,1246,1432,1257,1475,1275,1535,1290,1572,1289,1608,1292,1641,1303,1659,1331,1499,1322,1499,1354,1500,1384,1501,1417,1430,1458,1457,1466,1485,1475,1510,1475,1534,1474,1336,1311,1366,1297,1396,1303,1420,1332,1391,1326,1361,1320,1544,1353,1572,1334,1600,1338,1619,1362,1598,1362,1570,1358,1365,1541,1412,1516,1456,1507,1481,1517,1510,1515,1538,1534,1552,1572,1526,1585,1496,1590,1466,1588,1439,1582,1401,1567,1381,1542,1451,1533,1477,1538,1505,1541,1540,1567,1501,1563,1472,1561,1446,1556
986,h,1,1,1176,1176,1711,1711,32.86666666666667,1194,1345,1188,1410,1189,1475,1196,1537,1221,1594,1264,1638,1321,1667,1378,1691,1439,1705,1493,1702,1541,1680,1584,1646,1614,1601,1636,1552,1654,1502,1664,1451,1668,1403,1297,1276,1337,1250,1386,1246,1433,1257,1475,1275,1534,1291,1572,1290,1610,1294,1643,1307,1660,1338,1499,1323,1499,1354,1499,1384,1500,1416,1429,1459,1456,1467,1484,1475,1510,1475,1535,1474,1335,1311,1365,1297,1396,1303,1420,1332,1391,1327,1360,1320,1544,1354,1573,1334,1602,1339,1621,1363,1599,1363,1571,1359,1366,1544,1410,1517,1453,1507,1480,1517,1509,1515,1537,1536,1551,1575,1525,1592,1495,1599,1464,1597,1436,1591,1398,1575,1380,1546,1449,1536,1476,1541,1504,1544,1539,1570,1500,1570,1470,1567,1443,1562
987,h,1,1,1176,1176,1711,1711,32.9,1194,1345,1188,1410,1189,1475,1196,1537,1221,1594,1264,1638,1321,1667,1378,1691,1439,1705,1493,1702,1541,1680,1584,1646,1614,1601,1636,1552,1654,1502,1664,1451,1668,1403,1297,1276,1337,1250,1386,1246,1433,1257,1475,1275,1534,1291,1572,1290,1610,1294,1643,1307,1660,1338,1499,1323,1499,1354,1499,1384,1500,1416,1429,1459,1456,1467,1484,1475,1510,1475,1535,1474,1335,1311,1365,1297,1396,1303,1420,1332,1391,1327,1360,1320,1544,1354,1573,1334,1602,1339,1621,1363,1599,1363,1571,1359,1366,1544,1410,1517,1453,1507,1480,1517,1509,1515,1537,1536,1551,1575,1525,1592,1495,1599,1464,1597,1436,1591,1398,1575,1380,1546,1449,1536,1476,1541,1504,1544,1539,1570,1500,1570,1470,1567,1443,1562
988,h,1,1,1176,1176,1711,1711,32.93333333333333,1197,1338,1191,1404,1191,1471,1198,1534,1222,1593,1265,1638,1320,1670,1378,1695,1439,1709,1495,1706,1542,1682,1584,1647,1615,1601,1637,1551,1655,1500,1666,1447,1670,1397,1296,1275,1337,1249,1385,1245,1433,1256,1476,1275,1533,1291,1571,1289,1609,1291,1644,1302,1662,1332,1498,1324,1498,1355,1499,1383,1500,1415,1429,1460,1456,1468,1483,1476,1509,1476,1534,1475,1334,1312,1364,1298,1395,1304,1419,1332,1389,1327,1359,1321,1543,1354,1572,1335,1601,1339,1621,1363,1598,1363,1570,1359,1365,1547,1409,1519,1453,1509,1479,1518,1508,1516,1536,1536,1550,1577,1524,1596,1493,1604,1463,1602,1435,1596,1397,1579,1379,1549,1449,1538,1475,1543,1503,1545,1538,1572,1498,1573,1469,1571,1443,1567
989,h,1,1,1176,1176,1711,1711,32.96666666666667,1201,1337,1193,1400,1192,1466,1198,1529,1221,1587,1263,1632,1318,1663,1376,1687,1435,1701,1489,1698,1538,1678,1581,1645,1613,1601,1638,1551,1657,1500,1667,1448,1669,1398,1301,1273,1341,1248,1388,1244,1434,1254,1474,1273,1536,1290,1572,1289,1608,1292,1640,1304,1658,1331,1498,1326,1499,1356,1500,1385,1501,1416,1430,1460,1457,1467,1483,1476,1510,1475,1534,1474,1336,1311,1365,1297,1396,1303,1419,1333,1390,1328,1360,1321,1544,1355,1572,1334,1601,1338,1620,1362,1598,1363,1570,1360,1365,1546,1409,1518,1453,1508,1479,1517,1508,1516,1537,1535,1550,1577,1524,1594,1493,1602,1462,1601,1434,1595,1396,1578,1380,1548,1448,1536,1474,1541,1503,1544,1538,1571,1499,1572,1469,1570,1442,1566
990,h,1,1,1176,1176,1711,1711,33.0,1201,1337,1193,1400,1192,1466,1198,1529,1221,1587,1263,1632,1318,1663,1376,1687,1435,1701,1489,1698,1538,1678,1581,1645,1613,1601,1638,1551,1657,1500,1667,1448,1669,1398,1301,1273,1341,1248,1388,1244,1434,1254,1474,1273,1536,1290,1572,1289,1608,1292,1640,1304,1658,1331,1498,1326,1499,1356,1500,1385,1501,1416,1430,1460,1457,1467,1483,1476,1510,1475,1534,1474,1336,1311,1365,1297,1396,1303,1419,1333,1390,1328,1360,1321,1544,1355,1572,1334,1601,1338,1620,1362,1598,1363,1570,1360,1365,1546,1409,1518,1453,1508,1479,1517,1508,1516,1537,1535,1550,1577,1524,1594,1493,1602,1462,1601,1434,1595,1396,1578,1380,1548,1448,1536,1474,1541,1503,1544,1538,1571,1499,1572,1469,1570,1442,1566
991,h,1,1,1176,1176,1711,1711,33.03333333333333,1200,1336,1196,1402,1197,1467,1204,1530,1227,1588,1270,1632,1323,1664,1379,1690,1438,1705,1492,1703,1540,1681,1581,1647,1612,1602,1636,1553,1656,1503,1667,1451,1671,1401,1294,1277,1334,1252,1381,1248,1428,1258,1471,1276,1532,1292,1571,1290,1609,1295,1644,1308,1664,1337,1495,1326,1496,1356,1497,1385,1498,1417,1427,1461,1454,1469,1482,1477,1508,1477,1534,1477,1332,1313,1361,1298,1393,1304,1418,1333,1388,1329,1357,1323,1542,1355,1571,1335,1602,1340,1622,1365,1599,1365,1570,1361,1365,1546,1409,1519,1453,1509,1480,1518,1508,1517,1537,1537,1552,1577,1527,1595,1494,1604,1465,1602,1436,1596,1398,1578,1380,1548,1449,1538,1475,1542,1503,1545,1539,1572,1499,1572,1470,1570,1444,1566
992,h,1,1,1176,1176,1711,1711,33.06666666666667,1190,1345,1185,1410,1186,1476,1193,1539,1219,1595,1265,1637,1322,1666,1379,1690,1439,1704,1493,1702,1541,1682,1583,1649,1612,1605,1636,1556,1655,1505,1666,1452,1670,1402,1294,1276,1334,1251,1383,1248,1431,1258,1474,1276,1532,1291,1571,1290,1610,1294,1644,1308,1663,1338,1496,1325,1496,1356,1497,1385,1498,1416,1428,1460,1455,1468,1482,1477,1508,1477,1533,1475,1333,1313,1363,1298,1394,1304,1418,1334,1389,1328,1358,1322,1543,1356,1572,1335,1601,1340,1620,1365,1598,1365,1569,1361,1366,1546,1410,1519,1454,1509,1480,1518,1507,1517,1536,1536,1550,1576,1524,1590,1494,1597,1464,1595,1437,1589,1399,1573,1381,1547,1450,1537,1475,1542,1502,1545,1538,1571,1499,1568,1471,1565,1444,1560
993,h,1,1,1176,1176,1711,1711,33.1,1196,1338,1190,1402,1189,1468,1196,1531,1220,1588,1263,1632,1320,1662,1377,1687,1438,1702,1493,1701,1542,1681,1585,1645,1616,1598,1640,1548,1659,1497,1667,1445,1669,1395,1296,1277,1336,1250,1383,1247,1431,1257,1473,1276,1531,1292,1568,1290,1605,1292,1639,1305,1658,1335,1496,1325,1496,1356,1497,1385,1498,1417,1427,1460,1455,1469,1483,1477,1509,1477,1534,1476,1332,1313,1362,1298,1394,1304,1417,1334,1388,1329,1357,1322,1543,1355,1571,1335,1601,1339,1621,1363,1598,1364,1569,1360,1365,1544,1410,1517,1454,1508,1480,1518,1509,1516,1538,1536,1554,1574,1527,1588,1497,1594,1466,1592,1438,1585,1400,1570,1381,1544,1450,1536,1476,1541,1504,1544,1542,1569,1501,1566,1472,1563,1445,1558
994,h,1,1,1176,1176,1711,1711,33.13333333333333,1196,1338,1190,1402,1189,1468,1196,1531,1220,1588,1263,1632,1320,1662,1377,1687,1438,1702,1493,1701,1542,1681,1585,1645,1616,1598,1640,1548,1659,1497,1667,1445,1669,1395,1296,1277,1336,1250,1383,1247,1431,1257,1473,1276,1531,1292,1568,1290,1605,1292,1639,1305,1658,1335,1496,1325,1496,1356,1497,1385,1498,1417,1427,1460,1455,1469,1483,1477,1509,1477,1534,1476,1332,1313,1362,1298,1394,1304,1417,1334,1388,1329,1357,1322,1543,1355,1571,1335,1601,1339,1621,1363,1598,1364,1569,1360,1365,1544,1410,1517,1454,1508,1480,1518,1509,1516,1538,1536,1554,1574,1527,1588,1497,1594,1466,1592,1438,1585,1400,1570,1381,1544,1450,1536,1476,1541,1504,1544,1542,1569,1501,1566,1472,1563,1445,1558
995,h,1,1,1176,1176,1711,1711,33.166666666666664,1195,1341,1189,1406,1188,1472,1194,1536,1219,1593,1263,1636,1319,1664,1377,1688,1437,1702,1493,1700,1541,1680,1583,1647,1615,1603,1640,1554,1659,1502,1669,1449,1672,1399,1294,1275,1335,1250,1383,1246,1431,1257,1474,1276,1533,1292,1570,1290,1609,1293,1645,1305,1665,1336,1496,1325,1496,1355,1497,1385,1498,1417,1427,1460,1454,1468,1482,1477,1509,1476,1534,1475,1333,1313,1362,1298,1394,1304,1418,1333,1388,1328,1357,1322,1543,1355,1572,1335,1601,1339,1621,1363,1599,1364,1570,1360,1365,1542,1411,1517,1455,1508,1480,1518,1508,1516,1536,1534,1553,1571,1524,1583,1494,1589,1465,1587,1437,1581,1400,1567,1381,1542,1450,1536,1476,1541,1503,1544,1540,1566,1499,1561,1471,1558,1445,1554
996,h,1,1,1176,1176,1711,1711,33.2,1196,1337,1191,1402,1192,1467,1197,1530,1221,1587,1264,1631,1319,1661,1376,1686,1437,1701,1492,1698,1540,1676,1582,1642,1613,1598,1637,1549,1656,1498,1665,1446,1668,1395,1293,1275,1333,1250,1381,1246,1429,1256,1473,1274,1533,1290,1571,1288,1609,1291,1643,1303,1661,1333,1496,1324,1497,1355,1498,1385,1499,1417,1428,1460,1456,1468,1483,1477,1509,1476,1533,1476,1333,1312,1363,1298,1394,1304,1418,1333,1389,1329,1357,1322,1542,1355,1571,1335,1600,1339,1619,1362,1598,1364,1569,1360,1366,1540,1412,1516,1455,1508,1480,1518,1508,1516,1535,1534,1552,1569,1524,1581,1494,1588,1465,1586,1438,1580,1401,1565,1382,1540,1451,1536,1476,1541,1503,1544,1539,1564,1499,1559,1471,1556,1445,1552
997,h,1,1,1176,1176,1711,1711,33.233333333333334,1192,1342,1187,1407,1189,1472,1195,1533,1221,1589,1266,1630,1321,1658,1379,1681,1439,1695,1492,1694,1541,1674,1583,1643,1615,1600,1639,1551,1657,1501,1666,1448,1668,1398,1293,1276,1334,1250,1381,1246,1430,1255,1473,1274,1531,1289,1569,1288,1608,1291,1643,1305,1661,1335,1495,1324,1495,1355,1497,1384,1498,1416,1429,1461,1456,1468,1483,1476,1508,1476,1532,1476,1333,1312,1363,1298,1394,1304,1418,1333,1389,1328,1358,1321,1541,1355,1570,1334,1599,1339,1619,1362,1597,1363,1568,1359,1369,1542,1412,1517,1454,1508,1480,1518,1509,1516,1536,1534,1552,1570,1526,1581,1496,1587,1466,1586,1438,1580,1402,1565,1384,1543,1449,1535,1476,1540,1504,1542,1540,1564,1500,1558,1472,1556,1445,1552
998,h,1,1,1176,1176,1711,1711,33.266666666666666,1192,1342,1187,1407,1189,1472,1195,1533,1221,1589,1266,1630,1321,1658,1379,1681,1439,1695,1492,1694,1541,1674,1583,1643,1615,1600,1639,1551,1657,1501,1666,1448,1668,1398,1293,1276,1334,1250,1381,1246,1430,1255,1473,1274,1531,1289,1569,1288,1608,1291,1643,1305,1661,1335,1495,1324,1495,1355,1497,1384,1498,1416,1429,1461,1456,1468,1483,1476,1508,1476,1532,1476,1333,1312,1363,1298,1394,1304,1418,1333,1389,1328,1358,1321,1541,1355,1570,1334,1599,1339,1619,1362,1597,1363,1568,1359,1369,1542,1412,1517,1454,1508,1480,1518,1509,1516,1536,1534,1552,1570,1526,1581,1496,1587,1466,1586,1438,1580,1402,1565,1384,1543,1449,1535,1476,1540,1504,1542,1540,1564,1500,1558,1472,1556,1445,1552
999,h,1,1,1176,1176,1711,1711,33.3,1194,1343,1189,1407,1190,1472,1197,1534,1223,1591,1268,1633,1325,1661,1383,1684,1443,1696,1495,1693,1541,1673,1583,1641,1614,1597,1638,1550,1656,1499,1665,1447,1667,1398,1292,1277,1332,1250,1380,1246,1428,1255,1472,1273,1530,1288,1567,1287,1605,1290,1638,1304,1657,1332,1495,1323,1496,1354,1497,1384,1499,1416,1428,1461,1456,1468,1483,1477,1509,1476,1533,1476,1331,1313,1361,1298,1393,1304,1417,1333,1388,1329,1356,1322,1540,1354,1570,1334,1599,1338,1619,1362,1597,1363,1568,1359,1368,1542,1412,1516,1454,1508,1480,1518,1508,1516,1536,1534,1553,1569,1526,1580,1496,1586,1466,1585,1439,1579,1402,1565,1383,1542,1450,1535,1476,1540,1504,1542,1540,1564,1501,1558,1472,1556,1445,1551
1000,h,1,1,1176,1176,1711,1711,33.333333333333336,1198,1340,1194,1403,1194,1468,1200,1530,1224,1587,1268,1630,1323,1660,1381,1683,1440,1697,1493,1694,1541,1673,1584,1641,1616,1597,1640,1549,1657,1499,1666,1447,1668,1397,1292,1277,1332,1249,1380,1245,1428,1255,1472,1273,1530,1286,1568,1286,1605,1290,1639,1304,1657,1334,1494,1325,1494,1355,1496,1385,1497,1417,1427,1459,1454,1467,1481,1476,1507,1476,1531,1475,1331,1312,1362,1297,1393,1304,1417,1333,1388,1329,1356,1322,1540,1355,1569,1334,1599,1338,1619,1362,1597,1364,1568,1360,1367,1542,1411,1516,1454,1507,1479,1518,1507,1516,1536,1534,1552,1570,1525,1581,1495,1586,1465,1585,1438,1579,1401,1564,1381,1542,1449,1536,1475,1541,1503,1543,1540,1564,1500,1558,1471,1556,1445,1551
1001,h,1,1,1176,1176,1711,1711,33.36666666666667,1194,1341,1191,1406,1193,1472,1199,1533,1224,1590,1267,1632,1322,1660,1380,1684,1440,1697,1493,1695,1540,1674,1582,1642,1613,1599,1636,1551,1654,1500,1663,1449,1665,1399,1289,1277,1328,1250,1376,1246,1424,1256,1468,1273,1532,1289,1570,1288,1608,1293,1641,1306,1659,1336,1494,1324,1494,1354,1495,1383,1497,1416,1426,1459,1454,1467,1482,1476,1508,1475,1532,1474,1328,1312,1359,1298,1391,1304,1415,1332,1386,1328,1354,1322,1540,1355,1570,1335,1599,1340,1619,1364,1597,1364,1567,1361,1367,1540,1412,1516,1456,1508,1480,1518,1508,1516,1535,1534,1552,1569,1524,1580,1494,1586,1465,1584,1438,1579,1401,1565,1382,1541,1451,1535,1476,1539,1503,1542,1539,1563,1498,1558,1471,1555,1446,1551
1002,h,1,1,1176,1176,1711,1711,33.4,1194,1341,1191,1406,1193,1472,1199,1533,1224,1590,1267,1632,1322,1660,1380,1684,1440,1697,1493,1695,1540,1674,1582,1642,1613,1599,1636,1551,1654,1500,1663,1449,1665,1399,1289,1277,1328,1250,1376,1246,1424,1256,1468,1273,1532,1289,1570,1288,1608,1293,1641,1306,1659,1336,1494,1324,1494,1354,1495,1383,1497,1416,1426,1459,1454,1467,1482,1476,1508,1475,1532,1474,1328,1312,1359,1298,1391,1304,1415,1332,1386,1328,1354,1322,1540,1355,1570,1335,1599,1340,1619,1364,1597,1364,1567,1361,1367,1540,1412,1516,1456,1508,1480,1518,1508,1516,1535,1534,1552,1569,1524,1580,1494,1586,1465,1584,1438,1579,1401,1565,1382,1541,1451,1535,1476,1539,1503,1542,1539,1563,1498,1558,1471,1555,1446,1551
1003,h,1,1,1176,1176,1711,1711,33.43333333333333,1193,1341,1187,1405,1187,1471,1193,1534,1216,1591,1259,1634,1315,1662,1375,1685,1436,1698,1491,1696,1538,1676,1581,1644,1612,1600,1635,1551,1653,1501,1663,1449,1665,1400,1288,1276,1329,1250,1377,1246,1425,1256,1469,1274,1531,1291,1569,1289,1607,1293,1642,1304,1660,1335,1494,1324,1495,1355,1496,1384,1498,1416,1425,1460,1453,1468,1481,1476,1507,1475,1531,1474,1329,1312,1359,1297,1390,1303,1414,1332,1385,1327,1354,1321,1540,1354,1570,1333,1599,1338,1619,1362,1597,1362,1568,1358,1364,1540,1410,1515,1454,1507,1479,1517,1507,1516,1535,1533,1552,1569,1524,1580,1493,1586,1464,1584,1437,1578,1399,1563,1379,1539,1450,1536,1475,1541,1502,1543,1539,1564,1498,1557,1470,1554,1444,1550
1004,h,1,1,1176,1176,1711,1711,33.46666666666667,1194,1341,1189,1405,1190,1471,1197,1533,1221,1589,1264,1631,1320,1659,1377,1683,1436,1697,1491,1696,1539,1675,1582,1643,1614,1599,1638,1550,1655,1498,1665,1446,1667,1394,1288,1277,1327,1249,1375,1245,1423,1255,1467,1274,1529,1290,1567,1286,1605,1290,1638,1303,1656,1335,1492,1323,1493,1354,1494,1383,1495,1415,1425,1459,1452,1467,1480,1475,1506,1475,1531,1474,1329,1312,1359,1297,1391,1302,1415,1332,1386,1328,1354,1321,1538,1354,1568,1333,1598,1337,1617,1362,1596,1362,1566,1359,1366,1540,1411,1515,1454,1507,1478,1516,1505,1515,1533,1533,1551,1568,1522,1580,1492,1585,1464,1583,1437,1577,1400,1563,1382,1540,1449,1535,1474,1540,1501,1543,1538,1563,1497,1555,1469,1553,1444,1549
1005,h,1,1,1176,1176,1711,1711,33.5,1195,1342,1191,1406,1192,1470,1200,1531,1224,1587,1265,1629,1320,1658,1376,1682,1436,1696,1492,1695,1541,1676,1582,1644,1613,1600,1637,1550,1654,1500,1664,1448,1666,1397,1288,1277,1328,1250,1375,1247,1423,1257,1466,1275,1528,1291,1565,1289,1603,1293,1636,1306,1654,1337,1491,1323,1492,1354,1493,1383,1494,1415,1424,1459,1451,1467,1479,1475,1505,1475,1530,1475,1328,1313,1358,1298,1389,1303,1413,1333,1384,1328,1353,1322,1539,1354,1569,1334,1598,1339,1617,1362,1595,1363,1566,1359,1365,1541,1408,1514,1451,1506,1477,1516,1505,1515,1532,1533,1550,1569,1521,1580,1491,1584,1462,1583,1434,1576,1397,1563,1379,1540,1447,1535,1473,1540,1500,1542,1537,1563,1496,1556,1468,1553,1442,1549
1006,h,1,1,1176,1176,1711,1711,33.53333333333333,1195,1342,1191,1406,1192,1470,1200,1531,1224,1587,1265,1629,1320,1658,1376,1682,1436,1696,1492,1695,1541,1676,1582,1644,1613,1600,1637,1550,1654,1500,1664,1448,1666,1397,1288,1277,1328,1250,1375,1247,1423,1257,1466,1275,1528,1291,1565,1289,1603,1293,1636,1306,1654,1337,1491,1323,1492,1354,1493,1383,1494,1415,1424,1459,1451,1467,1479,1475,1505,1475,1530,1475,1328,1313,1358,1298,1389,1303,1413,1333,1384,1328,1353,1322,1539,1354,1569,1334,1598,1339,1617,1362,1595,1363,1566,1359,1365,1541,1408,1514,1451,1506,1477,1516,1505,1515,1532,1533,1550,1569,1521,1580,1491,1584,1462,1583,1434,1576,1397,1563,1379,1540,1447,1535,1473,1540,1500,1542,1537,1563,1496,1556,1468,1553,1442,1549
1007,h,1,1,1176,1176,1711,1711,33.56666666666667,1195,1333,1190,1399,1190,1465,1197,1528,1221,1585,1265,1628,1320,1658,1377,1682,1438,1696,1494,1695,1541,1674,1583,1641,1614,1597,1638,1548,1656,1497,1665,1443,1666,1391,1289,1277,1327,1250,1375,1246,1423,1256,1466,1275,1528,1290,1565,1288,1603,1292,1636,1303,1655,1332,1492,1325,1492,1355,1493,1383,1494,1415,1423,1459,1451,1467,1479,1475,1505,1474,1530,1474,1329,1312,1359,1297,1390,1303,1414,1332,1385,1327,1353,1321,1538,1354,1568,1333,1597,1338,1617,1362,1595,1363,1566,1359,1365,1540,1410,1515,1452,1507,1476,1516,1503,1515,1531,1532,1549,1567,1521,1579,1491,1585,1463,1583,1436,1577,1399,1564,1380,1539,1448,1535,1472,1539,1499,1542,1536,1561,1496,1555,1468,1553,1443,1549
1008,h,1,1,1176,1176,1711,1711,33.6,1191,1344,1186,1408,1186,1473,1192,1535,1215,1593,1257,1637,1314,1666,1372,1690,1433,1703,1489,1702,1537,1681,1580,1648,1611,1603,1634,1553,1652,1501,1662,1447,1664,1396,1288,1275,1328,1249,1375,1246,1423,1256,1466,1275,1526,1291,1563,1288,1601,1291,1634,1304,1652,1335,1490,1323,1491,1354,1492,1383,1493,1415,1422,1460,1449,1468,1478,1477,1503,1476,1528,1475,1326,1313,1356,1299,1387,1304,1411,1331,1382,1327,1351,1321,1537,1353,1567,1335,1595,1339,1615,1362,1593,1363,1564,1359,1361,1541,1406,1515,1449,1507,1474,1517,1502,1516,1529,1533,1546,1569,1518,1581,1488,1586,1459,1583,1432,1578,1395,1565,1376,1540,1445,1535,1470,1540,1497,1542,1533,1564,1493,1557,1465,1555,1439,1550
1009,h,1,1,1176,1176,1711,1711,33.63333333333333,1191,1344,1186,1408,1186,1473,1192,1535,1215,1593,1257,1637,1314,1666,1372,1690,1433,1703,1489,1702,1537,1681,1580,1648,1611,1603,1634,1553,1652,1501,1662,1447,1664,1396,1288,1275,1328,1249,1375,1246,1423,1256,1466,1275,1526,1291,1563,1288,1601,1291,1634,1304,1652,1335,1490,1323,1491,1354,1492,1383,1493,1415,1422,1460,1449,1468,1478,1477,1503,1476,1528,1475,1326,1313,1356,1299,1387,1304,1411,1331,1382,1327,1351,1321,1537,1353,1567,1335,1595,1339,1615,1362,1593,1363,1564,1359,1361,1541,1406,1515,1449,1507,1474,1517,1502,1516,1529,1533,1546,1569,1518,1581,1488,1586,1459,1583,1432,1578,1395,1565,1376,1540,1445,1535,1470,1540,1497,1542,1533,1564,1493,1557,1465,1555,1439,1550
1010,h,1,1,1176,1176,1711,1711,33.666666666666664,1192,1335,1185,1399,1185,1465,1191,1527,1214,1586,1257,1630,1314,1661,1373,1686,1436,1701,1491,1699,1539,1677,1581,1644,1613,1599,1636,1548,1653,1496,1662,1443,1665,1393,1288,1277,1328,1250,1375,1246,1423,1256,1466,1275,1526,1290,1564,1288,1602,1292,1635,1304,1654,1335,1491,1324,1491,1354,1491,1383,1492,1416,1421,1460,1449,1468,1477,1477,1503,1476,1528,1475,1328,1311,1358,1298,1389,1304,1413,1332,1384,1328,1353,1321,1537,1353,1567,1334,1595,1338,1614,1361,1593,1362,1565,1358,1362,1544,1405,1516,1447,1507,1473,1517,1502,1516,1530,1534,1547,1570,1521,1581,1491,1587,1461,1585,1432,1579,1396,1565,1377,1543,1443,1536,1469,1540,1498,1543,1535,1564,1495,1558,1466,1556,1439,1552
1011,h,1,1,1228,1228,1673,1673,33.7,1204,1333,1200,1397,1203,1461,1210,1522,1231,1579,1270,1625,1321,1657,1376,1682,1436,1695,1492,1694,1541,1675,1582,1644,1612,1600,1633,1551,1650,1501,1661,1448,1664,1396,1287,1277,1327,1252,1375,1248,1422,1259,1465,1276,1526,1290,1565,1288,1603,1292,1637,1306,1655,1336,1489,1325,1489,1356,1489,1385,1490,1417,1422,1460,1449,1467,1476,1476,1502,1475,1526,1474,1331,1315,1361,1301,1391,1306,1415,1334,1386,1330,1355,1324,1536,1354,1565,1335,1594,1340,1614,1362,1592,1363,1563,1359,1364,1543,1406,1517,1447,1508,1472,1518,1500,1517,1528,1535,1546,1570,1518,1582,1488,1588,1459,1586,1432,1581,1397,1567,1378,1543,1443,1536,1468,1541,1495,1543,1534,1565,1492,1559,1464,1557,1438,1552
1012,h,1,1,1176,1176,1711,1711,33.733333333333334,1197,1334,1192,1398,1192,1463,1198,1526,1219,1583,1261,1627,1315,1656,1371,1681,1431,1696,1486,1695,1537,1675,1582,1642,1614,1597,1637,1547,1655,1495,1664,1442,1668,1390,1289,1272,1330,1249,1376,1246,1422,1258,1464,1275,1524,1291,1561,1289,1598,1292,1633,1303,1655,1332,1488,1326,1487,1356,1487,1385,1487,1417,1419,1461,1446,1468,1474,1478,1500,1476,1524,1476,1330,1319,1361,1312,1389,1317,1413,1337,1385,1333,1356,1327,1535,1358,1565,1347,1591,1352,1612,1368,1589,1368,1562,1364,1359,1542,1403,1517,1445,1509,1471,1519,1499,1517,1528,1534,1546,1568,1517,1582,1487,1588,1456,1587,1428,1581,1393,1567,1374,1542,1440,1537,1467,1543,1495,1545,1534,1564,1491,1559,1462,1557,1435,1552
1013,h,1,1,1176,1176,1711,1711,33.766666666666666,1197,1334,1192,1398,1192,1463,1198,1526,1219,1583,1261,1627,1315,1656,1371,1681,1431,1696,1486,1695,1537,1675,1582,1642,1614,1597,1637,1547,1655,1495,1664,1442,1668,1390,1289,1272,1330,1249,1376,1246,1422,1258,1464,1275,1524,1291,1561,1289,1598,1292,1633,1303,1655,1332,1488,1326,1487,1356,1487,1385,1487,1417,1419,1461,1446,1468,1474,1478,1500,1476,1524,1476,1330,1319,1361,1312,1389,1317,1413,1337,1385,1333,1356,1327,1535,1358,1565,1347,1591,1352,1612,1368,1589,1368,1562,1364,1359,1542,1403,1517,1445,1509,1471,1519,1499,1517,1528,1534,1546,1568,1517,1582,1487,1588,1456,1587,1428,1581,1393,1567,1374,1542,1440,1537,1467,1543,1495,1545,1534,1564,1491,1559,1462,1557,1435,1552
1014,h,1,1,1228,1228,1673,1673,33.8,1202,1332,1198,1397,1200,1462,1207,1524,1228,1582,1268,1627,1319,1658,1374,1682,1434,1695,1490,1694,1539,1673,1581,1642,1611,1599,1633,1551,1649,1500,1660,1448,1665,1396,1285,1276,1326,1252,1375,1248,1423,1258,1465,1277,1525,1291,1563,1288,1602,1291,1636,1304,1655,1335,1488,1326,1488,1356,1488,1386,1488,1418,1420,1460,1447,1467,1475,1476,1500,1475,1524,1474,1331,1317,1361,1306,1390,1311,1414,1335,1385,1332,1355,1325,1534,1356,1563,1340,1591,1345,1611,1364,1588,1365,1561,1361,1360,1543,1402,1517,1443,1509,1469,1518,1497,1516,1525,1534,1544,1569,1516,1581,1485,1587,1457,1586,1429,1580,1393,1567,1375,1543,1439,1536,1465,1541,1493,1542,1532,1564,1490,1559,1462,1557,1435,1553
1015,h,1,1,1176,1176,1711,1711,33.833333333333336,1193,1336,1187,1400,1188,1465,1194,1527,1218,1584,1261,1629,1317,1659,1374,1684,1433,1699,1487,1697,1535,1676,1577,1644,1610,1599,1633,1550,1651,1498,1662,1444,1664,1392,1283,1278,1324,1251,1372,1247,1420,1257,1462,1277,1521,1291,1559,1287,1598,1291,1632,1305,1653,1336,1486,1324,1486,1356,1487,1385,1488,1418,1418,1461,1446,1469,1473,1478,1499,1477,1524,1476,1324,1315,1355,1303,1386,1309,1410,1335,1381,1330,1350,1324,1533,1355,1563,1338,1591,1343,1611,1364,1589,1364,1561,1360,1358,1543,1402,1517,1444,1509,1469,1519,1497,1517,1526,1535,1544,1569,1516,1582,1486,1588,1456,1587,1429,1581,1393,1567,1373,1543,1439,1536,1465,1541,1493,1543,1532,1564,1491,1560,1462,1558,1435,1554
1016,h,1,1,1176,1176,1711,1711,33.86666666666667,1194,1338,1188,1401,1187,1466,1194,1528,1217,1585,1260,1629,1315,1659,1372,1686,1431,1700,1486,1698,1533,1676,1576,1644,1608,1600,1632,1551,1651,1500,1662,1446,1664,1395,1284,1276,1324,1250,1371,1246,1418,1257,1460,1275,1523,1290,1559,1287,1596,1291,1629,1303,1649,1332,1486,1326,1486,1356,1487,1385,1487,1417,1418,1461,1445,1469,1472,1478,1498,1477,1523,1476,1324,1315,1354,1301,1385,1308,1410,1335,1380,1331,1349,1325,1532,1356,1561,1336,1590,1340,1610,1363,1588,1364,1560,1361,1359,1542,1402,1517,1444,1509,1469,1519,1497,1518,1526,1535,1545,1569,1516,1583,1485,1589,1455,1588,1428,1582,1392,1567,1373,1542,1440,1537,1465,1542,1493,1545,1532,1565,1489,1560,1461,1557,1435,1553
1017,h,1,1,1176,1176,1711,1711,33.9,1194,1338,1188,1401,1187,1466,1194,1528,1217,1585,1260,1629,1315,1659,1372,1686,1431,1700,1486,1698,1533,1676,1576,1644,1608,1600,1632,1551,1651,1500,1662,1446,1664,1395,1284,1276,1324,1250,1371,1246,1418,1257,1460,1275,1523,1290,1559,1287,1596,1291,1629,1303,1649,1332,1486,1326,1486,1356,1487,1385,1487,1417,1418,1461,1445,1469,1472,1478,1498,1477,1523,1476,1324,1315,1354,1301,1385,1308,1410,1335,1380,1331,1349,1325,1532,1356,1561,1336,1590,1340,1610,1363,1588,1364,1560,1361,1359,1542,1402,1517,1444,1509,1469,1519,1497,1518,1526,1535,1545,1569,1516,1583,1485,1589,1455,1588,1428,1582,1392,1567,1373,1542,1440,1537,1465,1542,1493,1545,1532,1565,1489,1560,1461,1557,1435,1553
1018,h,1,1,1176,1176,1711,1711,33.93333333333333,1192,1338,1185,1402,1184,1467,1189,1529,1212,1588,1254,1632,1310,1662,1368,1688,1428,1702,1484,1700,1532,1679,1575,1645,1607,1600,1630,1550,1649,1498,1658,1444,1660,1393,1282,1278,1321,1251,1368,1246,1416,1257,1459,1275,1521,1291,1558,1288,1596,1291,1630,1305,1648,1336,1485,1324,1484,1354,1485,1383,1486,1416,1417,1460,1445,1467,1472,1476,1498,1475,1522,1474,1323,1314,1352,1300,1384,1306,1408,1334,1378,1330,1347,1324,1530,1355,1560,1335,1588,1339,1608,1362,1586,1363,1558,1360,1356,1540,1400,1516,1444,1507,1469,1517,1497,1515,1524,1532,1543,1567,1515,1581,1485,1588,1455,1587,1428,1581,1390,1566,1371,1540,1439,1535,1465,1540,1493,1542,1530,1562,1489,1558,1460,1557,1434,1553
1019,h,1,1,1176,1176,1711,1711,33.96666666666667,1188,1341,1182,1405,1182,1470,1189,1532,1215,1589,1260,1632,1317,1661,1374,1686,1435,1699,1490,1697,1536,1675,1577,1642,1609,1597,1632,1546,1648,1494,1657,1440,1658,1388,1281,1277,1321,1250,1368,1247,1415,1257,1458,1275,1518,1290,1556,1288,1594,1291,1627,1305,1644,1337,1484,1323,1484,1354,1485,1383,1486,1415,1418,1459,1445,1467,1472,1476,1497,1475,1520,1474,1322,1313,1351,1299,1382,1305,1404,1332,1376,1328,1346,1322,1531,1353,1560,1334,1588,1338,1607,1361,1586,1362,1558,1359,1358,1541,1403,1516,1445,1507,1469,1517,1496,1515,1524,1533,1543,1564,1516,1576,1486,1583,1457,1582,1431,1576,1394,1562,1374,1540,1441,1535,1465,1539,1493,1542,1530,1560,1490,1554,1462,1553,1437,1548
1020,h,1,1,1228,1228,1673,1673,34.0,1193,1337,1191,1400,1193,1462,1201,1523,1222,1580,1261,1624,1314,1655,1369,1678,1430,1691,1487,1689,1535,1670,1576,1640,1606,1598,1628,1550,1644,1500,1655,1447,1660,1396,1276,1279,1316,1253,1364,1248,1413,1257,1458,1275,1518,1289,1558,1286,1597,1290,1632,1305,1651,1336,1482,1322,1481,1353,1482,1383,1483,1416,1414,1459,1441,1465,1468,1473,1494,1473,1519,1472,1319,1313,1350,1299,1381,1304,1405,1332,1375,1328,1344,1322,1529,1352,1559,1332,1588,1337,1608,1359,1585,1361,1556,1356,1357,1536,1400,1514,1441,1506,1465,1515,1492,1514,1520,1531,1542,1562,1512,1574,1480,1579,1452,1577,1426,1571,1390,1558,1373,1536,1436,1533,1461,1539,1488,1540,1529,1557,1485,1549,1458,1548,1433,1543
1021,h,1,1,1228,1228,1673,1673,34.03333333333333,1193,1337,1191,1400,1193,1462,1201,1523,1222,1580,1261,1624,1314,1655,1369,1678,1430,1691,1487,1689,1535,1670,1576,1640,1606,1598,1628,1550,1644,1500,1655,1447,1660,1396,1276,1279,1316,1253,1364,1248,1413,1257,1458,1275,1518,1289,1558,1286,1597,1290,1632,1305,1651,1336,1482,1322,1481,1353,1482,1383,1483,1416,1414,1459,1441,1465,1468,1473,1494,1473,1519,1472,1319,1313,1350,1299,1381,1304,1405,1332,1375,1328,1344,1322,1529,1352,1559,1332,1588,1337,1608,1359,1585,1361,1556,1356,1357,1536,1400,1514,1441,1506,1465,1515,1492,1514,1520,1531,1542,1562,1512,1574,1480,1579,1452,1577,1426,1571,1390,1558,1373,1536,1436,1533,1461,1539,1488,1540,1529,1557,1485,1549,1458,1548,1433,1543
1022,h,1,1,1228,1228,1673,1673,34.06666666666667,1195,1332,1192,1395,1194,1458,1201,1519,1222,1576,1261,1621,1313,1652,1369,1676,1431,1688,1487,1687,1535,1668,1576,1638,1606,1596,1627,1548,1644,1498,1656,1446,1661,1394,1277,1276,1317,1251,1364,1246,1412,1256,1456,1274,1516,1287,1555,1284,1595,1288,1630,1302,1649,1334,1480,1321,1479,1353,1480,1383,1480,1417,1414,1459,1440,1466,1467,1474,1493,1473,1517,1472,1319,1312,1349,1298,1380,1303,1404,1331,1375,1327,1344,1321,1527,1350,1556,1331,1585,1334,1606,1357,1583,1359,1554,1355,1357,1537,1399,1516,1440,1508,1465,1517,1491,1515,1519,1531,1540,1560,1511,1571,1481,1577,1453,1576,1426,1570,1390,1556,1372,1537,1436,1534,1461,1539,1487,1540,1528,1556,1485,1548,1458,1547,1432,1542
1023,h,1,1,1228,1228,1673,1673,34.1,1191,1333,1188,1396,1190,1459,1197,1521,1218,1578,1258,1623,1310,1654,1367,1676,1429,1687,1486,1686,1534,1667,1575,1638,1604,1596,1624,1548,1640,1499,1652,1448,1657,1397,1277,1275,1317,1251,1364,1247,1412,1257,1455,1274,1518,1288,1556,1286,1595,1290,1630,1303,1649,1334,1480,1322,1480,1354,1480,1384,1480,1418,1414,1460,1440,1466,1467,1475,1492,1474,1516,1473,1319,1312,1349,1297,1380,1303,1404,1331,1374,1328,1343,1322,1527,1351,1556,1331,1585,1335,1605,1357,1582,1360,1554,1356,1355,1539,1397,1516,1439,1508,1464,1518,1490,1515,1518,1531,1537,1561,1509,1572,1480,1578,1452,1577,1425,1571,1388,1557,1370,1538,1435,1535,1461,1540,1486,1542,1525,1556,1484,1549,1457,1547,1431,1542
1024,h,1,1,1228,1228,1673,1673,34.13333333333333,1191,1333,1188,1396,1190,1459,1197,1521,1218,1578,1258,1623,1310,1654,1367,1676,1429,1687,1486,1686,1534,1667,1575,1638,1604,1596,1624,1548,1640,1499,1652,1448,1657,1397,1277,1275,1317,1251,1364,1247,1412,1257,1455,1274,1518,1288,1556,1286,1595,1290,1630,1303,1649,1334,1480,1322,1480,1354,1480,1384,1480,1418,1414,1460,1440,1466,1467,1475,1492,1474,1516,1473,1319,1312,1349,1297,1380,1303,1404,1331,1374,1328,1343,1322,1527,1351,1556,1331,1585,1335,1605,1357,1582,1360,1554,1356,1355,1539,1397,1516,1439,1508,1464,1518,1490,1515,1518,1531,1537,1561,1509,1572,1480,1578,1452,1577,1425,1571,1388,1557,1370,1538,1435,1535,1461,1540,1486,1542,1525,1556,1484,1549,1457,1547,1431,1542
1025,h,1,1,1228,1228,1673,1673,34.166666666666664,1193,1332,1189,1396,1190,1458,1197,1520,1218,1578,1258,1623,1311,1654,1368,1675,1431,1687,1489,1686,1536,1666,1577,1637,1606,1595,1627,1547,1643,1499,1653,1448,1658,1398,1276,1275,1316,1251,1364,1247,1412,1257,1456,1274,1517,1288,1556,1284,1596,1288,1631,1302,1651,1334,1480,1322,1480,1354,1481,1384,1482,1418,1414,1461,1440,1467,1468,1476,1493,1475,1517,1474,1317,1313,1347,1298,1379,1304,1403,1332,1373,1329,1342,1323,1527,1351,1556,1330,1585,1334,1606,1357,1583,1360,1554,1356,1353,1541,1396,1517,1438,1509,1464,1519,1491,1517,1519,1533,1538,1562,1510,1574,1480,1580,1452,1579,1424,1573,1387,1559,1368,1540,1434,1537,1460,1542,1487,1543,1525,1558,1484,1550,1457,1550,1430,1545
1026,h,1,1,1228,1228,1673,1673,34.2,1194,1335,1192,1399,1194,1462,1201,1523,1221,1580,1260,1626,1311,1657,1367,1681,1429,1694,1486,1692,1535,1671,1576,1641,1606,1598,1626,1549,1642,1500,1653,1449,1659,1397,1273,1283,1311,1254,1360,1248,1409,1257,1454,1272,1517,1287,1558,1286,1600,1291,1636,1309,1654,1345,1479,1323,1479,1354,1479,1384,1479,1418,1411,1460,1438,1466,1466,1474,1491,1474,1516,1473,1317,1313,1347,1298,1378,1304,1402,1332,1373,1328,1341,1322,1529,1353,1557,1332,1586,1337,1607,1360,1584,1361,1555,1357,1354,1542,1396,1517,1437,1509,1462,1518,1488,1516,1516,1532,1535,1564,1508,1578,1478,1584,1450,1583,1423,1577,1386,1562,1369,1541,1433,1535,1458,1540,1484,1541,1522,1559,1482,1555,1455,1553,1429,1548
1027,h,1,1,1228,1228,1673,1673,34.233333333333334,1192,1335,1188,1400,1190,1464,1198,1526,1220,1582,1260,1627,1312,1658,1368,1682,1428,1694,1485,1692,1533,1671,1574,1640,1604,1598,1625,1550,1642,1500,1654,1449,1658,1398,1277,1278,1317,1253,1364,1249,1412,1258,1456,1274,1517,1290,1555,1287,1595,1291,1629,1304,1648,1335,1480,1324,1480,1355,1480,1385,1480,1419,1412,1461,1438,1468,1467,1476,1493,1476,1518,1475,1319,1312,1348,1298,1379,1303,1404,1332,1374,1328,1343,1322,1527,1353,1556,1332,1585,1336,1606,1358,1583,1361,1554,1357,1354,1542,1396,1517,1438,1509,1463,1519,1490,1517,1518,1533,1536,1565,1509,1580,1478,1587,1450,1586,1423,1580,1387,1564,1370,1541,1433,1535,1459,1541,1485,1543,1523,1561,1482,1558,1455,1557,1429,1551
1028,h,1,1,1228,1228,1673,1673,34.266666666666666,1192,1335,1188,1400,1190,1464,1198,1526,1220,1582,1260,1627,1312,1658,1368,1682,1428,1694,1485,1692,1533,1671,1574,1640,1604,1598,1625,1550,1642,1500,1654,1449,1658,1398,1277,1278,1317,1253,1364,1249,1412,1258,1456,1274,1517,1290,1555,1287,1595,1291,1629,1304,1648,1335,1480,1324,1480,1355,1480,1385,1480,1419,1412,1461,1438,1468,1467,1476,1493,1476,1518,1475,1319,1312,1348,1298,1379,1303,1404,1332,1374,1328,1343,1322,1527,1353,1556,1332,1585,1336,1606,1358,1583,1361,1554,1357,1354,1542,1396,1517,1438,1509,1463,1519,1490,1517,1518,1533,1536,1565,1509,1580,1478,1587,1450,1586,1423,1580,1387,1564,1370,1541,1433,1535,1459,1541,1485,1543,1523,1561,1482,1558,1455,1557,1429,1551
1029,h,1,1,1176,1176,1711,1711,34.3,1184,1338,1178,1404,1177,1469,1184,1531,1208,1588,1250,1631,1306,1660,1363,1683,1423,1698,1478,1696,1528,1674,1572,1641,1605,1596,1630,1548,1648,1496,1657,1444,1659,1393,1276,1277,1316,1252,1362,1248,1409,1257,1453,1273,1519,1290,1556,1288,1594,1291,1629,1303,1650,1333,1479,1325,1479,1355,1479,1384,1480,1416,1412,1460,1439,1467,1466,1476,1492,1475,1516,1473,1316,1314,1346,1299,1377,1305,1402,1334,1371,1329,1340,1323,1528,1354,1556,1333,1585,1337,1606,1361,1583,1362,1554,1359,1352,1543,1395,1517,1438,1509,1463,1518,1491,1516,1518,1532,1536,1567,1509,1582,1479,1589,1450,1588,1422,1582,1385,1568,1367,1542,1433,1535,1460,1540,1486,1542,1523,1562,1483,1561,1455,1559,1429,1555
1030,h,1,1,1176,1176,1711,1711,34.333333333333336,1187,1339,1181,1403,1181,1469,1187,1532,1211,1589,1255,1632,1311,1661,1369,1683,1427,1696,1481,1693,1528,1672,1571,1640,1604,1597,1628,1548,1646,1498,1655,1446,1658,1396,1276,1278,1315,1251,1362,1247,1409,1256,1453,1273,1517,1289,1556,1287,1596,1291,1631,1305,1650,1337,1479,1325,1479,1356,1480,1385,1480,1417,1411,1462,1438,1468,1466,1477,1492,1476,1517,1475,1315,1314,1346,1299,1377,1305,1401,1334,1372,1330,1340,1323,1528,1355,1556,1334,1585,1338,1607,1361,1584,1362,1554,1359,1353,1546,1396,1519,1438,1510,1464,1519,1491,1516,1520,1534,1537,1569,1510,1583,1480,1591,1451,1590,1423,1584,1386,1569,1368,1545,1434,1538,1460,1542,1487,1544,1524,1563,1484,1562,1456,1560,1430,1556
1031,h,1,1,1228,1228,1673,1673,34.36666666666667,1191,1336,1187,1401,1191,1465,1199,1527,1221,1585,1260,1630,1311,1662,1367,1686,1428,1700,1485,1698,1533,1677,1576,1645,1605,1601,1627,1551,1644,1501,1655,1448,1659,1396,1276,1280,1314,1253,1362,1248,1410,1258,1454,1274,1518,1291,1556,1287,1595,1291,1630,1306,1649,1338,1479,1323,1479,1355,1479,1385,1479,1419,1411,1462,1439,1468,1466,1476,1493,1475,1517,1474,1317,1314,1347,1299,1378,1304,1404,1334,1373,1329,1342,1323,1526,1353,1555,1332,1584,1336,1606,1359,1582,1361,1553,1357,1354,1546,1396,1519,1437,1510,1463,1520,1490,1517,1519,1534,1537,1570,1510,1584,1479,1592,1451,1591,1423,1585,1386,1569,1369,1545,1433,1537,1459,1542,1486,1543,1525,1564,1484,1562,1456,1561,1429,1556
1032,h,1,1,1228,1228,1673,1673,34.4,1191,1336,1187,1401,1191,1465,1199,1527,1221,1585,1260,1630,1311,1662,1367,1686,1428,1700,1485,1698,1533,1677,1576,1645,1605,1601,1627,1551,1644,1501,1655,1448,1659,1396,1276,1280,1314,1253,1362,1248,1410,1258,1454,1274,1518,1291,1556,1287,1595,1291,1630,1306,1649,1338,1479,1323,1479,1355,1479,1385,1479,1419,1411,1462,1439,1468,1466,1476,1493,1475,1517,1474,1317,1314,1347,1299,1378,1304,1404,1334,1373,1329,1342,1323,1526,1353,1555,1332,1584,1336,1606,1359,1582,1361,1553,1357,1354,1546,1396,1519,1437,1510,1463,1520,1490,1517,1519,1534,1537,1570,1510,1584,1479,1592,1451,1591,1423,1585,1386,1569,1369,1545,1433,1537,1459,1542,1486,1543,1525,1564,1484,1562,1456,1561,1429,1556
1033,h,1,1,1228,1228,1673,1673,34.43333333333333,1187,1337,1183,1402,1184,1467,1191,1529,1213,1587,1254,1632,1308,1662,1365,1686,1427,1700,1484,1697,1532,1675,1574,1644,1605,1601,1626,1552,1643,1501,1654,1448,1658,1396,1274,1280,1313,1254,1361,1249,1410,1257,1455,1274,1514,1289,1553,1287,1594,1291,1629,1306,1649,1337,1478,1324,1478,1355,1479,1385,1479,1418,1410,1462,1437,1468,1465,1477,1491,1476,1516,1475,1316,1314,1346,1299,1377,1305,1402,1333,1372,1329,1341,1323,1526,1353,1554,1333,1584,1337,1605,1360,1581,1361,1552,1357,1353,1547,1394,1519,1436,1511,1462,1520,1489,1518,1519,1534,1537,1569,1510,1584,1478,1592,1449,1591,1421,1584,1384,1569,1368,1546,1431,1537,1458,1542,1485,1543,1524,1564,1482,1562,1455,1561,1428,1555
1034,h,1,1,1176,1176,1711,1711,34.46666666666667,1186,1342,1181,1407,1182,1473,1189,1536,1214,1593,1259,1636,1313,1666,1370,1689,1430,1702,1485,1699,1534,1676,1576,1642,1608,1597,1630,1548,1648,1497,1658,1445,1660,1395,1278,1277,1317,1253,1363,1249,1411,1258,1454,1275,1516,1289,1555,1287,1594,1290,1629,1302,1649,1333,1479,1324,1479,1355,1479,1385,1480,1418,1411,1462,1439,1469,1466,1479,1492,1477,1517,1476,1317,1315,1347,1300,1378,1306,1402,1335,1373,1331,1342,1324,1528,1355,1557,1334,1586,1338,1607,1362,1584,1363,1555,1360,1355,1547,1396,1519,1438,1510,1463,1520,1492,1518,1521,1536,1538,1572,1511,1586,1480,1593,1450,1592,1422,1586,1386,1571,1369,1547,1433,1539,1460,1544,1488,1545,1525,1567,1484,1563,1456,1562,1429,1557
1035,h,1,1,1228,1228,1673,1673,34.5,1188,1338,1183,1404,1185,1469,1192,1531,1213,1589,1253,1635,1306,1668,1362,1692,1424,1706,1482,1704,1532,1682,1574,1649,1604,1604,1625,1555,1643,1504,1654,1452,1658,1400,1276,1280,1315,1254,1363,1249,1411,1257,1454,1274,1516,1288,1555,1285,1595,1289,1630,1303,1649,1335,1479,1324,1478,1356,1478,1386,1479,1420,1410,1463,1437,1469,1465,1477,1492,1476,1516,1476,1318,1316,1347,1300,1378,1305,1402,1334,1373,1330,1342,1324,1527,1353,1555,1332,1584,1336,1605,1360,1582,1362,1553,1358,1352,1548,1393,1521,1436,1512,1463,1521,1491,1519,1519,1535,1537,1571,1511,1586,1480,1594,1450,1593,1422,1587,1384,1572,1367,1548,1432,1538,1459,1543,1486,1545,1525,1566,1484,1564,1456,1563,1428,1558
1036,h,1,1,1228,1228,1673,1673,34.53333333333333,1188,1338,1183,1404,1185,1469,1192,1531,1213,1589,1253,1635,1306,1668,1362,1692,1424,1706,1482,1704,1532,1682,1574,1649,1604,1604,1625,1555,1643,1504,1654,1452,1658,1400,1276,1280,1315,1254,1363,1249,1411,1257,1454,1274,1516,1288,1555,1285,1595,1289,1630,1303,1649,1335,1479,1324,1478,1356,1478,1386,1479,1420,1410,1463,1437,1469,1465,1477,1492,1476,1516,1476,1318,1316,1347,1300,1378,1305,1402,1334,1373,1330,1342,1324,1527,1353,1555,1332,1584,1336,1605,1360,1582,1362,1553,1358,1352,1548,1393,1521,1436,1512,1463,1521,1491,1519,1519,1535,1537,1571,1511,1586,1480,1594,1450,1593,1422,1587,1384,1572,1367,1548,1432,1538,1459,1543,1486,1545,1525,1566,1484,1564,1456,1563,1428,1558
1037,h,1,1,1228,1228,1673,1673,34.56666666666667,1189,1339,1186,1405,1189,1469,1197,1532,1219,1589,1258,1636,1310,1669,1365,1695,1428,1708,1486,1706,1536,1684,1578,1650,1607,1604,1627,1554,1645,1503,1655,1450,1659,1398,1274,1283,1313,1255,1361,1249,1411,1258,1455,1275,1515,1289,1555,1286,1595,1289,1631,1305,1649,1339,1478,1324,1478,1356,1478,1387,1479,1420,1411,1463,1438,1470,1465,1479,1492,1477,1516,1476,1316,1316,1346,1301,1377,1306,1402,1334,1372,1331,1341,1325,1527,1354,1556,1333,1586,1337,1606,1361,1583,1362,1554,1358,1352,1551,1394,1521,1436,1512,1463,1522,1491,1519,1520,1538,1539,1576,1511,1591,1480,1598,1450,1597,1421,1591,1384,1575,1367,1551,1432,1539,1459,1544,1487,1546,1526,1571,1484,1569,1456,1567,1428,1562
1038,h,1,1,1228,1228,1673,1673,34.6,1183,1342,1181,1408,1184,1474,1192,1537,1214,1595,1255,1642,1307,1674,1364,1701,1426,1715,1483,1712,1532,1688,1575,1654,1605,1608,1626,1557,1644,1504,1655,1451,1660,1398,1271,1287,1309,1257,1359,1250,1409,1259,1456,1276,1515,1289,1556,1287,1597,1291,1633,1309,1651,1344,1479,1324,1479,1356,1479,1387,1480,1421,1411,1464,1438,1471,1466,1479,1492,1478,1517,1477,1316,1317,1345,1301,1377,1306,1402,1335,1372,1331,1341,1325,1528,1354,1557,1334,1586,1338,1607,1362,1584,1363,1555,1359,1352,1553,1394,1523,1437,1514,1463,1523,1490,1521,1519,1539,1537,1578,1510,1597,1478,1605,1449,1604,1421,1598,1383,1581,1367,1552,1432,1540,1459,1545,1486,1547,1524,1572,1483,1575,1455,1574,1428,1569
1039,h,1,1,1228,1228,1673,1673,34.63333333333333,1183,1342,1181,1408,1184,1474,1192,1537,1214,1595,1255,1642,1307,1674,1364,1701,1426,1715,1483,1712,1532,1688,1575,1654,1605,1608,1626,1557,1644,1504,1655,1451,1660,1398,1271,1287,1309,1257,1359,1250,1409,1259,1456,1276,1515,1289,1556,1287,1597,1291,1633,1309,1651,1344,1479,1324,1479,1356,1479,1387,1480,1421,1411,1464,1438,1471,1466,1479,1492,1478,1517,1477,1316,1317,1345,1301,1377,1306,1402,1335,1372,1331,1341,1325,1528,1354,1557,1334,1586,1338,1607,1362,1584,1363,1555,1359,1352,1553,1394,1523,1437,1514,1463,1523,1490,1521,1519,1539,1537,1578,1510,1597,1478,1605,1449,1604,1421,1598,1383,1581,1367,1552,1432,1540,1459,1545,1486,1547,1524,1572,1483,1575,1455,1574,1428,1569
1040,h,1,1,1228,1228,1673,1673,34.666666666666664,1189,1337,1185,1403,1187,1469,1194,1532,1217,1591,1257,1638,1309,1673,1365,1700,1427,1714,1485,1712,1535,1689,1577,1654,1606,1606,1628,1555,1645,1503,1656,1450,1661,1397,1277,1282,1316,1256,1364,1251,1412,1260,1456,1278,1517,1291,1557,1289,1596,1292,1631,1307,1649,1339,1481,1325,1481,1357,1481,1388,1482,1421,1413,1464,1440,1471,1468,1480,1493,1478,1518,1477,1318,1317,1348,1301,1380,1306,1404,1336,1375,1332,1343,1326,1530,1355,1558,1335,1588,1339,1608,1363,1586,1364,1557,1360,1353,1553,1394,1522,1437,1513,1463,1522,1491,1521,1520,1539,1538,1578,1511,1596,1480,1605,1451,1603,1422,1597,1384,1580,1368,1552,1433,1540,1460,1545,1487,1547,1526,1573,1484,1575,1456,1573,1429,1568
1041,h,1,1,1228,1228,1673,1673,34.7,1190,1339,1186,1405,1188,1470,1197,1532,1221,1590,1261,1636,1312,1670,1368,1696,1431,1710,1488,1707,1536,1684,1577,1649,1606,1602,1627,1553,1646,1501,1657,1448,1661,1395,1279,1279,1318,1254,1366,1249,1414,1259,1457,1276,1518,1290,1557,1287,1596,1290,1631,1305,1649,1336,1482,1327,1482,1358,1483,1388,1483,1421,1414,1465,1441,1472,1469,1480,1494,1479,1518,1478,1319,1316,1349,1301,1381,1307,1405,1336,1375,1332,1344,1325,1530,1355,1559,1335,1589,1339,1609,1362,1586,1363,1557,1360,1356,1552,1396,1522,1439,1514,1465,1523,1492,1521,1521,1539,1539,1577,1512,1594,1481,1602,1452,1601,1424,1595,1387,1578,1371,1551,1435,1541,1461,1546,1488,1548,1526,1572,1485,1572,1458,1570,1431,1565
1042,h,1,1,1228,1228,1673,1673,34.733333333333334,1195,1337,1193,1402,1196,1467,1205,1529,1226,1587,1264,1634,1315,1667,1370,1693,1431,1707,1488,1705,1537,1683,1579,1649,1608,1602,1628,1552,1645,1500,1656,1448,1660,1394,1278,1282,1317,1255,1365,1250,1413,1260,1457,1277,1519,1291,1559,1288,1598,1291,1633,1306,1651,1338,1481,1326,1481,1357,1482,1388,1483,1421,1415,1464,1442,1471,1469,1480,1495,1479,1519,1478,1319,1316,1350,1301,1382,1306,1406,1336,1376,1332,1344,1326,1530,1356,1559,1334,1589,1338,1609,1362,1587,1364,1558,1360,1354,1551,1396,1522,1439,1513,1465,1523,1492,1520,1521,1539,1540,1575,1512,1591,1481,1598,1452,1597,1424,1591,1387,1575,1370,1550,1434,1541,1461,1546,1488,1548,1527,1570,1485,1568,1457,1567,1430,1562
1043,h,1,1,1228,1228,1673,1673,34.766666666666666,1195,1337,1193,1402,1196,1467,1205,1529,1226,1587,1264,1634,1315,1667,1370,1693,1431,1707,1488,1705,1537,1683,1579,1649,1608,1602,1628,1552,1645,1500,1656,1448,1660,1394,1278,1282,1317,1255,1365,1250,1413,1260,1457,1277,1519,1291,1559,1288,1598,1291,1633,1306,1651,1338,1481,1326,1481,1357,1482,1388,1483,1421,1415,1464,1442,1471,1469,1480,1495,1479,1519,1478,1319,1316,1350,1301,1382,1306,1406,1336,1376,1332,1344,1326,1530,1356,1559,1334,1589,1338,1609,1362,1587,1364,1558,1360,1354,1551,1396,1522,1439,1513,1465,1523,1492,1520,1521,1539,1540,1575,1512,1591,1481,1598,1452,1597,1424,1591,1387,1575,1370,1550,1434,1541,1461,1546,1488,1548,1527,1570,1485,1568,1457,1567,1430,1562
1044,h,1,1,1228,1228,1673,1673,34.8,1194,1337,1190,1402,1192,1466,1199,1528,1220,1585,1260,1630,1311,1663,1368,1687,1430,1702,1488,1701,1538,1680,1581,1648,1610,1603,1631,1554,1647,1504,1658,1452,1663,1399,1281,1279,1321,1254,1368,1250,1416,1260,1458,1277,1520,1290,1559,1288,1598,1292,1632,1307,1651,1339,1482,1325,1482,1357,1483,1387,1483,1421,1415,1464,1442,1472,1470,1480,1496,1479,1520,1478,1321,1315,1352,1301,1383,1306,1407,1335,1377,1331,1346,1325,1531,1355,1561,1335,1590,1339,1610,1362,1587,1363,1559,1359,1356,1546,1399,1522,1441,1513,1466,1523,1494,1521,1523,1538,1543,1572,1514,1586,1483,1591,1454,1590,1427,1584,1390,1569,1372,1546,1436,1540,1462,1546,1489,1547,1530,1567,1487,1562,1460,1560,1433,1554
1045,h,1,1,1228,1228,1673,1673,34.833333333333336,1195,1337,1192,1401,1195,1465,1203,1527,1224,1585,1264,1630,1316,1663,1372,1687,1435,1699,1491,1697,1539,1676,1581,1644,1610,1600,1631,1551,1648,1502,1659,1450,1663,1399,1281,1283,1320,1256,1368,1251,1416,1261,1459,1278,1522,1293,1562,1290,1601,1294,1636,1308,1654,1341,1484,1326,1484,1358,1484,1389,1485,1422,1415,1464,1443,1472,1471,1480,1498,1479,1523,1478,1322,1315,1353,1300,1385,1306,1409,1336,1379,1331,1348,1325,1533,1356,1562,1335,1592,1339,1612,1362,1590,1364,1561,1360,1355,1545,1400,1521,1441,1513,1467,1523,1495,1521,1525,1538,1546,1572,1516,1585,1485,1590,1455,1588,1427,1582,1390,1567,1371,1545,1437,1540,1464,1545,1491,1547,1533,1567,1489,1560,1461,1558,1433,1552
1046,h,1,1,1228,1228,1673,1673,34.86666666666667,1189,1342,1187,1407,1191,1471,1198,1532,1220,1588,1260,1633,1314,1664,1371,1687,1433,1701,1490,1700,1539,1679,1582,1647,1610,1603,1631,1554,1647,1504,1658,1452,1662,1400,1275,1286,1314,1257,1364,1251,1414,1260,1460,1277,1521,1290,1562,1289,1604,1294,1640,1312,1657,1348,1484,1326,1484,1357,1485,1387,1486,1420,1417,1465,1444,1471,1472,1479,1498,1478,1523,1478,1318,1318,1349,1302,1381,1306,1406,1336,1376,1331,1344,1326,1533,1356,1562,1336,1592,1340,1613,1365,1590,1365,1560,1361,1356,1547,1400,1522,1442,1513,1468,1522,1495,1520,1525,1537,1544,1572,1516,1586,1484,1592,1456,1590,1427,1584,1390,1570,1372,1546,1437,1539,1464,1545,1491,1546,1531,1567,1489,1562,1461,1560,1433,1555
1047,h,1,1,1228,1228,1673,1673,34.9,1189,1342,1187,1407,1191,1471,1198,1532,1220,1588,1260,1633,1314,1664,1371,1687,1433,1701,1490,1700,1539,1679,1582,1647,1610,1603,1631,1554,1647,1504,1658,1452,1662,1400,1275,1286,1314,1257,1364,1251,1414,1260,1460,1277,1521,1290,1562,1289,1604,1294,1640,1312,1657,1348,1484,1326,1484,1357,1485,1387,1486,1420,1417,1465,1444,1471,1472,1479,1498,1478,1523,1478,1318,1318,1349,1302,1381,1306,1406,1336,1376,1331,1344,1326,1533,1356,1562,1336,1592,1340,1613,1365,1590,1365,1560,1361,1356,1547,1400,1522,1442,1513,1468,1522,1495,1520,1525,1537,1544,1572,1516,1586,1484,1592,1456,1590,1427,1584,1390,1570,1372,1546,1437,1539,1464,1545,1491,1546,1531,1567,1489,1562,1461,1560,1433,1555
1048,h,1,1,1228,1228,1673,1673,34.93333333333333,1193,1341,1190,1406,1193,1470,1202,1531,1225,1588,1266,1632,1318,1664,1374,1688,1435,1701,1492,1700,1542,1679,1583,1647,1613,1604,1633,1555,1650,1505,1660,1453,1664,1402,1280,1281,1320,1254,1369,1250,1418,1260,1462,1278,1523,1291,1563,1288,1603,1292,1638,1307,1656,1340,1486,1326,1486,1358,1486,1388,1487,1421,1417,1464,1445,1471,1473,1480,1499,1479,1524,1478,1322,1316,1353,1301,1385,1307,1409,1337,1379,1332,1347,1326,1535,1356,1565,1335,1594,1339,1615,1363,1592,1364,1563,1360,1358,1548,1402,1521,1444,1513,1469,1522,1496,1520,1526,1537,1546,1572,1518,1585,1487,1591,1458,1590,1431,1584,1393,1569,1374,1547,1440,1540,1466,1545,1492,1547,1534,1567,1491,1562,1464,1560,1437,1555
1049,h,1,1,1176,1176,1711,1711,34.96666666666667,1190,1340,1184,1406,1185,1472,1191,1535,1217,1591,1262,1635,1318,1665,1375,1689,1436,1704,1490,1702,1537,1680,1579,1647,1611,1602,1635,1552,1653,1501,1664,1447,1667,1395,1285,1278,1326,1254,1373,1249,1421,1258,1464,1276,1524,1292,1563,1290,1602,1293,1637,1307,1658,1338,1489,1327,1488,1358,1489,1387,1490,1420,1419,1463,1446,1471,1474,1480,1500,1479,1525,1478,1325,1315,1356,1300,1388,1306,1411,1336,1382,1332,1350,1325,1536,1357,1565,1336,1595,1339,1615,1364,1593,1365,1564,1362,1359,1545,1403,1520,1446,1512,1470,1521,1498,1519,1527,1537,1547,1571,1518,1584,1487,1591,1458,1589,1430,1583,1393,1569,1374,1545,1441,1539,1467,1544,1493,1546,1533,1566,1491,1561,1463,1559,1437,1555
1050,h,1,1,1176,1176,1711,1711,35.0,1192,1335,1187,1401,1187,1467,1193,1531,1216,1589,1259,1632,1314,1661,1372,1686,1432,1700,1487,1698,1536,1677,1578,1644,1610,1599,1634,1549,1653,1498,1664,1445,1668,1393,1285,1278,1325,1254,1371,1250,1419,1259,1462,1277,1528,1293,1566,1291,1604,1294,1638,1306,1659,1335,1489,1327,1489,1358,1490,1387,1490,1419,1419,1461,1447,1470,1475,1479,1501,1477,1526,1476,1324,1316,1355,1302,1388,1308,1412,1336,1382,1333,1350,1327,1537,1357,1566,1337,1596,1341,1616,1364,1594,1366,1565,1362,1361,1544,1405,1520,1448,1512,1473,1521,1500,1519,1529,1536,1548,1571,1519,1584,1488,1590,1459,1589,1433,1583,1396,1570,1376,1544,1444,1539,1469,1544,1495,1545,1535,1566,1492,1560,1465,1559,1439,1554
1051,h,1,1,1176,1176,1711,1711,35.03333333333333,1192,1335,1187,1401,1187,1467,1193,1531,1216,1589,1259,1632,1314,1661,1372,1686,1432,1700,1487,1698,1536,1677,1578,1644,1610,1599,1634,1549,1653,1498,1664,1445,1668,1393,1285,1278,1325,1254,1371,1250,1419,1259,1462,1277,1528,1293,1566,1291,1604,1294,1638,1306,1659,1335,1489,1327,1489,1358,1490,1387,1490,1419,1419,1461,1447,1470,1475,1479,1501,1477,1526,1476,1324,1316,1355,1302,1388,1308,1412,1336,1382,1333,1350,1327,1537,1357,1566,1337,1596,1341,1616,1364,1594,1366,1565,1362,1361,1544,1405,1520,1448,1512,1473,1521,1500,1519,1529,1536,1548,1571,1519,1584,1488,1590,1459,1589,1433,1583,1396,1570,1376,1544,1444,1539,1469,1544,1495,1545,1535,1566,1492,1560,1465,1559,1439,1554
1052,h,1,1,1228,1228,1673,1673,35.06666666666667,1196,1337,1193,1404,1195,1469,1202,1531,1225,1589,1267,1632,1319,1662,1375,1687,1436,1700,1492,1698,1541,1677,1583,1647,1614,1604,1636,1556,1652,1506,1662,1454,1667,1404,1285,1278,1325,1252,1374,1248,1423,1258,1466,1276,1527,1290,1566,1287,1606,1292,1640,1307,1657,1339,1489,1325,1489,1357,1490,1387,1491,1420,1421,1462,1448,1469,1476,1478,1502,1478,1527,1476,1327,1314,1357,1300,1389,1305,1413,1334,1383,1329,1352,1323,1537,1354,1567,1334,1596,1339,1616,1363,1593,1363,1564,1359,1361,1543,1404,1519,1446,1511,1471,1520,1497,1519,1527,1536,1546,1569,1518,1582,1486,1588,1458,1586,1431,1581,1394,1567,1376,1543,1441,1537,1467,1542,1493,1544,1533,1564,1490,1559,1463,1557,1437,1552
1053,h,1,1,1228,1228,1673,1673,35.1,1195,1337,1190,1402,1192,1467,1199,1529,1222,1587,1265,1630,1319,1660,1376,1684,1436,1697,1493,1695,1540,1674,1583,1643,1614,1600,1636,1552,1653,1503,1664,1450,1669,1399,1285,1278,1325,1252,1374,1248,1423,1257,1467,1276,1528,1291,1567,1288,1606,1292,1641,1306,1658,1337,1491,1325,1491,1357,1492,1387,1493,1420,1422,1462,1450,1470,1478,1479,1504,1478,1529,1476,1327,1315,1358,1299,1390,1304,1414,1334,1384,1330,1353,1324,1538,1354,1568,1334,1597,1338,1617,1362,1595,1363,1566,1359,1362,1544,1406,1519,1449,1511,1474,1520,1501,1518,1530,1536,1549,1569,1521,1582,1489,1589,1461,1588,1434,1582,1396,1568,1377,1544,1445,1538,1470,1543,1497,1545,1537,1565,1493,1559,1466,1557,1440,1552
1054,h,1,1,1228,1228,1673,1673,35.13333333333333,1195,1337,1190,1402,1192,1467,1199,1529,1222,1587,1265,1630,1319,1660,1376,1684,1436,1697,1493,1695,1540,1674,1583,1643,1614,1600,1636,1552,1653,1503,1664,1450,1669,1399,1285,1278,1325,1252,1374,1248,1423,1257,1467,1276,1528,1291,1567,1288,1606,1292,1641,1306,1658,1337,1491,1325,1491,1357,1492,1387,1493,1420,1422,1462,1450,1470,1478,1479,1504,1478,1529,1476,1327,1315,1358,1299,1390,1304,1414,1334,1384,1330,1353,1324,1538,1354,1568,1334,1597,1338,1617,1362,1595,1363,1566,1359,1362,1544,1406,1519,1449,1511,1474,1520,1501,1518,1530,1536,1549,1569,1521,1582,1489,1589,1461,1588,1434,1582,1396,1568,1377,1544,1445,1538,1470,1543,1497,1545,1537,1565,1493,1559,1466,1557,1440,1552
1055,h,1,1,1176,1176,1711,1711,35.166666666666664,1194,1343,1188,1407,1188,1471,1193,1534,1216,1593,1258,1638,1314,1669,1372,1695,1435,1710,1492,1707,1539,1684,1582,1649,1612,1602,1635,1552,1653,1501,1663,1449,1665,1401,1288,1279,1327,1252,1376,1248,1425,1258,1469,1276,1528,1291,1568,1290,1607,1294,1641,1308,1658,1341,1492,1324,1492,1356,1493,1386,1494,1420,1424,1461,1451,1470,1479,1479,1505,1478,1530,1477,1329,1314,1359,1299,1390,1305,1414,1333,1385,1329,1354,1322,1540,1354,1570,1335,1598,1339,1617,1363,1595,1364,1567,1359,1361,1544,1406,1519,1450,1511,1477,1520,1506,1519,1535,1536,1554,1574,1524,1587,1493,1591,1462,1589,1433,1583,1395,1569,1376,1544,1446,1538,1474,1543,1502,1546,1542,1568,1497,1562,1468,1560,1440,1555
1056,h,1,1,1176,1176,1711,1711,35.2,1196,1337,1190,1401,1190,1466,1194,1530,1215,1589,1259,1635,1314,1666,1370,1695,1431,1711,1489,1709,1538,1685,1580,1649,1612,1602,1637,1550,1655,1498,1665,1445,1670,1393,1291,1275,1332,1251,1379,1247,1428,1257,1471,1275,1532,1291,1571,1290,1609,1295,1643,1307,1661,1338,1494,1325,1494,1356,1495,1385,1496,1418,1425,1461,1453,1470,1481,1479,1507,1478,1532,1477,1330,1313,1361,1299,1392,1305,1416,1334,1386,1329,1355,1322,1541,1355,1571,1336,1600,1341,1620,1364,1598,1365,1569,1361,1357,1542,1406,1520,1452,1511,1477,1520,1506,1519,1536,1537,1552,1575,1524,1592,1492,1600,1461,1598,1433,1592,1394,1576,1373,1545,1447,1538,1473,1543,1502,1546,1539,1570,1497,1570,1468,1569,1441,1564
1057,h,1,1,1176,1176,1711,1711,35.233333333333334,1200,1337,1194,1401,1194,1466,1200,1530,1221,1589,1263,1637,1318,1670,1374,1698,1435,1714,1492,1712,1540,1687,1583,1652,1613,1604,1637,1552,1655,1500,1666,1447,1670,1396,1292,1278,1332,1252,1379,1248,1427,1258,1471,1276,1533,1292,1572,1291,1611,1296,1646,1310,1665,1342,1495,1325,1495,1356,1496,1386,1497,1419,1426,1462,1454,1470,1481,1479,1508,1478,1533,1477,1332,1312,1361,1298,1393,1304,1416,1333,1387,1328,1356,1322,1543,1354,1573,1335,1602,1340,1622,1364,1599,1365,1571,1360,1361,1545,1406,1521,1452,1512,1478,1521,1508,1519,1537,1537,1553,1575,1526,1592,1494,1599,1463,1598,1434,1592,1395,1575,1376,1547,1447,1539,1474,1545,1503,1546,1541,1570,1499,1569,1469,1568,1442,1563
1058,h,1,1,1176,1176,1711,1711,35.266666666666666,1200,1337,1194,1401,1194,1466,1200,1530,1221,1589,1263,1637,1318,1670,1374,1698,1435,1714,1492,1712,1540,1687,1583,1652,1613,1604,1637,1552,1655,1500,1666,1447,1670,1396,1292,1278,1332,1252,1379,1248,1427,1258,1471,1276,1533,1292,1572,1291,1611,1296,1646,1310,1665,1342,1495,1325,1495,1356,1496,1386,1497,1419,1426,1462,1454,1470,1481,1479,1508,1478,1533,1477,1332,1312,1361,1298,1393,1304,1416,1333,1387,1328,1356,1322,1543,1354,1573,1335,1602,1340,1622,1364,1599,1365,1571,1360,1361,1545,1406,1521,1452,1512,1478,1521,1508,1519,1537,1537,1553,1575,1526,1592,1494,1599,1463,1598,1434,1592,1395,1575,1376,1547,1447,1539,1474,1545,1503,1546,1541,1570,1499,1569,1469,1568,1442,1563
1059,h,1,1,1176,1176,1711,1711,35.3,1199,1337,1194,1402,1194,1468,1200,1532,1223,1591,1265,1637,1319,1670,1377,1697,1438,1711,1495,1708,1542,1685,1585,1650,1616,1603,1640,1552,1658,1500,1667,1448,1670,1398,1294,1277,1334,1251,1383,1247,1431,1257,1474,1275,1535,1291,1573,1290,1611,1293,1645,1306,1663,1337,1498,1326,1498,1358,1498,1387,1499,1421,1428,1464,1456,1472,1484,1481,1510,1480,1536,1479,1334,1313,1364,1299,1395,1306,1419,1335,1390,1330,1359,1323,1545,1356,1575,1336,1603,1340,1622,1363,1600,1365,1572,1361,1366,1548,1410,1521,1455,1513,1481,1523,1511,1521,1539,1539,1556,1575,1529,1590,1497,1597,1466,1596,1437,1589,1399,1573,1381,1548,1450,1541,1477,1546,1506,1548,1544,1570,1502,1568,1472,1566,1445,1561
1060,h,1,1,1176,1176,1711,1711,35.333333333333336,1201,1334,1196,1399,1195,1464,1201,1527,1224,1587,1268,1632,1324,1663,1383,1689,1445,1703,1501,1700,1548,1677,1589,1643,1619,1599,1641,1550,1658,1500,1667,1448,1670,1399,1295,1280,1335,1252,1383,1247,1432,1258,1476,1276,1534,1292,1574,1291,1613,1295,1648,1309,1665,1342,1499,1326,1499,1357,1500,1387,1500,1420,1430,1463,1458,1471,1485,1480,1511,1479,1535,1477,1336,1313,1366,1298,1398,1305,1421,1335,1392,1330,1361,1324,1545,1357,1574,1336,1604,1340,1623,1365,1601,1366,1573,1362,1372,1545,1416,1520,1459,1513,1483,1522,1511,1520,1540,1537,1557,1572,1530,1585,1500,1592,1470,1590,1443,1584,1406,1568,1387,1545,1454,1540,1479,1545,1507,1547,1544,1567,1504,1563,1476,1561,1450,1556
1061,h,1,1,1176,1176,1711,1711,35.36666666666667,1198,1334,1191,1398,1191,1465,1197,1529,1221,1587,1264,1632,1320,1662,1377,1689,1438,1704,1494,1701,1542,1677,1584,1643,1617,1599,1641,1549,1659,1498,1668,1448,1673,1398,1296,1277,1337,1252,1384,1249,1431,1259,1475,1276,1538,1291,1576,1292,1614,1296,1648,1309,1667,1338,1500,1328,1500,1359,1500,1388,1501,1421,1431,1463,1458,1471,1485,1480,1511,1479,1535,1477,1335,1315,1366,1301,1398,1307,1420,1336,1391,1332,1360,1326,1546,1358,1576,1337,1604,1341,1624,1365,1602,1367,1574,1363,1373,1544,1419,1522,1462,1513,1484,1520,1510,1519,1536,1536,1553,1568,1526,1581,1498,1588,1470,1586,1445,1581,1408,1567,1388,1544,1457,1541,1480,1545,1505,1547,1540,1563,1502,1560,1476,1558,1452,1554
1062,h,1,1,1176,1176,1711,1711,35.4,1198,1334,1191,1398,1191,1465,1197,1529,1221,1587,1264,1632,1320,1662,1377,1689,1438,1704,1494,1701,1542,1677,1584,1643,1617,1599,1641,1549,1659,1498,1668,1448,1673,1398,1296,1277,1337,1252,1384,1249,1431,1259,1475,1276,1538,1291,1576,1292,1614,1296,1648,1309,1667,1338,1500,1328,1500,1359,1500,1388,1501,1421,1431,1463,1458,1471,1485,1480,1511,1479,1535,1477,1335,1315,1366,1301,1398,1307,1420,1336,1391,1332,1360,1326,1546,1358,1576,1337,1604,1341,1624,1365,1602,1367,1574,1363,1373,1544,1419,1522,1462,1513,1484,1520,1510,1519,1536,1536,1553,1568,1526,1581,1498,1588,1470,1586,1445,1581,1408,1567,1388,1544,1457,1541,1480,1545,1505,1547,1540,1563,1502,1560,1476,1558,1452,1554
1063,h,1,1,1176,1176,1711,1711,35.43333333333333,1201,1338,1194,1402,1193,1468,1198,1531,1223,1589,1267,1632,1323,1661,1381,1686,1443,1700,1499,1697,1546,1676,1587,1644,1619,1601,1642,1553,1659,1502,1669,1451,1674,1402,1298,1279,1339,1252,1387,1248,1435,1258,1479,1276,1538,1291,1577,1290,1615,1294,1650,1308,1667,1339,1502,1328,1502,1359,1502,1389,1503,1423,1433,1464,1460,1471,1487,1480,1513,1479,1537,1478,1338,1314,1368,1300,1400,1307,1424,1337,1394,1332,1363,1326,1548,1358,1578,1336,1606,1341,1625,1365,1604,1367,1576,1363,1374,1544,1420,1522,1462,1514,1486,1521,1513,1520,1541,1538,1559,1569,1532,1580,1502,1586,1473,1584,1448,1579,1410,1565,1389,1544,1458,1542,1482,1546,1508,1548,1547,1565,1506,1558,1478,1555,1454,1551
1064,h,1,1,1176,1176,1711,1711,35.46666666666667,1202,1337,1195,1402,1193,1467,1198,1531,1222,1588,1265,1632,1321,1661,1379,1686,1442,1699,1499,1696,1546,1673,1587,1641,1618,1598,1641,1551,1658,1502,1668,1453,1673,1404,1299,1279,1340,1253,1388,1250,1436,1260,1481,1277,1539,1293,1578,1292,1617,1297,1651,1311,1669,1341,1505,1330,1504,1362,1505,1392,1505,1425,1434,1466,1462,1474,1489,1482,1514,1482,1538,1480,1339,1315,1370,1300,1401,1308,1425,1338,1395,1332,1364,1325,1549,1359,1579,1337,1607,1342,1626,1366,1605,1367,1577,1363,1374,1545,1420,1523,1463,1516,1486,1524,1513,1523,1541,1538,1558,1570,1531,1580,1501,1587,1473,1586,1447,1581,1410,1567,1390,1545,1458,1543,1483,1547,1509,1549,1546,1565,1506,1558,1479,1556,1454,1552
1065,h,1,1,1176,1176,1711,1711,35.5,1207,1341,1200,1405,1200,1471,1205,1535,1227,1594,1270,1639,1326,1668,1384,1693,1447,1706,1504,1702,1553,1678,1595,1644,1625,1600,1647,1550,1664,1500,1675,1450,1681,1400,1299,1281,1339,1254,1387,1249,1435,1259,1478,1278,1538,1294,1581,1293,1623,1297,1660,1315,1678,1352,1504,1329,1503,1360,1504,1390,1504,1424,1435,1466,1462,1473,1488,1481,1514,1481,1538,1481,1338,1315,1369,1300,1401,1307,1424,1337,1394,1332,1363,1325,1551,1359,1580,1339,1609,1344,1630,1368,1607,1369,1578,1364,1374,1549,1418,1525,1462,1516,1486,1525,1514,1524,1541,1541,1557,1576,1531,1587,1501,1593,1472,1591,1445,1585,1408,1571,1390,1549,1457,1544,1482,1549,1509,1551,1544,1570,1506,1564,1478,1561,1452,1557
1066,h,1,1,1176,1176,1711,1711,35.53333333333333,1207,1341,1200,1405,1200,1471,1205,1535,1227,1594,1270,1639,1326,1668,1384,1693,1447,1706,1504,1702,1553,1678,1595,1644,1625,1600,1647,1550,1664,1500,1675,1450,1681,1400,1299,1281,1339,1254,1387,1249,1435,1259,1478,1278,1538,1294,1581,1293,1623,1297,1660,1315,1678,1352,1504,1329,1503,1360,1504,1390,1504,1424,1435,1466,1462,1473,1488,1481,1514,1481,1538,1481,1338,1315,1369,1300,1401,1307,1424,1337,1394,1332,1363,1325,1551,1359,1580,1339,1609,1344,1630,1368,1607,1369,1578,1364,1374,1549,1418,1525,1462,1516,1486,1525,1514,1524,1541,1541,1557,1576,1531,1587,1501,1593,1472,1591,1445,1585,1408,1571,1390,1549,1457,1544,1482,1549,1509,1551,1544,1570,1506,1564,1478,1561,1452,1557
1067,h,1,1,1176,1176,1711,1711,35.56666666666667,1202,1339,1194,1404,1192,1471,1197,1535,1220,1594,1264,1639,1321,1669,1380,1692,1443,1706,1499,1702,1546,1680,1588,1646,1618,1602,1641,1552,1659,1502,1670,1451,1674,1401,1300,1277,1342,1251,1390,1248,1437,1259,1481,1277,1541,1293,1580,1292,1619,1297,1653,1312,1672,1342,1505,1329,1504,1361,1505,1391,1505,1425,1436,1466,1462,1474,1489,1483,1515,1483,1539,1481,1339,1314,1369,1299,1401,1306,1425,1335,1395,1331,1364,1324,1551,1357,1580,1337,1609,1342,1628,1366,1606,1367,1578,1363,1375,1550,1420,1525,1464,1517,1487,1525,1515,1524,1542,1541,1557,1576,1531,1588,1501,1595,1473,1593,1446,1587,1409,1574,1390,1550,1459,1545,1483,1549,1510,1551,1545,1571,1506,1566,1479,1564,1454,1560
1068,h,1,1,1176,1176,1711,1711,35.6,1205,1337,1198,1400,1196,1465,1201,1528,1223,1588,1266,1634,1322,1665,1381,1690,1441,1703,1496,1701,1543,1677,1586,1644,1617,1600,1641,1551,1659,1501,1669,1450,1674,1401,1300,1278,1342,1253,1390,1249,1439,1259,1483,1277,1543,1294,1582,1292,1621,1297,1655,1313,1673,1344,1507,1329,1507,1361,1508,1391,1508,1424,1436,1465,1464,1473,1490,1482,1517,1482,1541,1480,1340,1315,1371,1301,1402,1308,1426,1337,1397,1332,1365,1325,1552,1358,1582,1338,1611,1344,1630,1367,1608,1368,1580,1364,1373,1546,1420,1525,1464,1516,1487,1525,1515,1524,1542,1542,1557,1576,1531,1590,1501,1597,1472,1595,1446,1589,1408,1575,1388,1547,1459,1544,1483,1548,1510,1551,1544,1571,1506,1568,1478,1565,1453,1562
1069,h,1,1,1176,1176,1711,1711,35.63333333333333,1205,1337,1198,1400,1196,1465,1201,1528,1223,1588,1266,1634,1322,1665,1381,1690,1441,1703,1496,1701,1543,1677,1586,1644,1617,1600,1641,1551,1659,1501,1669,1450,1674,1401,1300,1278,1342,1253,1390,1249,1439,1259,1483,1277,1543,1294,1582,1292,1621,1297,1655,1313,1673,1344,1507,1329,1507,1361,1508,1391,1508,1424,1436,1465,1464,1473,1490,1482,1517,1482,1541,1480,1340,1315,1371,1301,1402,1308,1426,1337,1397,1332,1365,1325,1552,1358,1582,1338,1611,1344,1630,1367,1608,1368,1580,1364,1373,1546,1420,1525,1464,1516,1487,1525,1515,1524,1542,1542,1557,1576,1531,1590,1501,1597,1472,1595,1446,1589,1408,1575,1388,1547,1459,1544,1483,1548,1510,1551,1544,1571,1506,1568,1478,1565,1453,1562
1070,h,1,1,1176,1176,1711,1711,35.666666666666664,1202,1337,1193,1401,1188,1467,1192,1532,1215,1591,1260,1635,1318,1665,1378,1688,1438,1702,1494,1699,1542,1677,1586,1646,1619,1602,1643,1553,1661,1503,1671,1454,1676,1405,1300,1277,1342,1253,1390,1249,1438,1259,1482,1278,1543,1295,1582,1292,1621,1297,1657,1313,1675,1344,1507,1330,1507,1361,1507,1390,1508,1422,1435,1464,1463,1472,1490,1481,1516,1481,1540,1480,1341,1314,1370,1300,1402,1307,1426,1336,1396,1332,1365,1325,1553,1357,1581,1337,1610,1343,1630,1366,1607,1367,1579,1363,1364,1543,1416,1525,1461,1516,1485,1524,1512,1523,1540,1541,1557,1575,1529,1589,1498,1596,1470,1593,1444,1587,1404,1574,1380,1545,1457,1543,1481,1548,1508,1550,1545,1570,1504,1566,1476,1564,1451,1560
1071,h,1,1,1176,1176,1711,1711,35.7,1207,1334,1198,1398,1195,1465,1198,1531,1221,1590,1266,1634,1323,1664,1381,1688,1440,1703,1495,1701,1543,1678,1587,1646,1620,1602,1646,1554,1664,1503,1674,1452,1679,1402,1302,1275,1344,1251,1393,1247,1440,1258,1484,1277,1543,1296,1582,1293,1621,1298,1656,1311,1676,1342,1508,1331,1507,1361,1508,1391,1508,1423,1437,1465,1464,1473,1490,1482,1516,1482,1541,1481,1344,1314,1374,1300,1405,1307,1428,1336,1399,1330,1368,1324,1553,1358,1582,1339,1611,1344,1630,1367,1608,1368,1580,1363,1371,1542,1420,1524,1465,1515,1488,1524,1515,1523,1543,1541,1560,1575,1532,1589,1501,1596,1472,1594,1446,1588,1408,1573,1386,1545,1460,1544,1484,1548,1510,1551,1548,1571,1506,1566,1479,1564,1455,1560
1072,h,1,1,1277,1228,1723,1673,35.733333333333334,1208,1338,1205,1404,1208,1468,1214,1532,1237,1590,1278,1635,1331,1667,1388,1694,1449,1709,1505,1709,1552,1687,1591,1654,1619,1608,1641,1558,1660,1508,1673,1455,1679,1402,1297,1283,1335,1255,1386,1249,1436,1258,1482,1277,1545,1293,1586,1291,1626,1296,1662,1313,1679,1349,1506,1328,1507,1359,1507,1390,1508,1423,1439,1465,1465,1472,1493,1482,1519,1481,1543,1480,1341,1315,1371,1300,1403,1305,1427,1336,1397,1331,1365,1325,1554,1358,1583,1338,1612,1342,1632,1367,1609,1368,1580,1363,1379,1550,1421,1525,1464,1517,1491,1526,1517,1525,1544,1542,1562,1577,1536,1591,1505,1597,1477,1595,1449,1589,1411,1574,1395,1550,1459,1543,1487,1549,1512,1551,1550,1572,1510,1567,1484,1564,1456,1559
1073,h,1,1,1277,1228,1723,1673,35.766666666666666,1208,1338,1205,1404,1208,1468,1214,1532,1237,1590,1278,1635,1331,1667,1388,1694,1449,1709,1505,1709,1552,1687,1591,1654,1619,1608,1641,1558,1660,1508,1673,1455,1679,1402,1297,1283,1335,1255,1386,1249,1436,1258,1482,1277,1545,1293,1586,1291,1626,1296,1662,1313,1679,1349,1506,1328,1507,1359,1507,1390,1508,1423,1439,1465,1465,1472,1493,1482,1519,1481,1543,1480,1341,1315,1371,1300,1403,1305,1427,1336,1397,1331,1365,1325,1554,1358,1583,1338,1612,1342,1632,1367,1609,1368,1580,1363,1379,1550,1421,1525,1464,1517,1491,1526,1517,1525,1544,1542,1562,1577,1536,1591,1505,1597,1477,1595,1449,1589,1411,1574,1395,1550,1459,1543,1487,1549,1512,1551,1550,1572,1510,1567,1484,1564,1456,1559
1074,h,1,1,1277,1228,1723,1673,35.8,1209,1337,1206,1403,1208,1467,1215,1530,1237,1589,1278,1634,1332,1666,1389,1693,1450,1707,1506,1706,1553,1685,1591,1651,1619,1606,1640,1557,1657,1507,1670,1454,1676,1401,1296,1283,1336,1255,1386,1249,1436,1259,1482,1278,1545,1293,1585,1291,1626,1295,1663,1312,1679,1350,1506,1328,1506,1360,1507,1390,1508,1423,1439,1465,1465,1472,1492,1481,1518,1480,1542,1479,1341,1316,1371,1300,1403,1305,1427,1335,1396,1331,1365,1325,1553,1357,1582,1337,1612,1341,1632,1367,1608,1368,1579,1362,1379,1550,1421,1526,1464,1517,1491,1526,1516,1524,1543,1541,1561,1576,1535,1590,1505,1596,1478,1594,1449,1588,1411,1574,1395,1550,1459,1544,1487,1549,1512,1551,1548,1571,1510,1566,1484,1564,1456,1559
1075,h,1,1,1277,1228,1723,1673,35.833333333333336,1214,1339,1210,1404,1212,1468,1219,1532,1240,1590,1280,1635,1332,1666,1388,1692,1449,1706,1506,1705,1554,1684,1594,1652,1623,1607,1644,1558,1661,1508,1674,1456,1679,1403,1299,1281,1339,1254,1389,1248,1437,1258,1482,1277,1545,1294,1584,1293,1623,1298,1658,1314,1675,1347,1506,1329,1506,1360,1507,1391,1508,1424,1438,1466,1465,1473,1493,1482,1518,1481,1543,1480,1343,1315,1372,1299,1404,1305,1428,1336,1397,1331,1366,1324,1553,1358,1581,1337,1611,1341,1632,1367,1608,1368,1579,1363,1379,1548,1421,1525,1465,1517,1491,1526,1515,1524,1543,1541,1560,1576,1534,1590,1504,1596,1477,1595,1449,1589,1411,1574,1394,1549,1460,1544,1487,1549,1511,1551,1548,1571,1508,1567,1483,1565,1456,1560
1076,h,1,1,1277,1228,1723,1673,35.86666666666667,1210,1337,1206,1402,1207,1467,1213,1531,1236,1590,1277,1635,1331,1667,1388,1693,1449,1707,1507,1707,1554,1685,1594,1651,1623,1605,1645,1554,1661,1503,1674,1450,1680,1398,1298,1282,1338,1253,1389,1248,1439,1258,1485,1277,1545,1293,1586,1291,1628,1294,1665,1311,1681,1349,1507,1328,1507,1359,1508,1390,1508,1423,1439,1465,1465,1472,1493,1481,1518,1480,1543,1479,1343,1315,1373,1299,1405,1305,1429,1335,1398,1331,1366,1324,1555,1358,1584,1337,1613,1341,1633,1366,1610,1368,1581,1363,1378,1548,1420,1524,1463,1516,1490,1525,1516,1523,1544,1540,1561,1575,1535,1589,1505,1596,1477,1594,1448,1588,1410,1573,1393,1548,1458,1543,1486,1549,1511,1551,1549,1571,1509,1567,1483,1565,1455,1560
1077,h,1,1,1277,1228,1723,1673,35.9,1210,1337,1206,1402,1207,1467,1213,1531,1236,1590,1277,1635,1331,1667,1388,1693,1449,1707,1507,1707,1554,1685,1594,1651,1623,1605,1645,1554,1661,1503,1674,1450,1680,1398,1298,1282,1338,1253,1389,1248,1439,1258,1485,1277,1545,1293,1586,1291,1628,1294,1665,1311,1681,1349,1507,1328,1507,1359,1508,1390,1508,1423,1439,1465,1465,1472,1493,1481,1518,1480,1543,1479,1343,1315,1373,1299,1405,1305,1429,1335,1398,1331,1366,1324,1555,1358,1584,1337,1613,1341,1633,1366,1610,1368,1581,1363,1378,1548,1420,1524,1463,1516,1490,1525,1516,1523,1544,1540,1561,1575,1535,1589,1505,1596,1477,1594,1448,1588,1410,1573,1393,1548,1458,1543,1486,1549,1511,1551,1549,1571,1509,1567,1483,1565,1455,1560
1078,h,1,1,1277,1228,1723,1673,35.93333333333333,1212,1338,1208,1402,1209,1467,1216,1530,1238,1589,1278,1635,1331,1667,1388,1694,1450,1709,1507,1709,1554,1686,1594,1652,1622,1607,1644,1557,1661,1507,1673,1455,1678,1403,1298,1282,1338,1254,1388,1248,1439,1259,1485,1278,1547,1294,1587,1292,1627,1297,1662,1313,1679,1349,1509,1329,1509,1360,1510,1390,1511,1423,1440,1465,1467,1472,1495,1481,1521,1480,1546,1479,1343,1315,1374,1299,1406,1305,1431,1336,1399,1331,1367,1324,1555,1358,1584,1338,1614,1342,1634,1368,1611,1369,1581,1363,1380,1550,1423,1524,1466,1515,1493,1526,1519,1523,1546,1541,1563,1577,1537,1590,1507,1596,1479,1594,1450,1588,1413,1573,1396,1549,1461,1543,1489,1549,1514,1551,1551,1571,1512,1566,1486,1564,1458,1558
1079,h,1,1,1277,1228,1723,1673,35.96666666666667,1215,1336,1212,1401,1214,1466,1221,1529,1242,1588,1282,1634,1335,1666,1392,1695,1453,1710,1510,1710,1557,1687,1597,1653,1625,1607,1646,1556,1664,1505,1677,1451,1681,1397,1299,1284,1337,1254,1388,1248,1438,1259,1484,1278,1545,1294,1587,1292,1629,1296,1667,1315,1683,1354,1507,1328,1507,1360,1508,1390,1509,1423,1440,1465,1467,1472,1495,1481,1520,1480,1545,1479,1344,1314,1374,1298,1406,1304,1430,1335,1399,1331,1367,1324,1555,1358,1584,1337,1614,1341,1634,1367,1610,1368,1581,1363,1381,1550,1423,1524,1466,1516,1493,1525,1518,1523,1545,1540,1561,1576,1536,1589,1507,1595,1479,1593,1451,1587,1413,1573,1397,1550,1461,1543,1489,1548,1514,1550,1549,1571,1511,1565,1485,1564,1457,1559
1080,h,1,1,1277,1228,1723,1673,36.0,1212,1342,1209,1407,1211,1471,1218,1533,1241,1592,1282,1636,1335,1666,1391,1691,1451,1706,1507,1705,1554,1683,1594,1650,1622,1606,1644,1556,1661,1506,1673,1454,1677,1403,1300,1284,1339,1256,1389,1250,1439,1260,1485,1278,1545,1296,1585,1294,1625,1298,1662,1315,1679,1350,1509,1330,1509,1361,1510,1390,1511,1423,1441,1466,1468,1473,1496,1482,1521,1481,1545,1480,1344,1317,1374,1301,1406,1307,1430,1338,1399,1333,1367,1326,1555,1360,1583,1340,1613,1344,1633,1369,1610,1370,1581,1365,1380,1550,1423,1525,1466,1517,1493,1526,1518,1524,1545,1541,1562,1576,1537,1590,1507,1596,1480,1595,1451,1589,1413,1574,1395,1550,1462,1543,1489,1549,1514,1551,1550,1571,1512,1567,1486,1565,1458,1560
1081,h,1,1,1277,1228,1723,1673,36.03333333333333,1212,1342,1209,1407,1211,1471,1218,1533,1241,1592,1282,1636,1335,1666,1391,1691,1451,1706,1507,1705,1554,1683,1594,1650,1622,1606,1644,1556,1661,1506,1673,1454,1677,1403,1300,1284,1339,1256,1389,1250,1439,1260,1485,1278,1545,1296,1585,1294,1625,1298,1662,1315,1679,1350,1509,1330,1509,1361,1510,1390,1511,1423,1441,1466,1468,1473,1496,1482,1521,1481,1545,1480,1344,1317,1374,1301,1406,1307,1430,1338,1399,1333,1367,1326,1555,1360,1583,1340,1613,1344,1633,1369,1610,1370,1581,1365,1380,1550,1423,1525,1466,1517,1493,1526,1518,1524,1545,1541,1562,1576,1537,1590,1507,1596,1480,1595,1451,1589,1413,1574,1395,1550,1462,1543,1489,1549,1514,1551,1550,1571,1512,1567,1486,1565,1458,1560
1082,h,1,1,1277,1228,1723,1673,36.06666666666667,1210,1340,1207,1406,1209,1471,1216,1535,1239,1593,1281,1638,1334,1670,1389,1697,1450,1713,1506,1712,1553,1689,1593,1655,1623,1609,1645,1559,1664,1509,1676,1456,1680,1404,1301,1284,1341,1258,1390,1252,1440,1261,1486,1278,1545,1296,1585,1295,1625,1301,1660,1317,1677,1351,1508,1329,1508,1361,1509,1391,1510,1425,1441,1467,1467,1475,1495,1484,1520,1483,1545,1481,1346,1316,1376,1302,1408,1307,1432,1337,1401,1334,1370,1327,1555,1360,1583,1341,1612,1345,1632,1370,1609,1371,1580,1366,1380,1550,1423,1527,1466,1519,1493,1528,1518,1526,1546,1543,1564,1579,1536,1593,1506,1598,1479,1596,1450,1590,1413,1575,1396,1551,1461,1544,1489,1550,1514,1553,1552,1574,1511,1569,1485,1567,1457,1562
1083,h,1,1,1277,1228,1723,1673,36.1,1212,1340,1209,1406,1211,1471,1219,1535,1242,1593,1284,1638,1337,1670,1395,1697,1456,1712,1512,1712,1558,1689,1597,1654,1625,1608,1646,1557,1664,1507,1676,1453,1680,1400,1299,1286,1339,1258,1389,1253,1439,1262,1486,1281,1544,1297,1587,1296,1628,1299,1666,1316,1682,1354,1509,1331,1509,1362,1510,1392,1511,1425,1442,1467,1469,1474,1496,1484,1522,1483,1546,1481,1346,1317,1376,1303,1407,1308,1432,1339,1401,1334,1370,1328,1555,1361,1582,1341,1612,1345,1633,1369,1609,1371,1580,1366,1382,1551,1425,1527,1467,1519,1494,1528,1520,1526,1547,1544,1565,1579,1538,1592,1509,1598,1482,1597,1452,1590,1415,1575,1398,1552,1463,1545,1491,1550,1516,1553,1552,1575,1513,1570,1487,1567,1459,1562
1084,h,1,1,1277,1228,1723,1673,36.13333333333333,1212,1340,1209,1406,1211,1471,1219,1535,1242,1593,1284,1638,1337,1670,1395,1697,1456,1712,1512,1712,1558,1689,1597,1654,1625,1608,1646,1557,1664,1507,1676,1453,1680,1400,1299,1286,1339,1258,1389,1253,1439,1262,1486,1281,1544,1297,1587,1296,1628,1299,1666,1316,1682,1354,1509,1331,1509,1362,1510,1392,1511,1425,1442,1467,1469,1474,1496,1484,1522,1483,1546,1481,1346,1317,1376,1303,1407,1308,1432,1339,1401,1334,1370,1328,1555,1361,1582,1341,1612,1345,1633,1369,1609,1371,1580,1366,1382,1551,1425,1527,1467,1519,1494,1528,1520,1526,1547,1544,1565,1579,1538,1592,1509,1598,1482,1597,1452,1590,1415,1575,1398,1552,1463,1545,1491,1550,1516,1553,1552,1575,1513,1570,1487,1567,1459,1562
1085,h,1,1,1277,1228,1723,1673,36.166666666666664,1210,1344,1208,1409,1210,1473,1217,1537,1240,1596,1282,1640,1336,1672,1392,1700,1454,1715,1510,1715,1556,1692,1595,1658,1624,1610,1646,1560,1663,1509,1674,1457,1678,1405,1300,1288,1339,1260,1390,1253,1441,1263,1487,1281,1545,1297,1586,1296,1627,1301,1663,1318,1678,1355,1510,1331,1510,1362,1511,1392,1513,1425,1443,1467,1469,1475,1496,1484,1521,1483,1545,1482,1346,1318,1376,1302,1408,1308,1432,1338,1401,1334,1370,1327,1555,1361,1583,1341,1612,1345,1632,1370,1609,1371,1580,1366,1382,1553,1424,1527,1467,1520,1494,1529,1520,1527,1548,1544,1565,1580,1539,1592,1509,1598,1481,1597,1452,1590,1414,1576,1397,1553,1462,1546,1490,1551,1516,1553,1552,1575,1514,1570,1487,1568,1459,1563
1086,h,1,1,1277,1228,1723,1673,36.2,1207,1349,1204,1414,1207,1478,1215,1541,1240,1599,1283,1642,1338,1672,1395,1698,1457,1712,1512,1711,1557,1688,1596,1654,1623,1607,1645,1557,1662,1508,1673,1456,1676,1406,1299,1287,1339,1260,1389,1255,1440,1264,1486,1282,1546,1297,1586,1296,1625,1302,1660,1318,1675,1353,1509,1331,1510,1362,1512,1392,1514,1425,1443,1468,1469,1475,1497,1484,1522,1483,1545,1482,1344,1319,1374,1304,1406,1309,1430,1339,1399,1335,1368,1329,1554,1361,1582,1341,1612,1346,1632,1371,1609,1371,1580,1367,1380,1552,1424,1528,1467,1520,1494,1529,1521,1527,1547,1545,1563,1580,1537,1592,1509,1598,1481,1596,1452,1590,1414,1575,1395,1553,1462,1545,1490,1551,1516,1553,1552,1575,1513,1570,1487,1568,1459,1563
1087,h,1,1,1277,1228,1723,1673,36.233333333333334,1207,1349,1206,1414,1208,1477,1215,1540,1238,1597,1281,1641,1335,1673,1392,1700,1454,1715,1511,1714,1557,1691,1597,1656,1624,1609,1644,1558,1661,1508,1673,1456,1677,1405,1297,1289,1337,1261,1388,1254,1440,1264,1486,1283,1545,1298,1585,1297,1626,1302,1661,1319,1676,1356,1509,1331,1510,1362,1511,1393,1512,1426,1442,1468,1468,1476,1496,1485,1522,1484,1545,1482,1344,1319,1373,1303,1405,1309,1430,1339,1399,1335,1368,1329,1554,1361,1582,1341,1612,1346,1632,1371,1608,1372,1579,1367,1380,1551,1423,1527,1465,1519,1493,1529,1519,1527,1546,1544,1563,1580,1538,1592,1508,1597,1480,1595,1450,1589,1413,1574,1396,1551,1460,1544,1489,1550,1515,1553,1551,1574,1513,1569,1486,1566,1457,1561
1088,h,1,1,1277,1228,1723,1673,36.266666666666666,1207,1349,1206,1414,1208,1477,1215,1540,1238,1597,1281,1641,1335,1673,1392,1700,1454,1715,1511,1714,1557,1691,1597,1656,1624,1609,1644,1558,1661,1508,1673,1456,1677,1405,1297,1289,1337,1261,1388,1254,1440,1264,1486,1283,1545,1298,1585,1297,1626,1302,1661,1319,1676,1356,1509,1331,1510,1362,1511,1393,1512,1426,1442,1468,1468,1476,1496,1485,1522,1484,1545,1482,1344,1319,1373,1303,1405,1309,1430,1339,1399,1335,1368,1329,1554,1361,1582,1341,1612,1346,1632,1371,1608,1372,1579,1367,1380,1551,1423,1527,1465,1519,1493,1529,1519,1527,1546,1544,1563,1580,1538,1592,1508,1597,1480,1595,1450,1589,1413,1574,1396,1551,1460,1544,1489,1550,1515,1553,1551,1574,1513,1569,1486,1566,1457,1561
1089,h,1,1,1277,1228,1723,1673,36.3,1210,1343,1208,1408,1210,1473,1218,1535,1241,1593,1283,1636,1337,1667,1393,1694,1453,1708,1509,1709,1555,1688,1594,1654,1622,1608,1644,1558,1661,1508,1673,1456,1678,1403,1297,1287,1336,1258,1387,1253,1438,1263,1485,1281,1544,1298,1587,1296,1630,1301,1668,1319,1683,1359,1507,1330,1508,1361,1509,1391,1510,1425,1441,1466,1467,1474,1495,1483,1520,1482,1545,1481,1342,1318,1372,1303,1404,1308,1429,1339,1398,1335,1366,1329,1554,1361,1583,1341,1613,1346,1634,1371,1610,1372,1580,1367,1380,1551,1423,1525,1465,1517,1492,1527,1518,1525,1545,1543,1563,1579,1537,1590,1507,1595,1479,1593,1450,1587,1414,1572,1396,1551,1460,1543,1488,1549,1513,1551,1550,1573,1511,1567,1485,1564,1457,1558
1090,h,1,1,1277,1228,1723,1673,36.333333333333336,1211,1338,1209,1403,1212,1467,1221,1529,1243,1587,1284,1632,1338,1664,1395,1691,1456,1705,1512,1704,1559,1682,1599,1648,1626,1602,1647,1553,1662,1504,1674,1452,1678,1401,1297,1286,1336,1257,1387,1251,1437,1261,1483,1279,1543,1295,1586,1294,1629,1300,1666,1318,1681,1357,1507,1328,1508,1359,1509,1389,1510,1423,1441,1465,1467,1472,1495,1481,1520,1480,1544,1479,1344,1317,1374,1301,1405,1306,1429,1337,1399,1333,1368,1327,1554,1360,1582,1339,1612,1344,1632,1369,1609,1370,1580,1365,1379,1549,1422,1523,1464,1515,1492,1525,1517,1523,1545,1540,1563,1576,1536,1587,1506,1592,1479,1590,1450,1584,1412,1570,1395,1548,1459,1541,1488,1546,1513,1548,1550,1570,1511,1564,1485,1562,1456,1557
1091,h,1,1,1277,1228,1723,1673,36.36666666666667,1211,1342,1208,1406,1212,1470,1220,1532,1244,1590,1286,1634,1339,1664,1395,1690,1455,1704,1511,1704,1558,1684,1598,1651,1626,1604,1646,1555,1662,1507,1673,1455,1677,1404,1298,1285,1338,1256,1389,1250,1439,1261,1485,1280,1543,1295,1585,1294,1627,1299,1663,1316,1679,1355,1507,1329,1508,1359,1509,1388,1510,1420,1440,1463,1467,1470,1495,1479,1520,1479,1544,1478,1344,1318,1374,1306,1405,1310,1429,1337,1398,1333,1368,1326,1554,1360,1582,1344,1610,1349,1630,1371,1607,1371,1579,1366,1379,1547,1422,1522,1463,1514,1491,1524,1517,1522,1544,1540,1563,1576,1536,1587,1507,1591,1479,1589,1449,1582,1413,1568,1395,1547,1459,1539,1487,1545,1513,1548,1550,1570,1511,1563,1485,1561,1456,1555
1092,h,1,1,1277,1228,1723,1673,36.4,1211,1342,1208,1406,1212,1470,1220,1532,1244,1590,1286,1634,1339,1664,1395,1690,1455,1704,1511,1704,1558,1684,1598,1651,1626,1604,1646,1555,1662,1507,1673,1455,1677,1404,1298,1285,1338,1256,1389,1250,1439,1261,1485,1280,1543,1295,1585,1294,1627,1299,1663,1316,1679,1355,1507,1329,1508,1359,1509,1388,1510,1420,1440,1463,1467,1470,1495,1479,1520,1479,1544,1478,1344,1318,1374,1306,1405,1310,1429,1337,1398,1333,1368,1326,1554,1360,1582,1344,1610,1349,1630,1371,1607,1371,1579,1366,1379,1547,1422,1522,1463,1514,1491,1524,1517,1522,1544,1540,1563,1576,1536,1587,1507,1591,1479,1589,1449,1582,1413,1568,1395,1547,1459,1539,1487,1545,1513,1548,1550,1570,1511,1563,1485,1561,1456,1555
1093,h,1,1,1176,1176,1711,1711,36.43333333333333,1211,1336,1205,1400,1206,1467,1212,1531,1236,1590,1280,1635,1335,1668,1392,1693,1453,1707,1508,1704,1556,1680,1597,1645,1627,1598,1649,1548,1667,1497,1676,1446,1678,1395,1305,1279,1344,1252,1393,1249,1441,1261,1485,1280,1543,1296,1582,1294,1619,1296,1653,1308,1671,1338,1509,1331,1509,1361,1510,1389,1512,1421,1438,1463,1467,1472,1495,1481,1521,1481,1544,1480,1348,1320,1380,1310,1409,1316,1433,1339,1404,1335,1375,1328,1552,1361,1583,1348,1610,1354,1629,1372,1607,1372,1580,1369,1377,1547,1422,1522,1464,1514,1489,1524,1518,1523,1546,1541,1562,1576,1536,1588,1505,1594,1475,1592,1447,1585,1411,1571,1392,1547,1460,1540,1485,1546,1514,1548,1549,1570,1509,1566,1480,1563,1454,1558
1094,h,1,1,1176,1176,1711,1711,36.46666666666667,1207,1331,1199,1395,1197,1462,1200,1528,1223,1589,1267,1634,1324,1666,1382,1691,1443,1704,1498,1701,1546,1678,1589,1644,1621,1600,1645,1552,1664,1501,1676,1450,1682,1401,1303,1278,1346,1253,1394,1250,1443,1260,1486,1281,1543,1296,1585,1294,1626,1299,1663,1316,1679,1352,1509,1334,1509,1363,1510,1391,1511,1422,1438,1465,1466,1473,1493,1482,1520,1482,1545,1481,1346,1319,1377,1308,1407,1314,1430,1339,1402,1334,1372,1327,1554,1362,1583,1346,1611,1352,1631,1372,1608,1371,1581,1367,1366,1543,1417,1524,1463,1515,1489,1524,1518,1524,1547,1543,1563,1579,1534,1594,1502,1599,1471,1596,1443,1590,1404,1576,1382,1546,1458,1543,1485,1548,1513,1551,1550,1574,1508,1571,1478,1568,1451,1564
1095,h,1,1,1277,1228,1723,1673,36.5,1210,1340,1208,1405,1211,1470,1219,1533,1242,1592,1283,1637,1335,1670,1391,1697,1451,1711,1507,1711,1553,1687,1593,1652,1621,1603,1642,1552,1659,1503,1671,1451,1675,1399,1298,1284,1337,1256,1388,1250,1438,1260,1484,1279,1543,1294,1582,1293,1621,1297,1655,1314,1672,1348,1505,1329,1506,1360,1508,1390,1509,1423,1439,1465,1466,1473,1493,1482,1519,1481,1543,1480,1343,1317,1373,1304,1404,1308,1428,1337,1398,1332,1367,1326,1553,1359,1582,1341,1610,1346,1629,1368,1606,1369,1578,1364,1377,1551,1418,1524,1462,1515,1490,1525,1517,1523,1544,1541,1561,1579,1535,1595,1505,1602,1476,1600,1446,1594,1408,1577,1393,1551,1457,1542,1486,1548,1512,1550,1548,1574,1509,1572,1482,1569,1453,1564
1096,h,1,1,1277,1228,1723,1673,36.53333333333333,1210,1340,1208,1405,1211,1470,1219,1533,1242,1592,1283,1637,1335,1670,1391,1697,1451,1711,1507,1711,1553,1687,1593,1652,1621,1603,1642,1552,1659,1503,1671,1451,1675,1399,1298,1284,1337,1256,1388,1250,1438,1260,1484,1279,1543,1294,1582,1293,1621,1297,1655,1314,1672,1348,1505,1329,1506,1360,1508,1390,1509,1423,1439,1465,1466,1473,1493,1482,1519,1481,1543,1480,1343,1317,1373,1304,1404,1308,1428,1337,1398,1332,1367,1326,1553,1359,1582,1341,1610,1346,1629,1368,1606,1369,1578,1364,1377,1551,1418,1524,1462,1515,1490,1525,1517,1523,1544,1541,1561,1579,1535,1595,1505,1602,1476,1600,1446,1594,1408,1577,1393,1551,1457,1542,1486,1548,1512,1550,1548,1574,1509,1572,1482,1569,1453,1564
1097,h,1,1,1176,1176,1711,1711,36.56666666666667,1207,1336,1202,1400,1202,1466,1207,1530,1230,1590,1275,1636,1331,1667,1388,1693,1447,1708,1502,1705,1549,1681,1591,1647,1621,1602,1644,1552,1662,1501,1672,1451,1678,1400,1302,1281,1343,1255,1392,1251,1441,1260,1486,1279,1544,1295,1585,1294,1625,1300,1660,1317,1675,1352,1508,1332,1508,1362,1509,1390,1510,1422,1437,1465,1465,1473,1492,1482,1518,1482,1543,1482,1344,1317,1374,1304,1405,1311,1428,1338,1400,1334,1369,1327,1553,1361,1583,1342,1611,1348,1630,1371,1608,1371,1580,1367,1371,1545,1418,1523,1463,1516,1488,1525,1517,1524,1546,1543,1561,1579,1535,1595,1502,1603,1473,1600,1444,1594,1406,1578,1387,1547,1458,1542,1484,1547,1512,1550,1548,1574,1508,1574,1479,1571,1452,1567
1098,h,1,1,1176,1176,1711,1711,36.6,1205,1337,1200,1400,1199,1466,1204,1530,1227,1589,1272,1634,1328,1666,1386,1693,1446,1708,1501,1705,1548,1681,1590,1646,1621,1600,1644,1551,1662,1500,1672,1448,1678,1398,1299,1280,1340,1255,1390,1250,1438,1260,1482,1278,1541,1294,1583,1294,1624,1300,1660,1317,1676,1352,1506,1332,1506,1362,1507,1391,1508,1422,1435,1466,1463,1473,1491,1483,1518,1482,1543,1481,1341,1316,1372,1303,1403,1310,1426,1338,1397,1333,1366,1326,1552,1360,1581,1341,1610,1347,1629,1370,1607,1370,1579,1366,1370,1546,1416,1524,1462,1517,1488,1526,1517,1525,1545,1543,1561,1578,1534,1593,1503,1600,1473,1598,1444,1592,1405,1577,1386,1549,1457,1544,1483,1549,1512,1552,1548,1574,1508,1571,1479,1569,1452,1564
1099,h,1,1,1176,1176,1711,1711,36.63333333333333,1205,1337,1200,1400,1199,1466,1204,1530,1227,1589,1272,1634,1328,1666,1386,1693,1446,1708,1501,1705,1548,1681,1590,1646,1621,1600,1644,1551,1662,1500,1672,1448,1678,1398,1299,1280,1340,1255,1390,1250,1438,1260,1482,1278,1541,1294,1583,1294,1624,1300,1660,1317,1676,1352,1506,1332,1506,1362,1507,1391,1508,1422,1435,1466,1463,1473,1491,1483,1518,1482,1543,1481,1341,1316,1372,1303,1403,1310,1426,1338,1397,1333,1366,1326,1552,1360,1581,1341,1610,1347,1629,1370,1607,1370,1579,1366,1370,1546,1416,1524,1462,1517,1488,1526,1517,1525,1545,1543,1561,1578,1534,1593,1503,1600,1473,1598,1444,1592,1405,1577,1386,1549,1457,1544,1483,1549,1512,1552,1548,1574,1508,1571,1479,1569,1452,1564
1100,h,1,1,1176,1176,1711,1711,36.666666666666664,1207,1341,1200,1405,1198,1471,1202,1536,1226,1594,1271,1639,1328,1670,1385,1694,1444,1708,1498,1704,1545,1681,1588,1647,1619,1603,1641,1554,1659,1504,1669,1454,1673,1405,1300,1282,1341,1255,1390,1250,1439,1260,1483,1279,1540,1295,1581,1294,1621,1299,1656,1316,1673,1348,1506,1330,1506,1360,1507,1389,1508,1422,1436,1464,1463,1473,1491,1482,1517,1482,1542,1481,1343,1315,1373,1302,1403,1308,1427,1336,1398,1331,1368,1324,1552,1358,1582,1340,1610,1346,1629,1368,1607,1368,1579,1364,1368,1544,1416,1524,1462,1517,1488,1525,1516,1524,1544,1542,1560,1575,1533,1589,1501,1596,1472,1594,1444,1588,1404,1573,1384,1546,1457,1543,1483,1547,1511,1550,1547,1571,1507,1568,1478,1565,1452,1562
1101,h,1,1,1176,1176,1711,1711,36.7,1197,1340,1190,1403,1187,1469,1191,1533,1215,1593,1260,1638,1318,1667,1378,1692,1439,1706,1495,1703,1543,1679,1585,1645,1616,1601,1639,1552,1656,1503,1665,1454,1669,1407,1299,1277,1341,1252,1390,1249,1438,1259,1482,1279,1544,1295,1582,1293,1620,1298,1653,1312,1669,1343,1507,1330,1507,1360,1508,1388,1509,1420,1436,1465,1464,1472,1492,1481,1517,1481,1541,1480,1341,1316,1372,1303,1403,1309,1426,1337,1397,1333,1366,1326,1551,1360,1581,1340,1609,1346,1628,1368,1606,1369,1579,1365,1362,1540,1415,1524,1462,1514,1487,1523,1514,1523,1542,1540,1559,1573,1530,1588,1499,1593,1470,1591,1443,1586,1402,1573,1378,1544,1458,1542,1482,1547,1509,1549,1546,1569,1504,1566,1477,1562,1451,1559
1104,h,1,1,1176,1176,1711,1711,36.8,1201,1337,1191,1401,1188,1467,1191,1532,1215,1590,1261,1633,1319,1662,1378,1687,1438,1701,1493,1697,1541,1675,1584,1642,1616,1600,1639,1551,1656,1502,1666,1454,1671,1406,1296,1282,1337,1254,1387,1249,1437,1259,1481,1278,1542,1294,1583,1292,1623,1298,1659,1313,1674,1349,1506,1331,1506,1361,1507,1389,1508,1421,1435,1464,1462,1472,1490,1480,1517,1480,1541,1479,1340,1315,1370,1301,1402,1308,1426,1337,1396,1332,1365,1326,1550,1359,1580,1338,1609,1343,1628,1367,1606,1368,1578,1364,1355,1535,1411,1523,1459,1515,1484,1523,1511,1522,1540,1538,1559,1569,1529,1583,1498,1589,1469,1587,1442,1581,1400,1568,1372,1539,1455,1542,1480,1546,1507,1549,1546,1566,1503,1561,1475,1558,1449,1555
1108,h,1,1,1176,1176,1711,1711,36.93333333333333,1202,1337,1196,1402,1196,1468,1202,1531,1227,1589,1271,1633,1327,1664,1384,1691,1445,1706,1501,1704,1548,1680,1590,1646,1621,1600,1643,1550,1660,1499,1668,1448,1671,1399,1301,1276,1342,1253,1389,1249,1437,1259,1479,1278,1542,1292,1580,1291,1617,1295,1651,1307,1667,1336,1505,1329,1505,1359,1506,1388,1508,1420,1437,1464,1464,1472,1491,1481,1517,1480,1541,1478,1340,1315,1370,1301,1401,1307,1425,1335,1396,1331,1365,1325,1550,1357,1580,1337,1608,1342,1626,1365,1606,1366,1578,1362,1372,1542,1419,1522,1464,1514,1488,1523,1516,1522,1545,1540,1562,1572,1534,1585,1502,1591,1473,1589,1447,1583,1408,1568,1388,1543,1459,1541,1484,1546,1511,1548,1550,1567,1507,1563,1480,1561,1454,1556
1109,h,1,1,1176,1176,1711,1711,36.96666666666667,1204,1335,1198,1400,1197,1465,1203,1529,1228,1588,1273,1633,1328,1664,1385,1689,1448,1703,1505,1700,1552,1678,1592,1643,1622,1597,1645,1548,1662,1498,1670,1447,1672,1398,1302,1278,1342,1252,1390,1248,1438,1259,1482,1278,1540,1293,1578,1292,1615,1295,1649,1307,1666,1337,1504,1328,1504,1359,1505,1388,1506,1420,1436,1464,1463,1473,1490,1481,1517,1480,1540,1479,1341,1315,1371,1300,1403,1306,1426,1336,1397,1332,1366,1326,1549,1357,1579,1337,1607,1341,1626,1365,1605,1367,1576,1363,1374,1541,1421,1521,1464,1514,1487,1523,1515,1522,1543,1539,1562,1571,1533,1583,1502,1590,1473,1588,1447,1582,1410,1567,1389,1542,1460,1542,1484,1547,1510,1549,1549,1566,1506,1561,1479,1558,1454,1554
1110,h,1,1,1176,1176,1711,1711,37.0,1203,1333,1194,1399,1192,1466,1199,1531,1224,1590,1270,1635,1326,1666,1385,1692,1446,1707,1502,1703,1549,1679,1591,1645,1622,1600,1645,1550,1661,1498,1669,1447,1672,1399,1301,1276,1343,1252,1391,1250,1439,1261,1482,1280,1546,1296,1582,1294,1618,1296,1651,1307,1668,1336,1507,1330,1507,1360,1507,1389,1508,1421,1437,1464,1464,1473,1491,1482,1517,1481,1540,1480,1342,1315,1373,1301,1404,1308,1428,1337,1399,1332,1367,1325,1551,1358,1580,1338,1608,1343,1626,1365,1606,1367,1578,1363,1375,1541,1422,1522,1466,1515,1489,1525,1517,1524,1544,1541,1562,1572,1533,1582,1503,1589,1474,1587,1448,1581,1410,1566,1390,1542,1461,1542,1485,1547,1512,1550,1550,1567,1508,1561,1480,1558,1456,1554
1111,h,1,1,1176,1176,1711,1711,37.03333333333333,1203,1333,1194,1399,1192,1466,1199,1531,1224,1590,1270,1635,1326,1666,1385,1692,1446,1707,1502,1703,1549,1679,1591,1645,1622,1600,1645,1550,1661,1498,1669,1447,1672,1399,1301,1276,1343,1252,1391,1250,1439,1261,1482,1280,1546,1296,1582,1294,1618,1296,1651,1307,1668,1336,1507,1330,1507,1360,1507,1389,1508,1421,1437,1464,1464,1473,1491,1482,1517,1481,1540,1480,1342,1315,1373,1301,1404,1308,1428,1337,1399,1332,1367,1325,1551,1358,1580,1338,1608,1343,1626,1365,1606,1367,1578,1363,1375,1541,1422,1522,1466,1515,1489,1525,1517,1524,1544,1541,1562,1572,1533,1582,1503,1589,1474,1587,1448,1581,1410,1566,1390,1542,1461,1542,1485,1547,1512,1550,1550,1567,1508,1561,1480,1558,1456,1554
1112,h,1,1,1176,1176,1711,1711,37.06666666666667,1204,1342,1199,1407,1200,1473,1207,1536,1231,1593,1274,1637,1330,1667,1388,1691,1449,1704,1504,1702,1551,1680,1591,1647,1621,1602,1643,1554,1661,1504,1671,1453,1675,1402,1300,1279,1340,1254,1387,1252,1434,1263,1477,1282,1542,1297,1580,1295,1618,1298,1652,1311,1669,1341,1506,1330,1506,1361,1507,1390,1508,1423,1436,1463,1463,1473,1490,1482,1516,1481,1540,1480,1341,1316,1371,1301,1403,1308,1426,1337,1398,1334,1365,1328,1549,1359,1578,1338,1608,1343,1628,1368,1606,1369,1577,1365,1376,1546,1421,1522,1464,1515,1487,1523,1514,1523,1542,1540,1559,1574,1532,1588,1501,1594,1473,1591,1448,1586,1410,1571,1391,1547,1459,1542,1483,1547,1510,1549,1546,1569,1506,1565,1479,1563,1455,1559
1113,h,1,1,1176,1176,1711,1711,37.1,1193,1346,1188,1412,1190,1480,1198,1544,1223,1602,1268,1647,1325,1677,1383,1703,1445,1718,1501,1715,1548,1691,1590,1655,1619,1607,1640,1557,1659,1506,1670,1455,1675,1405,1293,1285,1334,1256,1383,1251,1432,1261,1478,1281,1542,1296,1581,1295,1620,1300,1655,1316,1670,1349,1504,1331,1504,1361,1506,1390,1507,1423,1436,1465,1464,1474,1490,1483,1516,1482,1540,1480,1337,1318,1367,1302,1400,1308,1424,1337,1395,1333,1362,1327,1550,1360,1579,1339,1609,1344,1628,1369,1606,1369,1577,1365,1372,1552,1417,1525,1462,1517,1487,1525,1515,1524,1542,1541,1557,1579,1533,1597,1503,1605,1474,1603,1446,1597,1407,1581,1388,1552,1457,1542,1483,1546,1510,1549,1545,1574,1507,1577,1479,1574,1453,1570
1114,h,1,1,1176,1176,1711,1711,37.13333333333333,1193,1346,1188,1412,1190,1480,1198,1544,1223,1602,1268,1647,1325,1677,1383,1703,1445,1718,1501,1715,1548,1691,1590,1655,1619,1607,1640,1557,1659,1506,1670,1455,1675,1405,1293,1285,1334,1256,1383,1251,1432,1261,1478,1281,1542,1296,1581,1295,1620,1300,1655,1316,1670,1349,1504,1331,1504,1361,1506,1390,1507,1423,1436,1465,1464,1474,1490,1483,1516,1482,1540,1480,1337,1318,1367,1302,1400,1308,1424,1337,1395,1333,1362,1327,1550,1360,1579,1339,1609,1344,1628,1369,1606,1369,1577,1365,1372,1552,1417,1525,1462,1517,1487,1525,1515,1524,1542,1541,1557,1579,1533,1597,1503,1605,1474,1603,1446,1597,1407,1581,1388,1552,1457,1542,1483,1546,1510,1549,1545,1574,1507,1577,1479,1574,1453,1570
1115,h,1,1,1176,1176,1711,1711,37.166666666666664,1198,1345,1191,1410,1191,1477,1198,1541,1222,1601,1264,1648,1318,1683,1377,1713,1441,1727,1500,1722,1548,1696,1589,1657,1618,1608,1640,1557,1659,1507,1671,1456,1675,1406,1299,1279,1340,1252,1389,1249,1438,1259,1481,1279,1542,1294,1580,1292,1618,1295,1652,1308,1668,1338,1506,1329,1506,1360,1507,1389,1508,1422,1435,1464,1462,1473,1490,1482,1516,1481,1540,1479,1339,1315,1370,1300,1401,1306,1424,1336,1396,1332,1364,1325,1550,1357,1579,1336,1608,1341,1627,1366,1606,1366,1577,1363,1369,1560,1413,1527,1460,1517,1484,1525,1513,1525,1543,1545,1556,1587,1532,1610,1498,1620,1468,1619,1440,1613,1401,1596,1384,1561,1455,1544,1480,1548,1508,1551,1544,1582,1504,1591,1475,1589,1449,1585
1116,h,1,1,1176,1176,1711,1711,37.2,1191,1346,1186,1414,1188,1482,1195,1546,1220,1605,1265,1652,1320,1685,1378,1713,1442,1729,1501,1725,1548,1700,1588,1662,1616,1612,1639,1561,1659,1509,1671,1456,1675,1404,1294,1280,1336,1253,1385,1249,1434,1259,1479,1279,1541,1294,1579,1291,1618,1295,1652,1308,1668,1338,1505,1328,1505,1359,1507,1388,1508,1420,1436,1464,1463,1473,1490,1482,1516,1481,1539,1478,1336,1315,1367,1300,1399,1306,1422,1335,1393,1331,1362,1325,1549,1357,1578,1336,1608,1340,1627,1365,1606,1365,1577,1362,1366,1560,1411,1527,1458,1516,1484,1526,1512,1525,1542,1545,1555,1589,1531,1613,1498,1623,1468,1621,1439,1614,1399,1596,1382,1561,1453,1543,1480,1548,1507,1551,1543,1584,1503,1593,1474,1591,1447,1587
1117,h,1,1,1176,1176,1711,1711,37.233333333333334,1196,1346,1189,1412,1190,1480,1198,1544,1224,1602,1268,1650,1322,1684,1378,1712,1441,1727,1499,1724,1547,1698,1589,1658,1618,1609,1642,1557,1662,1505,1672,1453,1676,1402,1297,1278,1338,1252,1386,1249,1435,1259,1480,1277,1539,1291,1578,1290,1618,1294,1653,1309,1670,1341,1504,1329,1504,1359,1505,1387,1506,1419,1433,1463,1461,1472,1488,1481,1515,1480,1539,1478,1336,1314,1366,1299,1398,1306,1422,1335,1393,1331,1361,1325,1549,1356,1578,1335,1608,1340,1628,1365,1606,1365,1576,1362,1365,1560,1409,1526,1457,1515,1483,1524,1512,1523,1542,1544,1555,1589,1531,1612,1498,1622,1467,1620,1437,1614,1397,1595,1380,1560,1452,1543,1478,1548,1507,1551,1543,1584,1503,1591,1473,1588,1446,1584
1118,h,1,1,1176,1176,1711,1711,37.266666666666666,1196,1346,1189,1412,1190,1480,1198,1544,1224,1602,1268,1650,1322,1684,1378,1712,1441,1727,1499,1724,1547,1698,1589,1658,1618,1609,1642,1557,1662,1505,1672,1453,1676,1402,1297,1278,1338,1252,1386,1249,1435,1259,1480,1277,1539,1291,1578,1290,1618,1294,1653,1309,1670,1341,1504,1329,1504,1359,1505,1387,1506,1419,1433,1463,1461,1472,1488,1481,1515,1480,1539,1478,1336,1314,1366,1299,1398,1306,1422,1335,1393,1331,1361,1325,1549,1356,1578,1335,1608,1340,1628,1365,1606,1365,1576,1362,1365,1560,1409,1526,1457,1515,1483,1524,1512,1523,1542,1544,1555,1589,1531,1612,1498,1622,1467,1620,1437,1614,1397,1595,1380,1560,1452,1543,1478,1548,1507,1551,1543,1584,1503,1591,1473,1588,1446,1584
1119,h,1,1,1176,1176,1711,1711,37.3,1197,1342,1190,1407,1190,1475,1197,1539,1222,1599,1267,1646,1322,1680,1381,1708,1445,1723,1503,1719,1551,1693,1593,1655,1622,1606,1644,1554,1663,1503,1673,1451,1675,1400,1297,1277,1340,1252,1389,1249,1437,1259,1481,1278,1539,1292,1579,1290,1619,1294,1654,1310,1670,1342,1503,1329,1504,1360,1505,1388,1506,1420,1434,1464,1462,1472,1489,1482,1515,1481,1540,1479,1337,1314,1368,1298,1400,1305,1422,1335,1394,1331,1362,1325,1549,1357,1577,1334,1608,1339,1627,1364,1606,1365,1576,1362,1367,1558,1412,1526,1459,1515,1484,1524,1512,1523,1543,1544,1557,1586,1532,1608,1499,1616,1470,1614,1441,1608,1401,1590,1382,1559,1454,1543,1480,1547,1507,1551,1544,1582,1504,1587,1476,1585,1449,1580
1120,h,1,1,1176,1176,1711,1711,37.333333333333336,1194,1346,1189,1413,1191,1480,1199,1544,1225,1602,1271,1647,1327,1679,1385,1705,1448,1719,1504,1717,1551,1692,1591,1655,1621,1607,1644,1556,1662,1504,1672,1451,1675,1399,1298,1276,1339,1252,1386,1249,1434,1259,1477,1277,1543,1292,1579,1290,1617,1294,1650,1307,1667,1336,1504,1328,1505,1359,1506,1388,1508,1420,1436,1464,1463,1473,1491,1482,1517,1480,1541,1479,1338,1315,1368,1300,1399,1306,1423,1335,1395,1330,1363,1324,1550,1356,1579,1335,1608,1340,1627,1365,1605,1364,1577,1361,1368,1555,1414,1525,1460,1516,1486,1525,1515,1524,1544,1543,1559,1583,1533,1601,1501,1609,1471,1607,1442,1601,1403,1585,1384,1556,1455,1544,1482,1548,1510,1551,1546,1578,1506,1580,1477,1577,1450,1573
1121,h,1,1,1176,1176,1711,1711,37.36666666666667,1201,1338,1195,1403,1196,1468,1201,1532,1224,1591,1267,1636,1323,1669,1382,1695,1446,1710,1503,1708,1552,1684,1593,1648,1621,1601,1642,1551,1659,1502,1670,1451,1676,1400,1296,1280,1337,1253,1385,1249,1434,1259,1478,1278,1541,1294,1582,1292,1623,1297,1659,1314,1676,1349,1504,1328,1503,1359,1504,1388,1505,1420,1435,1463,1462,1471,1488,1479,1514,1479,1539,1478,1336,1316,1366,1300,1398,1306,1422,1335,1394,1331,1361,1325,1550,1356,1579,1336,1609,1341,1629,1366,1606,1367,1577,1362,1369,1549,1414,1523,1461,1514,1486,1523,1514,1522,1544,1541,1559,1580,1533,1599,1500,1607,1471,1604,1443,1598,1403,1581,1385,1551,1456,1543,1482,1547,1509,1551,1546,1576,1505,1576,1477,1573,1450,1569
1122,h,1,1,1176,1176,1711,1711,37.4,1201,1338,1195,1403,1196,1468,1201,1532,1224,1591,1267,1636,1323,1669,1382,1695,1446,1710,1503,1708,1552,1684,1593,1648,1621,1601,1642,1551,1659,1502,1670,1451,1676,1400,1296,1280,1337,1253,1385,1249,1434,1259,1478,1278,1541,1294,1582,1292,1623,1297,1659,1314,1676,1349,1504,1328,1503,1359,1504,1388,1505,1420,1435,1463,1462,1471,1488,1479,1514,1479,1539,1478,1336,1316,1366,1300,1398,1306,1422,1335,1394,1331,1361,1325,1550,1356,1579,1336,1609,1341,1629,1366,1606,1367,1577,1362,1369,1549,1414,1523,1461,1514,1486,1523,1514,1522,1544,1541,1559,1580,1533,1599,1500,1607,1471,1604,1443,1598,1403,1581,1385,1551,1456,1543,1482,1547,1509,1551,1546,1576,1505,1576,1477,1573,1450,1569
1123,h,1,1,1176,1176,1711,1711,37.43333333333333,1204,1335,1198,1402,1199,1469,1204,1533,1228,1592,1271,1637,1326,1669,1383,1696,1445,1709,1502,1706,1549,1682,1590,1647,1619,1600,1640,1551,1659,1501,1670,1450,1676,1398,1293,1284,1332,1253,1382,1249,1432,1259,1477,1278,1538,1293,1580,1291,1622,1296,1661,1313,1678,1350,1500,1327,1500,1358,1501,1387,1502,1420,1432,1463,1459,1471,1487,1480,1513,1479,1539,1479,1334,1316,1364,1299,1396,1305,1421,1335,1392,1330,1360,1324,1548,1356,1578,1336,1607,1341,1628,1365,1605,1366,1575,1361,1367,1549,1412,1524,1457,1515,1484,1525,1513,1523,1542,1541,1558,1579,1531,1595,1499,1602,1469,1600,1439,1594,1400,1579,1383,1550,1453,1542,1480,1547,1508,1550,1545,1573,1504,1572,1474,1570,1447,1565
1124,h,1,1,1176,1176,1711,1711,37.46666666666667,1203,1338,1198,1404,1197,1470,1202,1534,1225,1592,1269,1636,1324,1666,1382,1692,1443,1707,1500,1704,1548,1681,1590,1647,1619,1600,1641,1550,1659,1500,1669,1448,1674,1398,1296,1282,1335,1253,1384,1249,1433,1259,1478,1277,1540,1294,1579,1291,1619,1295,1654,1312,1670,1346,1503,1328,1503,1358,1503,1387,1504,1420,1433,1463,1460,1471,1488,1480,1514,1479,1539,1478,1336,1316,1366,1300,1398,1306,1423,1336,1393,1331,1361,1325,1548,1357,1577,1336,1606,1341,1627,1366,1604,1366,1575,1362,1368,1545,1414,1523,1459,1514,1485,1523,1513,1522,1542,1540,1559,1577,1532,1593,1500,1598,1470,1596,1442,1590,1402,1575,1383,1547,1455,1542,1481,1547,1508,1550,1547,1572,1505,1569,1476,1566,1450,1562
1125,h,1,1,1176,1176,1711,1711,37.5,1201,1338,1195,1401,1194,1467,1198,1531,1221,1589,1264,1633,1321,1663,1379,1687,1441,1700,1496,1698,1544,1677,1586,1644,1617,1600,1640,1552,1658,1501,1668,1450,1672,1401,1297,1278,1337,1252,1384,1247,1433,1257,1477,1276,1539,1291,1577,1290,1616,1295,1650,1310,1668,1341,1502,1328,1502,1358,1503,1387,1504,1418,1433,1463,1460,1470,1487,1479,1514,1479,1538,1478,1336,1314,1365,1299,1397,1306,1421,1335,1391,1330,1360,1324,1547,1357,1576,1336,1605,1341,1625,1364,1603,1366,1574,1362,1367,1545,1414,1522,1459,1513,1484,1522,1513,1521,1542,1539,1559,1575,1531,1591,1499,1596,1469,1594,1441,1588,1402,1574,1382,1546,1454,1541,1480,1546,1508,1548,1547,1571,1504,1566,1475,1564,1448,1560
1126,h,1,1,1176,1176,1711,1711,37.53333333333333,1201,1338,1195,1401,1194,1467,1198,1531,1221,1589,1264,1633,1321,1663,1379,1687,1441,1700,1496,1698,1544,1677,1586,1644,1617,1600,1640,1552,1658,1501,1668,1450,1672,1401,1297,1278,1337,1252,1384,1247,1433,1257,1477,1276,1539,1291,1577,1290,1616,1295,1650,1310,1668,1341,1502,1328,1502,1358,1503,1387,1504,1418,1433,1463,1460,1470,1487,1479,1514,1479,1538,1478,1336,1314,1365,1299,1397,1306,1421,1335,1391,1330,1360,1324,1547,1357,1576,1336,1605,1341,1625,1364,1603,1366,1574,1362,1367,1545,1414,1522,1459,1513,1484,1522,1513,1521,1542,1539,1559,1575,1531,1591,1499,1596,1469,1594,1441,1588,1402,1574,1382,1546,1454,1541,1480,1546,1508,1548,1547,1571,1504,1566,1475,1564,1448,1560
1127,h,1,1,1176,1176,1711,1711,37.56666666666667,1203,1338,1197,1404,1198,1471,1204,1534,1228,1593,1272,1637,1327,1669,1383,1694,1445,1708,1502,1705,1549,1682,1590,1647,1620,1601,1643,1552,1661,1501,1670,1448,1673,1398,1297,1278,1337,1251,1385,1246,1433,1257,1476,1275,1537,1291,1575,1288,1614,1292,1649,1304,1669,1334,1501,1325,1502,1356,1503,1385,1504,1418,1433,1462,1461,1470,1489,1480,1515,1479,1540,1478,1336,1314,1367,1299,1399,1306,1424,1335,1394,1330,1361,1324,1546,1356,1577,1335,1606,1340,1626,1364,1604,1365,1575,1361,1368,1544,1415,1520,1459,1512,1485,1522,1514,1520,1543,1537,1559,1573,1532,1587,1500,1594,1470,1591,1442,1586,1403,1572,1384,1545,1455,1540,1481,1545,1509,1547,1547,1568,1505,1564,1476,1562,1449,1557
1128,h,1,1,1176,1176,1711,1711,37.6,1196,1344,1190,1409,1191,1476,1197,1540,1222,1597,1267,1640,1324,1668,1382,1692,1444,1705,1499,1703,1546,1681,1588,1646,1619,1601,1642,1551,1660,1501,1669,1451,1673,1402,1296,1279,1336,1252,1384,1248,1432,1258,1475,1276,1539,1292,1578,1292,1616,1297,1650,1312,1667,1344,1501,1326,1502,1356,1503,1385,1504,1417,1433,1462,1461,1470,1488,1479,1514,1478,1538,1476,1336,1314,1366,1299,1397,1306,1421,1334,1391,1329,1360,1323,1547,1356,1576,1337,1605,1342,1625,1366,1602,1365,1574,1361,1367,1546,1415,1521,1460,1512,1486,1521,1514,1519,1541,1537,1557,1573,1531,1586,1501,1591,1471,1589,1444,1584,1404,1570,1383,1547,1456,1540,1482,1545,1509,1547,1544,1569,1505,1563,1477,1560,1451,1557
1129,h,1,1,1176,1176,1711,1711,37.63333333333333,1196,1344,1190,1409,1191,1476,1197,1540,1222,1597,1267,1640,1324,1668,1382,1692,1444,1705,1499,1703,1546,1681,1588,1646,1619,1601,1642,1551,1660,1501,1669,1451,1673,1402,1296,1279,1336,1252,1384,1248,1432,1258,1475,1276,1539,1292,1578,1292,1616,1297,1650,1312,1667,1344,1501,1326,1502,1356,1503,1385,1504,1417,1433,1462,1461,1470,1488,1479,1514,1478,1538,1476,1336,1314,1366,1299,1397,1306,1421,1334,1391,1329,1360,1323,1547,1356,1576,1337,1605,1342,1625,1366,1602,1365,1574,1361,1367,1546,1415,1521,1460,1512,1486,1521,1514,1519,1541,1537,1557,1573,1531,1586,1501,1591,1471,1589,1444,1584,1404,1570,1383,1547,1456,1540,1482,1545,1509,1547,1544,1569,1505,1563,1477,1560,1451,1557
1130,h,1,1,1176,1176,1711,1711,37.666666666666664,1201,1343,1197,1410,1199,1477,1206,1541,1232,1598,1276,1639,1331,1668,1388,1691,1449,1702,1503,1699,1550,1678,1591,1645,1620,1601,1642,1552,1660,1502,1670,1451,1674,1402,1292,1280,1333,1251,1382,1246,1431,1256,1476,1275,1537,1290,1578,1289,1619,1294,1657,1310,1673,1347,1500,1325,1501,1356,1502,1385,1504,1418,1432,1461,1460,1469,1488,1478,1515,1478,1539,1477,1335,1314,1365,1298,1396,1304,1421,1333,1392,1329,1359,1323,1547,1355,1576,1334,1605,1339,1626,1364,1603,1364,1574,1360,1368,1546,1414,1521,1459,1512,1486,1522,1515,1519,1542,1537,1559,1573,1533,1586,1502,1591,1472,1589,1443,1584,1403,1570,1383,1546,1455,1539,1482,1544,1510,1546,1546,1568,1506,1561,1477,1559,1450,1555
1131,h,1,1,1176,1176,1711,1711,37.7,1197,1340,1191,1407,1191,1474,1197,1538,1221,1596,1266,1640,1323,1668,1382,1691,1444,1705,1500,1703,1548,1682,1589,1648,1618,1601,1641,1552,1659,1500,1668,1447,1671,1396,1291,1280,1331,1251,1381,1246,1430,1256,1475,1275,1535,1291,1574,1290,1613,1294,1649,1309,1666,1341,1499,1325,1500,1356,1502,1385,1504,1418,1432,1462,1460,1470,1488,1479,1515,1478,1539,1477,1335,1314,1364,1299,1396,1305,1420,1334,1391,1329,1360,1323,1545,1356,1574,1335,1604,1340,1624,1364,1601,1364,1572,1360,1368,1546,1416,1522,1461,1513,1485,1522,1513,1520,1541,1538,1558,1572,1531,1586,1500,1591,1471,1590,1444,1584,1405,1571,1383,1546,1457,1541,1481,1545,1509,1547,1546,1568,1505,1563,1477,1561,1451,1557
1132,h,1,1,1176,1176,1711,1711,37.733333333333334,1195,1341,1191,1408,1192,1475,1199,1540,1224,1597,1271,1641,1329,1669,1388,1692,1448,1705,1503,1701,1549,1679,1591,1647,1621,1602,1643,1552,1660,1501,1670,1449,1673,1399,1292,1282,1333,1254,1382,1249,1431,1259,1476,1276,1538,1292,1577,1291,1615,1296,1649,1311,1666,1341,1501,1327,1502,1358,1503,1387,1505,1420,1433,1464,1461,1472,1489,1481,1516,1480,1540,1478,1334,1316,1364,1301,1396,1307,1421,1336,1391,1331,1360,1325,1546,1357,1575,1337,1604,1341,1624,1366,1602,1365,1574,1362,1368,1548,1415,1524,1460,1515,1485,1524,1514,1522,1542,1540,1559,1575,1532,1585,1501,1591,1471,1590,1443,1585,1405,1571,1383,1549,1455,1543,1481,1548,1509,1550,1547,1570,1505,1563,1476,1561,1450,1557
1133,h,1,1,1176,1176,1711,1711,37.766666666666666,1195,1341,1191,1408,1192,1475,1199,1540,1224,1597,1271,1641,1329,1669,1388,1692,1448,1705,1503,1701,1549,1679,1591,1647,1621,1602,1643,1552,1660,1501,1670,1449,1673,1399,1292,1282,1333,1254,1382,1249,1431,1259,1476,1276,1538,1292,1577,1291,1615,1296,1649,1311,1666,1341,1501,1327,1502,1358,1503,1387,1505,1420,1433,1464,1461,1472,1489,1481,1516,1480,1540,1478,1334,1316,1364,1301,1396,1307,1421,1336,1391,1331,1360,1325,1546,1357,1575,1337,1604,1341,1624,1366,1602,1365,1574,1362,1368,1548,1415,1524,1460,1515,1485,1524,1514,1522,1542,1540,1559,1575,1532,1585,1501,1591,1471,1590,1443,1585,1405,1571,1383,1549,1455,1543,1481,1548,1509,1550,1547,1570,1505,1563,1476,1561,1450,1557
1134,h,1,1,1176,1176,1711,1711,37.8,1194,1338,1187,1404,1186,1472,1192,1538,1217,1597,1264,1641,1322,1671,1381,1695,1444,1708,1499,1704,1546,1681,1587,1646,1619,1601,1642,1552,1660,1501,1669,1448,1671,1399,1297,1281,1337,1254,1385,1250,1432,1261,1475,1280,1541,1296,1578,1294,1616,1297,1649,1310,1666,1341,1502,1330,1502,1361,1503,1390,1505,1422,1432,1465,1460,1473,1488,1482,1514,1481,1539,1480,1334,1317,1365,1302,1397,1309,1421,1339,1392,1334,1359,1327,1547,1360,1576,1338,1605,1342,1625,1367,1604,1368,1575,1365,1367,1546,1415,1524,1460,1516,1484,1525,1513,1524,1541,1540,1558,1574,1531,1588,1500,1594,1470,1592,1443,1586,1404,1573,1382,1547,1455,1542,1481,1547,1508,1549,1546,1570,1505,1565,1476,1563,1450,1559
1135,h,1,1,1176,1176,1711,1711,37.833333333333336,1198,1347,1194,1411,1194,1475,1199,1538,1223,1595,1268,1638,1323,1667,1380,1691,1440,1706,1495,1705,1544,1685,1587,1653,1619,1609,1642,1560,1661,1510,1672,1457,1678,1406,1290,1286,1331,1256,1381,1251,1431,1261,1477,1280,1538,1296,1580,1295,1623,1300,1659,1319,1675,1358,1501,1329,1500,1360,1501,1389,1501,1422,1430,1465,1458,1473,1486,1482,1512,1482,1537,1481,1334,1317,1364,1301,1396,1308,1420,1337,1390,1332,1359,1326,1548,1361,1577,1340,1607,1346,1627,1371,1604,1371,1575,1367,1364,1546,1411,1524,1455,1516,1481,1525,1510,1524,1539,1542,1557,1577,1529,1587,1497,1593,1467,1591,1439,1585,1400,1571,1380,1547,1450,1542,1477,1548,1506,1550,1544,1572,1502,1565,1473,1562,1446,1558
1136,h,1,1,1176,1176,1711,1711,37.86666666666667,1197,1344,1192,1409,1193,1475,1199,1538,1223,1594,1268,1637,1323,1666,1381,1690,1441,1704,1496,1702,1543,1681,1586,1649,1617,1604,1640,1555,1659,1505,1668,1452,1673,1402,1293,1286,1334,1257,1384,1251,1434,1262,1480,1281,1535,1298,1576,1297,1616,1301,1651,1317,1668,1351,1499,1331,1500,1361,1501,1390,1503,1422,1430,1467,1458,1474,1487,1483,1513,1483,1537,1482,1333,1319,1363,1303,1395,1310,1420,1339,1390,1334,1358,1328,1546,1362,1575,1341,1604,1346,1624,1371,1602,1371,1573,1367,1366,1547,1413,1525,1457,1517,1483,1526,1511,1525,1539,1542,1556,1576,1528,1587,1498,1592,1468,1590,1441,1584,1402,1570,1381,1547,1453,1543,1479,1548,1506,1550,1543,1571,1502,1565,1474,1562,1448,1558
1137,h,1,1,1176,1176,1711,1711,37.9,1197,1344,1192,1409,1193,1475,1199,1538,1223,1594,1268,1637,1323,1666,1381,1690,1441,1704,1496,1702,1543,1681,1586,1649,1617,1604,1640,1555,1659,1505,1668,1452,1673,1402,1293,1286,1334,1257,1384,1251,1434,1262,1480,1281,1535,1298,1576,1297,1616,1301,1651,1317,1668,1351,1499,1331,1500,1361,1501,1390,1503,1422,1430,1467,1458,1474,1487,1483,1513,1483,1537,1482,1333,1319,1363,1303,1395,1310,1420,1339,1390,1334,1358,1328,1546,1362,1575,1341,1604,1346,1624,1371,1602,1371,1573,1367,1366,1547,1413,1525,1457,1517,1483,1526,1511,1525,1539,1542,1556,1576,1528,1587,1498,1592,1468,1590,1441,1584,1402,1570,1381,1547,1453,1543,1479,1548,1506,1550,1543,1571,1502,1565,1474,1562,1448,1558
1138,h,1,1,1176,1176,1711,1711,37.93333333333333,1192,1351,1188,1416,1188,1483,1194,1547,1219,1604,1266,1647,1324,1674,1383,1696,1445,1709,1499,1706,1546,1686,1588,1653,1619,1607,1641,1558,1658,1507,1667,1456,1671,1407,1292,1285,1332,1257,1383,1252,1432,1262,1477,1281,1536,1298,1576,1296,1615,1300,1650,1315,1668,1347,1501,1331,1501,1362,1502,1391,1503,1424,1430,1467,1458,1475,1486,1485,1514,1484,1538,1483,1333,1321,1364,1304,1396,1311,1421,1340,1391,1336,1359,1330,1545,1363,1575,1341,1605,1346,1624,1371,1602,1372,1573,1368,1364,1548,1413,1525,1457,1517,1483,1527,1512,1525,1540,1543,1556,1577,1529,1589,1499,1594,1469,1592,1441,1586,1402,1572,1380,1549,1453,1543,1479,1549,1507,1551,1544,1573,1504,1567,1475,1564,1448,1560
1139,h,1,1,1176,1176,1711,1711,37.96666666666667,1201,1338,1196,1402,1196,1467,1200,1530,1222,1590,1265,1635,1322,1665,1381,1689,1442,1704,1497,1702,1546,1681,1588,1648,1618,1603,1641,1555,1661,1505,1673,1453,1678,1402,1293,1285,1333,1256,1382,1252,1432,1262,1477,1280,1535,1297,1578,1295,1621,1301,1659,1318,1677,1355,1500,1331,1498,1362,1498,1391,1498,1423,1427,1466,1456,1474,1484,1483,1510,1483,1536,1482,1334,1319,1364,1304,1396,1311,1420,1339,1391,1335,1359,1329,1547,1362,1577,1342,1606,1348,1627,1372,1603,1372,1574,1367,1366,1547,1412,1526,1456,1518,1482,1528,1511,1526,1539,1544,1556,1580,1529,1590,1497,1596,1468,1593,1439,1587,1401,1574,1382,1549,1451,1544,1478,1550,1506,1552,1543,1574,1502,1567,1473,1565,1446,1560
1140,h,1,1,1176,1176,1711,1711,38.0,1194,1343,1191,1409,1192,1475,1198,1539,1221,1597,1266,1642,1322,1672,1380,1698,1441,1712,1497,1708,1544,1685,1586,1650,1616,1604,1637,1555,1656,1504,1667,1453,1674,1401,1286,1290,1325,1258,1376,1251,1428,1259,1476,1278,1532,1294,1576,1293,1620,1298,1659,1317,1676,1355,1497,1330,1497,1360,1498,1390,1498,1422,1428,1466,1455,1474,1483,1483,1510,1482,1536,1481,1331,1319,1362,1303,1393,1310,1419,1339,1389,1334,1357,1328,1545,1361,1574,1340,1604,1344,1625,1370,1601,1369,1572,1366,1365,1552,1410,1527,1455,1518,1481,1527,1509,1526,1538,1544,1553,1582,1526,1598,1495,1606,1466,1604,1438,1598,1399,1582,1380,1554,1451,1544,1477,1549,1505,1552,1541,1577,1500,1578,1472,1576,1445,1571
1141,h,1,1,1176,1176,1711,1711,38.03333333333333,1194,1343,1191,1409,1192,1475,1198,1539,1221,1597,1266,1642,1322,1672,1380,1698,1441,1712,1497,1708,1544,1685,1586,1650,1616,1604,1637,1555,1656,1504,1667,1453,1674,1401,1286,1290,1325,1258,1376,1251,1428,1259,1476,1278,1532,1294,1576,1293,1620,1298,1659,1317,1676,1355,1497,1330,1497,1360,1498,1390,1498,1422,1428,1466,1455,1474,1483,1483,1510,1482,1536,1481,1331,1319,1362,1303,1393,1310,1419,1339,1389,1334,1357,1328,1545,1361,1574,1340,1604,1344,1625,1370,1601,1369,1572,1366,1365,1552,1410,1527,1455,1518,1481,1527,1509,1526,1538,1544,1553,1582,1526,1598,1495,1606,1466,1604,1438,1598,1399,1582,1380,1554,1451,1544,1477,1549,1505,1552,1541,1577,1500,1578,1472,1576,1445,1571
1142,h,1,1,1176,1176,1711,1711,38.06666666666667,1195,1340,1190,1404,1191,1469,1197,1533,1221,1592,1263,1639,1318,1671,1374,1701,1436,1717,1493,1714,1541,1690,1584,1654,1614,1607,1637,1557,1655,1506,1667,1454,1672,1403,1287,1286,1326,1257,1375,1252,1426,1261,1472,1279,1533,1295,1574,1293,1615,1298,1653,1315,1670,1351,1496,1330,1497,1361,1498,1391,1499,1424,1429,1467,1456,1475,1483,1484,1509,1483,1535,1482,1329,1317,1359,1301,1391,1307,1416,1337,1387,1332,1354,1326,1544,1359,1573,1337,1602,1342,1623,1367,1600,1368,1570,1364,1364,1554,1408,1528,1454,1518,1480,1528,1508,1526,1537,1544,1553,1582,1526,1601,1495,1609,1465,1607,1436,1601,1397,1584,1379,1556,1449,1546,1476,1551,1503,1553,1541,1578,1500,1580,1472,1577,1444,1573
1143,h,1,1,1176,1176,1711,1711,38.1,1191,1343,1185,1408,1186,1475,1192,1539,1215,1598,1259,1643,1316,1672,1375,1698,1438,1713,1495,1710,1544,1689,1587,1655,1617,1610,1640,1559,1657,1506,1666,1454,1670,1404,1287,1281,1328,1255,1376,1252,1425,1261,1470,1279,1533,1295,1572,1294,1612,1299,1646,1313,1664,1344,1496,1330,1497,1361,1498,1391,1500,1424,1428,1468,1456,1476,1483,1485,1510,1484,1534,1483,1328,1319,1358,1304,1390,1310,1415,1338,1385,1333,1354,1328,1543,1360,1573,1339,1602,1345,1623,1369,1599,1369,1571,1364,1363,1551,1412,1529,1456,1520,1481,1529,1508,1527,1536,1546,1554,1582,1526,1595,1495,1600,1466,1598,1439,1592,1401,1578,1380,1552,1451,1548,1476,1553,1503,1555,1541,1577,1500,1571,1472,1568,1447,1564
1144,h,1,1,1176,1176,1711,1711,38.13333333333333,1191,1343,1185,1408,1186,1475,1192,1539,1215,1598,1259,1643,1316,1672,1375,1698,1438,1713,1495,1710,1544,1689,1587,1655,1617,1610,1640,1559,1657,1506,1666,1454,1670,1404,1287,1281,1328,1255,1376,1252,1425,1261,1470,1279,1533,1295,1572,1294,1612,1299,1646,1313,1664,1344,1496,1330,1497,1361,1498,1391,1500,1424,1428,1468,1456,1476,1483,1485,1510,1484,1534,1483,1328,1319,1358,1304,1390,1310,1415,1338,1385,1333,1354,1328,1543,1360,1573,1339,1602,1345,1623,1369,1599,1369,1571,1364,1363,1551,1412,1529,1456,1520,1481,1529,1508,1527,1536,1546,1554,1582,1526,1595,1495,1600,1466,1598,1439,1592,1401,1578,1380,1552,1451,1548,1476,1553,1503,1555,1541,1577,1500,1571,1472,1568,1447,1564
1145,h,1,1,1228,1228,1673,1673,38.166666666666664,1195,1344,1188,1408,1188,1473,1193,1537,1213,1596,1254,1641,1311,1671,1371,1693,1436,1706,1495,1704,1544,1683,1586,1651,1614,1607,1633,1559,1650,1509,1660,1460,1664,1411,1289,1280,1332,1255,1381,1252,1430,1262,1473,1282,1537,1297,1574,1293,1611,1296,1644,1310,1661,1340,1499,1329,1499,1360,1500,1391,1501,1425,1431,1468,1457,1475,1484,1484,1510,1483,1533,1481,1332,1318,1363,1303,1395,1309,1419,1338,1389,1333,1358,1327,1542,1357,1572,1338,1600,1342,1619,1366,1597,1367,1569,1363,1366,1547,1416,1528,1457,1521,1482,1530,1508,1528,1534,1543,1552,1572,1523,1582,1494,1585,1467,1584,1440,1578,1404,1568,1382,1548,1453,1546,1478,1551,1504,1553,1540,1569,1500,1557,1473,1555,1448,1551
1146,h,1,1,1176,1176,1711,1711,38.2,1192,1344,1185,1406,1184,1471,1189,1534,1211,1593,1254,1638,1311,1666,1370,1690,1435,1705,1494,1702,1543,1681,1587,1648,1618,1605,1639,1557,1656,1507,1667,1457,1670,1408,1285,1288,1326,1258,1376,1253,1428,1262,1475,1282,1530,1295,1574,1294,1617,1299,1655,1317,1672,1356,1498,1331,1497,1362,1498,1390,1499,1423,1429,1467,1455,1475,1483,1484,1509,1483,1534,1481,1330,1318,1361,1304,1392,1311,1418,1339,1387,1334,1355,1328,1544,1361,1573,1340,1602,1345,1622,1369,1599,1369,1571,1365,1363,1547,1413,1528,1458,1520,1481,1530,1507,1527,1535,1544,1552,1574,1523,1582,1493,1586,1466,1584,1440,1578,1402,1567,1378,1547,1453,1544,1477,1550,1503,1551,1540,1569,1498,1558,1472,1556,1448,1551
1147,h,1,1,1228,1228,1673,1673,38.233333333333334,1190,1343,1184,1409,1184,1474,1190,1538,1211,1597,1253,1643,1310,1672,1371,1695,1433,1707,1490,1705,1538,1684,1579,1652,1608,1609,1628,1561,1645,1511,1655,1461,1660,1411,1285,1282,1327,1256,1377,1253,1427,1263,1471,1283,1536,1299,1573,1296,1610,1298,1643,1312,1660,1342,1497,1330,1497,1361,1498,1391,1500,1425,1430,1467,1457,1474,1483,1483,1508,1482,1532,1481,1330,1320,1361,1305,1392,1310,1417,1338,1387,1334,1356,1328,1542,1358,1571,1339,1599,1343,1618,1366,1597,1367,1569,1363,1365,1548,1413,1528,1456,1521,1480,1530,1506,1528,1532,1544,1549,1574,1522,1586,1493,1591,1465,1590,1439,1584,1402,1571,1381,1549,1451,1546,1476,1550,1502,1552,1537,1570,1498,1564,1471,1561,1446,1557
1148,h,1,1,1228,1228,1673,1673,38.266666666666666,1190,1343,1184,1409,1184,1474,1190,1538,1211,1597,1253,1643,1310,1672,1371,1695,1433,1707,1490,1705,1538,1684,1579,1652,1608,1609,1628,1561,1645,1511,1655,1461,1660,1411,1285,1282,1327,1256,1377,1253,1427,1263,1471,1283,1536,1299,1573,1296,1610,1298,1643,1312,1660,1342,1497,1330,1497,1361,1498,1391,1500,1425,1430,1467,1457,1474,1483,1483,1508,1482,1532,1481,1330,1320,1361,1305,1392,1310,1417,1338,1387,1334,1356,1328,1542,1358,1571,1339,1599,1343,1618,1366,1597,1367,1569,1363,1365,1548,1413,1528,1456,1521,1480,1530,1506,1528,1532,1544,1549,1574,1522,1586,1493,1591,1465,1590,1439,1584,1402,1571,1381,1549,1451,1546,1476,1550,1502,1552,1537,1570,1498,1564,1471,1561,1446,1557
1149,h,1,1,1176,1176,1711,1711,38.3,1193,1340,1185,1405,1184,1472,1191,1535,1216,1594,1260,1639,1317,1669,1375,1694,1436,1707,1491,1703,1538,1682,1581,1649,1613,1604,1638,1555,1655,1504,1664,1453,1668,1403,1290,1283,1331,1257,1381,1253,1430,1262,1475,1281,1531,1298,1569,1295,1609,1299,1645,1313,1664,1344,1498,1332,1498,1363,1499,1392,1500,1425,1427,1468,1455,1476,1483,1485,1509,1483,1534,1481,1331,1318,1362,1304,1392,1311,1417,1339,1387,1334,1356,1327,1542,1360,1572,1340,1600,1344,1620,1368,1597,1368,1570,1365,1361,1550,1409,1527,1455,1519,1479,1528,1506,1526,1534,1543,1550,1576,1523,1590,1493,1599,1464,1598,1437,1592,1397,1578,1376,1551,1449,1546,1475,1551,1501,1553,1538,1571,1498,1570,1470,1569,1444,1566
1150,h,1,1,1176,1176,1711,1711,38.333333333333336,1189,1334,1183,1400,1182,1466,1187,1531,1210,1592,1254,1639,1312,1670,1371,1697,1433,1712,1492,1708,1543,1684,1588,1649,1619,1602,1641,1550,1656,1498,1665,1447,1670,1396,1286,1287,1325,1259,1376,1254,1427,1263,1472,1283,1534,1299,1574,1296,1616,1300,1654,1317,1671,1354,1496,1331,1496,1362,1497,1391,1497,1424,1428,1467,1455,1475,1482,1483,1509,1482,1533,1480,1329,1320,1359,1305,1390,1311,1415,1340,1385,1335,1354,1329,1544,1360,1574,1339,1603,1344,1623,1368,1600,1369,1571,1365,1355,1546,1405,1527,1453,1517,1479,1525,1506,1524,1535,1542,1551,1579,1523,1595,1491,1603,1462,1601,1433,1595,1393,1580,1371,1549,1448,1544,1475,1548,1502,1551,1538,1574,1497,1574,1469,1572,1441,1568
1151,h,1,1,1176,1176,1711,1711,38.36666666666667,1194,1339,1189,1403,1189,1467,1193,1531,1217,1591,1261,1636,1318,1665,1376,1691,1436,1705,1492,1703,1541,1681,1584,1648,1615,1603,1638,1553,1656,1502,1666,1452,1672,1400,1283,1291,1322,1260,1373,1254,1425,1263,1472,1284,1531,1300,1572,1296,1615,1299,1654,1316,1672,1354,1496,1331,1496,1361,1497,1390,1498,1422,1428,1466,1455,1474,1482,1482,1509,1481,1534,1481,1329,1320,1359,1305,1390,1310,1416,1339,1386,1335,1354,1329,1544,1360,1574,1340,1603,1345,1624,1369,1601,1369,1571,1365,1357,1545,1406,1525,1452,1516,1479,1525,1507,1524,1536,1543,1553,1579,1524,1596,1492,1603,1462,1601,1433,1594,1393,1578,1373,1548,1447,1543,1475,1548,1502,1551,1540,1574,1497,1573,1468,1570,1441,1566
1152,h,1,1,1176,1176,1711,1711,38.4,1194,1339,1189,1403,1189,1467,1193,1531,1217,1591,1261,1636,1318,1665,1376,1691,1436,1705,1492,1703,1541,1681,1584,1648,1615,1603,1638,1553,1656,1502,1666,1452,1672,1400,1283,1291,1322,1260,1373,1254,1425,1263,1472,1284,1531,1300,1572,1296,1615,1299,1654,1316,1672,1354,1496,1331,1496,1361,1497,1390,1498,1422,1428,1466,1455,1474,1482,1482,1509,1481,1534,1481,1329,1320,1359,1305,1390,1310,1416,1339,1386,1335,1354,1329,1544,1360,1574,1340,1603,1345,1624,1369,1601,1369,1571,1365,1357,1545,1406,1525,1452,1516,1479,1525,1507,1524,1536,1543,1553,1579,1524,1596,1492,1603,1462,1601,1433,1594,1393,1578,1373,1548,1447,1543,1475,1548,1502,1551,1540,1574,1497,1573,1468,1570,1441,1566
1153,h,1,1,1176,1176,1711,1711,38.43333333333333,1192,1337,1186,1402,1184,1469,1190,1533,1215,1591,1260,1636,1318,1665,1377,1691,1438,1704,1493,1700,1541,1678,1583,1646,1615,1602,1638,1554,1657,1503,1667,1452,1672,1401,1290,1284,1331,1256,1380,1251,1430,1261,1475,1280,1534,1298,1574,1295,1616,1299,1652,1315,1670,1350,1499,1331,1499,1362,1500,1391,1501,1423,1428,1466,1455,1475,1483,1483,1510,1482,1535,1480,1331,1318,1362,1304,1393,1310,1417,1338,1388,1334,1357,1328,1544,1360,1574,1340,1603,1345,1623,1368,1600,1369,1572,1366,1361,1548,1408,1525,1454,1516,1479,1525,1508,1524,1536,1542,1553,1578,1525,1595,1493,1602,1464,1600,1435,1594,1396,1578,1376,1550,1449,1544,1475,1549,1503,1551,1540,1574,1498,1572,1470,1570,1443,1566
1154,h,1,1,1176,1176,1711,1711,38.46666666666667,1198,1339,1192,1403,1191,1469,1197,1533,1221,1592,1265,1637,1321,1667,1379,1692,1438,1706,1493,1702,1542,1678,1585,1645,1616,1600,1638,1551,1656,1501,1667,1451,1672,1399,1290,1282,1331,1256,1379,1252,1427,1262,1472,1281,1536,1298,1575,1295,1616,1299,1653,1315,1671,1349,1497,1330,1497,1361,1498,1390,1498,1423,1428,1466,1455,1473,1482,1483,1509,1481,1535,1480,1331,1319,1361,1304,1392,1310,1417,1338,1387,1334,1356,1328,1545,1360,1574,1340,1604,1345,1625,1368,1601,1369,1572,1365,1358,1548,1406,1526,1453,1517,1478,1525,1507,1524,1537,1543,1554,1579,1525,1598,1492,1606,1463,1604,1434,1598,1394,1581,1374,1551,1448,1545,1474,1549,1502,1552,1540,1575,1498,1574,1469,1572,1442,1568
1155,h,1,1,1228,1228,1673,1673,38.5,1189,1346,1184,1413,1185,1479,1193,1543,1217,1602,1261,1647,1317,1677,1375,1702,1437,1716,1494,1713,1541,1690,1582,1655,1611,1609,1633,1560,1650,1509,1660,1459,1663,1410,1289,1281,1330,1256,1379,1252,1428,1262,1471,1280,1536,1295,1572,1293,1609,1296,1641,1309,1658,1338,1497,1329,1498,1361,1499,1391,1500,1424,1430,1466,1457,1473,1484,1482,1509,1481,1533,1480,1332,1318,1362,1303,1393,1308,1417,1337,1388,1332,1357,1326,1543,1357,1571,1337,1599,1341,1618,1365,1596,1365,1569,1361,1364,1554,1409,1526,1453,1516,1479,1526,1507,1524,1535,1542,1550,1581,1525,1598,1494,1606,1465,1605,1437,1599,1398,1584,1380,1555,1449,1545,1476,1549,1503,1552,1538,1577,1499,1576,1471,1574,1444,1570
1156,h,1,1,1228,1228,1673,1673,38.53333333333333,1189,1346,1184,1413,1185,1479,1193,1543,1217,1602,1261,1647,1317,1677,1375,1702,1437,1716,1494,1713,1541,1690,1582,1655,1611,1609,1633,1560,1650,1509,1660,1459,1663,1410,1289,1281,1330,1256,1379,1252,1428,1262,1471,1280,1536,1295,1572,1293,1609,1296,1641,1309,1658,1338,1497,1329,1498,1361,1499,1391,1500,1424,1430,1466,1457,1473,1484,1482,1509,1481,1533,1480,1332,1318,1362,1303,1393,1308,1417,1337,1388,1332,1357,1326,1543,1357,1571,1337,1599,1341,1618,1365,1596,1365,1569,1361,1364,1554,1409,1526,1453,1516,1479,1526,1507,1524,1535,1542,1550,1581,1525,1598,1494,1606,1465,1605,1437,1599,1398,1584,1380,1555,1449,1545,1476,1549,1503,1552,1538,1577,1499,1576,1471,1574,1444,1570
1157,h,1,1,1176,1176,1711,1711,38.56666666666667,1195,1338,1187,1403,1186,1468,1191,1533,1216,1593,1260,1639,1318,1671,1377,1697,1440,1712,1497,1708,1545,1683,1587,1648,1618,1603,1641,1553,1659,1502,1669,1451,1673,1401,1291,1280,1332,1255,1380,1251,1428,1261,1472,1279,1534,1295,1573,1294,1613,1297,1647,1311,1666,1341,1497,1331,1498,1361,1499,1390,1500,1422,1428,1466,1456,1474,1483,1484,1510,1482,1535,1481,1331,1318,1360,1305,1391,1311,1416,1338,1387,1333,1356,1327,1544,1359,1574,1341,1602,1346,1623,1368,1600,1368,1571,1364,1359,1549,1406,1525,1451,1516,1477,1524,1506,1523,1536,1542,1552,1580,1525,1598,1493,1606,1463,1604,1434,1598,1395,1583,1375,1551,1446,1545,1474,1549,1502,1552,1538,1576,1499,1576,1469,1573,1441,1569
1158,h,1,1,1176,1176,1711,1711,38.6,1201,1337,1196,1402,1197,1467,1202,1530,1225,1590,1268,1634,1323,1666,1379,1693,1441,1708,1497,1704,1547,1681,1591,1647,1621,1601,1642,1552,1660,1502,1670,1450,1673,1399,1293,1283,1332,1256,1379,1252,1427,1262,1471,1281,1536,1297,1574,1295,1614,1299,1649,1314,1666,1346,1497,1331,1497,1362,1498,1391,1499,1424,1428,1467,1456,1475,1484,1483,1510,1482,1535,1481,1332,1318,1362,1303,1393,1310,1418,1338,1388,1333,1356,1327,1544,1360,1573,1340,1603,1345,1624,1368,1600,1369,1571,1365,1362,1549,1409,1525,1455,1516,1480,1525,1508,1524,1538,1542,1554,1579,1526,1594,1494,1601,1464,1599,1436,1593,1397,1578,1378,1550,1450,1544,1476,1549,1503,1552,1541,1574,1499,1572,1470,1570,1444,1565
1159,h,1,1,1176,1176,1711,1711,38.63333333333333,1201,1337,1196,1402,1197,1467,1202,1530,1225,1590,1268,1634,1323,1666,1379,1693,1441,1708,1497,1704,1547,1681,1591,1647,1621,1601,1642,1552,1660,1502,1670,1450,1673,1399,1293,1283,1332,1256,1379,1252,1427,1262,1471,1281,1536,1297,1574,1295,1614,1299,1649,1314,1666,1346,1497,1331,1497,1362,1498,1391,1499,1424,1428,1467,1456,1475,1484,1483,1510,1482,1535,1481,1332,1318,1362,1303,1393,1310,1418,1338,1388,1333,1356,1327,1544,1360,1573,1340,1603,1345,1624,1368,1600,1369,1571,1365,1362,1549,1409,1525,1455,1516,1480,1525,1508,1524,1538,1542,1554,1579,1526,1594,1494,1601,1464,1599,1436,1593,1397,1578,1378,1550,1450,1544,1476,1549,1503,1552,1541,1574,1499,1572,1470,1570,1444,1565
1160,h,1,1,1176,1176,1711,1711,38.666666666666664,1199,1336,1194,1400,1194,1465,1200,1529,1223,1587,1267,1630,1323,1659,1380,1683,1438,1698,1493,1694,1541,1671,1584,1639,1617,1595,1639,1547,1655,1497,1665,1447,1670,1397,1292,1284,1332,1256,1381,1252,1431,1262,1475,1282,1536,1299,1575,1296,1614,1300,1649,1315,1666,1349,1499,1331,1499,1362,1500,1391,1501,1423,1428,1466,1456,1474,1484,1484,1511,1483,1537,1481,1332,1318,1363,1304,1394,1311,1419,1340,1389,1334,1358,1328,1544,1361,1574,1341,1602,1346,1624,1369,1601,1369,1572,1366,1360,1542,1409,1524,1455,1517,1480,1526,1509,1525,1538,1542,1555,1573,1526,1589,1494,1595,1465,1592,1436,1586,1397,1571,1376,1544,1450,1543,1476,1548,1504,1551,1542,1570,1500,1566,1471,1564,1444,1559
1161,h,1,1,1176,1176,1711,1711,38.7,1198,1336,1193,1401,1192,1467,1197,1531,1219,1589,1263,1632,1320,1662,1379,1687,1440,1700,1495,1697,1542,1674,1584,1641,1616,1598,1639,1550,1657,1500,1667,1449,1672,1399,1289,1286,1329,1257,1379,1252,1429,1262,1474,1280,1535,1297,1574,1295,1613,1300,1649,1315,1666,1348,1498,1330,1498,1361,1499,1390,1500,1423,1428,1466,1456,1474,1484,1482,1511,1482,1536,1480,1332,1318,1362,1305,1392,1311,1418,1339,1388,1334,1357,1327,1543,1360,1573,1341,1601,1346,1622,1368,1599,1368,1571,1365,1362,1541,1411,1524,1456,1515,1481,1524,1509,1522,1539,1539,1557,1571,1528,1584,1496,1590,1467,1588,1439,1582,1400,1568,1378,1543,1452,1542,1477,1547,1505,1549,1544,1567,1501,1561,1473,1559,1447,1554
1162,h,1,1,1228,1228,1673,1673,38.733333333333334,1206,1337,1202,1402,1205,1466,1211,1527,1233,1583,1273,1628,1325,1660,1382,1684,1443,1697,1499,1696,1548,1673,1589,1641,1620,1598,1640,1551,1656,1503,1666,1453,1670,1403,1293,1279,1334,1255,1383,1252,1431,1263,1474,1282,1535,1297,1573,1294,1612,1298,1646,1311,1665,1341,1498,1330,1498,1361,1498,1391,1499,1424,1430,1465,1457,1473,1484,1483,1510,1482,1533,1480,1335,1317,1366,1303,1397,1309,1422,1339,1391,1334,1360,1327,1543,1360,1572,1339,1601,1344,1623,1367,1600,1369,1571,1365,1368,1544,1414,1523,1456,1516,1481,1526,1509,1523,1537,1540,1556,1571,1527,1585,1497,1592,1468,1590,1440,1584,1403,1569,1384,1545,1452,1543,1477,1548,1505,1550,1543,1568,1501,1563,1473,1561,1447,1555
1163,h,1,1,1228,1228,1673,1673,38.766666666666666,1206,1337,1202,1402,1205,1466,1211,1527,1233,1583,1273,1628,1325,1660,1382,1684,1443,1697,1499,1696,1548,1673,1589,1641,1620,1598,1640,1551,1656,1503,1666,1453,1670,1403,1293,1279,1334,1255,1383,1252,1431,1263,1474,1282,1535,1297,1573,1294,1612,1298,1646,1311,1665,1341,1498,1330,1498,1361,1498,1391,1499,1424,1430,1465,1457,1473,1484,1483,1510,1482,1533,1480,1335,1317,1366,1303,1397,1309,1422,1339,1391,1334,1360,1327,1543,1360,1572,1339,1601,1344,1623,1367,1600,1369,1571,1365,1368,1544,1414,1523,1456,1516,1481,1526,1509,1523,1537,1540,1556,1571,1527,1585,1497,1592,1468,1590,1440,1584,1403,1569,1384,1545,1452,1543,1477,1548,1505,1550,1543,1568,1501,1563,1473,1561,1447,1555
1164,h,1,1,1228,1228,1673,1673,38.8,1204,1338,1201,1404,1204,1468,1211,1530,1234,1587,1275,1632,1327,1663,1383,1687,1445,1699,1501,1697,1548,1676,1589,1643,1618,1600,1638,1553,1654,1503,1664,1454,1668,1403,1291,1280,1332,1255,1381,1252,1429,1263,1473,1281,1534,1297,1573,1294,1612,1297,1646,1311,1664,1343,1497,1330,1497,1362,1497,1392,1498,1426,1428,1466,1455,1474,1483,1484,1509,1482,1532,1481,1332,1318,1363,1303,1395,1309,1420,1339,1389,1334,1357,1328,1543,1360,1572,1339,1601,1343,1622,1366,1600,1369,1570,1364,1368,1545,1413,1524,1455,1518,1480,1527,1507,1526,1536,1542,1555,1572,1527,1587,1497,1594,1468,1593,1440,1586,1403,1571,1384,1546,1451,1543,1476,1549,1503,1550,1542,1568,1501,1565,1472,1563,1447,1558
1165,h,1,1,1228,1228,1673,1673,38.833333333333336,1200,1340,1196,1406,1197,1470,1204,1532,1227,1590,1269,1635,1324,1666,1382,1689,1443,1702,1500,1700,1546,1678,1587,1646,1616,1603,1636,1555,1652,1506,1661,1455,1665,1405,1287,1284,1329,1258,1378,1254,1428,1264,1473,1282,1534,1299,1573,1296,1612,1299,1647,1314,1665,1345,1497,1331,1497,1362,1497,1393,1499,1426,1428,1468,1455,1475,1483,1484,1508,1484,1532,1483,1332,1319,1363,1305,1394,1311,1419,1340,1389,1335,1357,1329,1542,1361,1572,1340,1601,1344,1622,1367,1599,1370,1570,1365,1367,1546,1411,1526,1454,1519,1479,1529,1507,1527,1535,1543,1553,1573,1526,1587,1496,1594,1467,1593,1439,1586,1401,1570,1382,1547,1450,1545,1476,1551,1503,1552,1541,1569,1500,1565,1472,1563,1446,1558
1166,h,1,1,1228,1228,1673,1673,38.86666666666667,1202,1337,1198,1404,1199,1469,1207,1532,1230,1590,1272,1636,1324,1668,1380,1693,1442,1706,1500,1704,1547,1681,1587,1647,1617,1603,1637,1555,1653,1505,1663,1453,1668,1402,1291,1283,1332,1259,1380,1254,1428,1264,1471,1282,1535,1297,1574,1295,1612,1298,1646,1313,1664,1345,1497,1330,1497,1362,1497,1393,1498,1427,1429,1467,1455,1475,1482,1485,1508,1484,1531,1482,1334,1318,1364,1304,1395,1309,1419,1338,1390,1333,1359,1327,1542,1359,1571,1339,1600,1343,1621,1366,1598,1368,1570,1364,1367,1547,1411,1526,1453,1519,1478,1529,1506,1527,1535,1542,1553,1572,1526,1585,1495,1592,1466,1590,1438,1584,1402,1569,1383,1547,1449,1544,1475,1550,1502,1551,1541,1568,1499,1565,1471,1562,1445,1557
1167,h,1,1,1228,1228,1673,1673,38.9,1202,1337,1198,1404,1199,1469,1207,1532,1230,1590,1272,1636,1324,1668,1380,1693,1442,1706,1500,1704,1547,1681,1587,1647,1617,1603,1637,1555,1653,1505,1663,1453,1668,1402,1291,1283,1332,1259,1380,1254,1428,1264,1471,1282,1535,1297,1574,1295,1612,1298,1646,1313,1664,1345,1497,1330,1497,1362,1497,1393,1498,1427,1429,1467,1455,1475,1482,1485,1508,1484,1531,1482,1334,1318,1364,1304,1395,1309,1419,1338,1390,1333,1359,1327,1542,1359,1571,1339,1600,1343,1621,1366,1598,1368,1570,1364,1367,1547,1411,1526,1453,1519,1478,1529,1506,1527,1535,1542,1553,1572,1526,1585,1495,1592,1466,1590,1438,1584,1402,1569,1383,1547,1449,1544,1475,1550,1502,1551,1541,1568,1499,1565,1471,1562,1445,1557
1168,h,1,1,1228,1228,1673,1673,38.93333333333333,1200,1337,1194,1402,1195,1468,1201,1531,1223,1591,1266,1639,1320,1671,1378,1697,1441,1711,1499,1709,1547,1684,1587,1650,1618,1605,1638,1556,1654,1506,1664,1455,1668,1404,1290,1286,1331,1259,1381,1255,1431,1265,1475,1284,1532,1299,1572,1296,1611,1300,1646,1316,1662,1349,1496,1333,1496,1364,1496,1394,1497,1427,1427,1470,1454,1477,1482,1487,1508,1485,1531,1483,1334,1324,1366,1309,1397,1315,1421,1343,1391,1339,1360,1334,1540,1364,1570,1344,1598,1349,1618,1372,1596,1373,1568,1369,1367,1551,1410,1527,1453,1520,1479,1530,1506,1527,1535,1544,1554,1575,1526,1589,1495,1596,1466,1595,1438,1588,1401,1573,1382,1551,1449,1547,1475,1552,1502,1553,1541,1570,1499,1567,1471,1565,1445,1560
1169,h,1,1,1228,1228,1673,1673,38.96666666666667,1207,1333,1199,1398,1198,1462,1204,1525,1227,1584,1268,1632,1319,1666,1374,1694,1436,1709,1493,1707,1542,1683,1584,1650,1616,1604,1638,1554,1655,1503,1665,1452,1670,1400,1293,1286,1333,1259,1382,1254,1431,1264,1474,1283,1530,1297,1569,1295,1609,1299,1643,1316,1659,1349,1495,1332,1494,1363,1494,1394,1494,1427,1425,1468,1452,1476,1481,1485,1507,1484,1531,1483,1338,1322,1369,1310,1399,1315,1421,1341,1393,1337,1363,1332,1540,1362,1569,1345,1596,1350,1616,1371,1594,1372,1566,1368,1369,1548,1409,1526,1451,1520,1476,1529,1503,1527,1533,1542,1552,1572,1524,1587,1492,1594,1463,1593,1436,1587,1400,1571,1383,1547,1446,1544,1472,1550,1500,1551,1540,1568,1496,1568,1469,1566,1443,1560
1170,h,1,1,1228,1228,1673,1673,39.0,1199,1339,1191,1405,1190,1472,1195,1536,1219,1596,1261,1644,1315,1677,1373,1705,1435,1720,1493,1717,1541,1693,1583,1658,1614,1612,1636,1562,1652,1509,1662,1457,1665,1406,1291,1284,1333,1259,1381,1255,1430,1265,1474,1284,1534,1300,1573,1297,1611,1301,1645,1316,1660,1349,1498,1333,1498,1365,1497,1395,1498,1428,1427,1470,1454,1478,1482,1487,1508,1486,1531,1485,1336,1322,1367,1311,1396,1316,1420,1341,1391,1336,1362,1331,1542,1362,1571,1346,1598,1351,1618,1371,1596,1372,1569,1367,1366,1550,1409,1527,1451,1521,1477,1531,1505,1529,1533,1544,1551,1574,1524,1589,1494,1597,1464,1596,1435,1589,1399,1574,1381,1550,1447,1546,1473,1552,1501,1553,1539,1570,1498,1569,1469,1567,1442,1562
1171,h,1,1,1228,1228,1673,1673,39.03333333333333,1199,1339,1191,1405,1190,1472,1195,1536,1219,1596,1261,1644,1315,1677,1373,1705,1435,1720,1493,1717,1541,1693,1583,1658,1614,1612,1636,1562,1652,1509,1662,1457,1665,1406,1291,1284,1333,1259,1381,1255,1430,1265,1474,1284,1534,1300,1573,1297,1611,1301,1645,1316,1660,1349,1498,1333,1498,1365,1497,1395,1498,1428,1427,1470,1454,1478,1482,1487,1508,1486,1531,1485,1336,1322,1367,1311,1396,1316,1420,1341,1391,1336,1362,1331,1542,1362,1571,1346,1598,1351,1618,1371,1596,1372,1569,1367,1366,1550,1409,1527,1451,1521,1477,1531,1505,1529,1533,1544,1551,1574,1524,1589,1494,1597,1464,1596,1435,1589,1399,1574,1381,1550,1447,1546,1473,1552,1501,1553,1539,1570,1498,1569,1469,1567,1442,1562
1172,h,1,1,1228,1228,1673,1673,39.06666666666667,1197,1339,1192,1405,1192,1471,1198,1535,1219,1596,1261,1644,1315,1677,1373,1704,1436,1718,1495,1716,1543,1691,1584,1657,1614,1611,1635,1560,1651,1509,1661,1457,1666,1406,1287,1289,1327,1262,1376,1257,1426,1266,1470,1284,1532,1299,1572,1298,1611,1302,1645,1317,1661,1351,1495,1331,1495,1363,1496,1395,1496,1429,1426,1470,1453,1478,1481,1487,1506,1486,1529,1485,1333,1321,1363,1308,1393,1313,1417,1339,1388,1335,1358,1330,1541,1360,1570,1343,1598,1347,1617,1369,1595,1370,1568,1365,1364,1552,1408,1528,1449,1521,1476,1531,1504,1529,1531,1545,1550,1577,1522,1590,1491,1595,1462,1594,1433,1587,1397,1573,1380,1551,1445,1547,1472,1552,1500,1554,1538,1572,1496,1568,1468,1566,1440,1560
1173,h,1,1,1228,1228,1673,1673,39.1,1198,1341,1193,1407,1194,1472,1200,1536,1221,1597,1263,1644,1317,1678,1376,1703,1439,1716,1497,1714,1545,1690,1586,1655,1615,1609,1634,1559,1649,1509,1659,1458,1663,1408,1287,1285,1328,1259,1378,1256,1426,1266,1470,1284,1532,1298,1571,1297,1610,1300,1644,1315,1662,1348,1495,1331,1495,1364,1496,1395,1497,1429,1426,1470,1453,1478,1481,1487,1506,1486,1529,1485,1332,1321,1362,1308,1393,1313,1417,1340,1387,1336,1357,1330,1541,1361,1571,1343,1599,1348,1618,1370,1596,1371,1568,1366,1363,1552,1406,1529,1449,1521,1475,1531,1503,1529,1531,1545,1549,1577,1522,1591,1492,1598,1462,1597,1434,1591,1396,1576,1378,1552,1445,1547,1471,1553,1499,1554,1536,1573,1496,1569,1468,1568,1441,1562
1174,h,1,1,1228,1228,1673,1673,39.13333333333333,1198,1341,1193,1407,1194,1472,1200,1536,1221,1597,1263,1644,1317,1678,1376,1703,1439,1716,1497,1714,1545,1690,1586,1655,1615,1609,1634,1559,1649,1509,1659,1458,1663,1408,1287,1285,1328,1259,1378,1256,1426,1266,1470,1284,1532,1298,1571,1297,1610,1300,1644,1315,1662,1348,1495,1331,1495,1364,1496,1395,1497,1429,1426,1470,1453,1478,1481,1487,1506,1486,1529,1485,1332,1321,1362,1308,1393,1313,1417,1340,1387,1336,1357,1330,1541,1361,1571,1343,1599,1348,1618,1370,1596,1371,1568,1366,1363,1552,1406,1529,1449,1521,1475,1531,1503,1529,1531,1545,1549,1577,1522,1591,1492,1598,1462,1597,1434,1591,1396,1576,1378,1552,1445,1547,1471,1553,1499,1554,1536,1573,1496,1569,1468,1568,1441,1562
1175,h,1,1,1228,1228,1673,1673,39.166666666666664,1197,1343,1192,1409,1192,1474,1198,1537,1220,1596,1261,1643,1315,1676,1373,1702,1435,1715,1493,1713,1541,1689,1582,1655,1611,1610,1631,1560,1647,1510,1657,1460,1662,1410,1287,1286,1327,1260,1377,1256,1426,1267,1470,1285,1533,1298,1571,1296,1609,1300,1642,1315,1658,1346,1496,1331,1496,1363,1497,1395,1498,1430,1427,1470,1454,1478,1481,1487,1507,1486,1529,1485,1331,1321,1362,1307,1393,1313,1416,1340,1387,1336,1357,1330,1541,1360,1571,1342,1599,1346,1617,1369,1596,1370,1569,1365,1364,1553,1408,1529,1450,1521,1476,1531,1504,1529,1531,1545,1548,1577,1522,1591,1492,1597,1462,1596,1434,1590,1397,1575,1379,1552,1445,1547,1472,1552,1500,1553,1536,1573,1497,1569,1468,1568,1441,1562
1176,h,1,1,1228,1228,1673,1673,39.2,1195,1346,1189,1410,1190,1474,1195,1538,1216,1597,1256,1643,1310,1675,1368,1700,1432,1715,1492,1713,1541,1690,1584,1656,1613,1611,1634,1562,1650,1511,1661,1460,1667,1410,1284,1287,1325,1261,1375,1256,1425,1265,1470,1283,1533,1297,1572,1296,1611,1301,1645,1316,1661,1348,1495,1331,1495,1363,1495,1394,1495,1428,1425,1469,1452,1477,1479,1486,1505,1485,1528,1484,1329,1321,1360,1307,1392,1312,1416,1341,1386,1336,1355,1330,1541,1361,1570,1342,1599,1346,1618,1369,1597,1371,1568,1366,1363,1553,1407,1528,1450,1520,1475,1530,1503,1528,1531,1545,1550,1579,1522,1592,1491,1598,1461,1596,1434,1590,1397,1575,1379,1552,1445,1547,1471,1553,1499,1555,1537,1574,1496,1571,1468,1568,1441,1563
1177,h,1,1,1228,1228,1673,1673,39.233333333333334,1195,1347,1190,1411,1189,1476,1195,1540,1217,1599,1259,1645,1313,1677,1370,1704,1433,1719,1491,1716,1537,1693,1577,1659,1607,1614,1629,1566,1647,1515,1658,1464,1663,1413,1289,1283,1330,1259,1379,1256,1427,1266,1470,1284,1533,1297,1571,1296,1609,1300,1641,1315,1658,1345,1496,1332,1495,1364,1496,1394,1496,1428,1426,1470,1453,1478,1480,1487,1506,1486,1528,1484,1332,1320,1362,1307,1393,1312,1416,1340,1387,1336,1357,1330,1541,1360,1569,1341,1598,1346,1617,1368,1595,1370,1567,1366,1365,1555,1408,1529,1450,1521,1475,1531,1503,1529,1531,1546,1547,1580,1521,1597,1491,1604,1462,1603,1434,1596,1397,1580,1380,1554,1446,1547,1471,1553,1499,1555,1535,1576,1496,1576,1468,1574,1442,1568
1178,h,1,1,1228,1228,1673,1673,39.266666666666666,1195,1347,1190,1411,1189,1476,1195,1540,1217,1599,1259,1645,1313,1677,1370,1704,1433,1719,1491,1716,1537,1693,1577,1659,1607,1614,1629,1566,1647,1515,1658,1464,1663,1413,1289,1283,1330,1259,1379,1256,1427,1266,1470,1284,1533,1297,1571,1296,1609,1300,1641,1315,1658,1345,1496,1332,1495,1364,1496,1394,1496,1428,1426,1470,1453,1478,1480,1487,1506,1486,1528,1484,1332,1320,1362,1307,1393,1312,1416,1340,1387,1336,1357,1330,1541,1360,1569,1341,1598,1346,1617,1368,1595,1370,1567,1366,1365,1555,1408,1529,1450,1521,1475,1531,1503,1529,1531,1546,1547,1580,1521,1597,1491,1604,1462,1603,1434,1596,1397,1580,1380,1554,1446,1547,1471,1553,1499,1555,1535,1576,1496,1576,1468,1574,1442,1568
1179,h,1,1,1228,1228,1673,1673,39.3,1196,1344,1191,1410,1192,1476,1199,1540,1221,1600,1262,1647,1315,1681,1372,1708,1434,1723,1491,1720,1539,1697,1579,1662,1610,1617,1632,1567,1650,1516,1661,1464,1665,1413,1288,1285,1328,1259,1377,1254,1425,1264,1468,1282,1531,1296,1569,1294,1607,1299,1640,1314,1657,1345,1494,1331,1494,1363,1494,1394,1495,1428,1426,1470,1452,1478,1479,1487,1504,1486,1527,1485,1331,1320,1361,1305,1392,1311,1415,1340,1386,1336,1356,1330,1540,1360,1569,1340,1597,1344,1617,1368,1595,1370,1567,1366,1362,1557,1404,1530,1448,1522,1474,1531,1502,1529,1532,1548,1549,1585,1523,1602,1490,1610,1460,1609,1432,1602,1394,1585,1377,1557,1443,1549,1470,1555,1498,1557,1537,1581,1495,1580,1466,1578,1439,1572
1180,h,1,1,1228,1228,1673,1673,39.333333333333336,1196,1348,1191,1413,1191,1478,1198,1542,1221,1601,1262,1648,1315,1681,1372,1708,1434,1723,1491,1720,1538,1697,1579,1663,1610,1618,1633,1569,1650,1518,1661,1465,1665,1414,1288,1284,1329,1259,1377,1255,1425,1264,1468,1282,1533,1296,1571,1294,1609,1298,1642,1314,1657,1345,1495,1331,1495,1363,1495,1395,1496,1429,1426,1470,1453,1478,1480,1487,1506,1486,1529,1485,1331,1320,1361,1306,1392,1311,1415,1340,1386,1335,1356,1329,1541,1360,1569,1340,1598,1344,1618,1368,1596,1369,1568,1365,1362,1558,1405,1531,1449,1522,1475,1531,1503,1529,1533,1548,1549,1586,1523,1604,1491,1613,1461,1611,1432,1605,1394,1588,1378,1558,1444,1550,1471,1555,1499,1557,1537,1581,1495,1581,1467,1580,1440,1574
1181,h,1,1,1228,1228,1673,1673,39.36666666666667,1196,1342,1191,1408,1193,1475,1201,1540,1224,1600,1265,1647,1317,1681,1373,1708,1435,1722,1492,1719,1540,1694,1582,1658,1613,1613,1636,1563,1654,1511,1666,1460,1670,1409,1288,1283,1328,1257,1376,1253,1425,1263,1468,1281,1533,1296,1571,1293,1610,1296,1644,1310,1662,1340,1494,1332,1493,1363,1494,1394,1494,1427,1425,1471,1452,1478,1479,1488,1505,1487,1529,1485,1331,1320,1361,1305,1393,1310,1417,1340,1387,1336,1356,1330,1540,1360,1569,1339,1598,1343,1618,1367,1596,1370,1567,1366,1363,1558,1406,1530,1449,1522,1475,1531,1503,1530,1532,1548,1549,1585,1522,1603,1490,1611,1461,1610,1433,1603,1395,1586,1379,1559,1445,1550,1471,1555,1498,1557,1536,1581,1495,1581,1467,1579,1440,1574
1182,h,1,1,1228,1228,1673,1673,39.4,1196,1342,1191,1408,1193,1475,1201,1540,1224,1600,1265,1647,1317,1681,1373,1708,1435,1722,1492,1719,1540,1694,1582,1658,1613,1613,1636,1563,1654,1511,1666,1460,1670,1409,1288,1283,1328,1257,1376,1253,1425,1263,1468,1281,1533,1296,1571,1293,1610,1296,1644,1310,1662,1340,1494,1332,1493,1363,1494,1394,1494,1427,1425,1471,1452,1478,1479,1488,1505,1487,1529,1485,1331,1320,1361,1305,1393,1310,1417,1340,1387,1336,1356,1330,1540,1360,1569,1339,1598,1343,1618,1367,1596,1370,1567,1366,1363,1558,1406,1530,1449,1522,1475,1531,1503,1530,1532,1548,1549,1585,1522,1603,1490,1611,1461,1610,1433,1603,1395,1586,1379,1559,1445,1550,1471,1555,1498,1557,1536,1581,1495,1581,1467,1579,1440,1574
1183,h,1,1,1228,1228,1673,1673,39.43333333333333,1197,1345,1191,1410,1192,1474,1199,1537,1221,1596,1262,1642,1315,1676,1373,1703,1435,1717,1492,1714,1540,1690,1580,1655,1610,1610,1631,1561,1648,1511,1659,1459,1662,1410,1288,1284,1328,1258,1376,1253,1424,1262,1467,1281,1532,1295,1569,1293,1608,1297,1641,1311,1659,1342,1494,1331,1494,1363,1494,1394,1495,1428,1426,1471,1453,1478,1480,1487,1505,1486,1528,1485,1330,1320,1360,1305,1392,1311,1415,1340,1386,1336,1355,1330,1540,1360,1568,1340,1596,1343,1617,1367,1595,1369,1566,1365,1362,1555,1406,1530,1449,1521,1475,1531,1503,1529,1533,1547,1549,1583,1523,1600,1491,1608,1461,1606,1433,1600,1395,1583,1378,1556,1445,1549,1471,1555,1499,1556,1537,1579,1495,1577,1467,1575,1440,1569
1184,h,1,1,1228,1228,1673,1673,39.46666666666667,1190,1344,1185,1411,1186,1479,1194,1544,1218,1603,1262,1649,1317,1680,1375,1705,1436,1717,1492,1714,1540,1691,1580,1658,1609,1613,1631,1564,1647,1514,1658,1463,1662,1412,1285,1283,1326,1257,1375,1254,1424,1264,1467,1282,1533,1297,1570,1295,1608,1298,1641,1312,1658,1342,1495,1331,1495,1363,1495,1394,1496,1428,1426,1470,1453,1478,1480,1487,1505,1486,1529,1485,1329,1320,1359,1305,1390,1311,1414,1339,1385,1335,1354,1329,1540,1359,1568,1339,1597,1344,1617,1367,1595,1368,1567,1364,1362,1556,1405,1529,1450,1521,1475,1530,1503,1528,1532,1547,1548,1582,1522,1598,1491,1605,1462,1604,1433,1598,1395,1582,1377,1556,1445,1548,1471,1553,1499,1555,1535,1577,1496,1575,1468,1573,1440,1569
1185,h,1,1,1228,1228,1673,1673,39.5,1197,1342,1192,1407,1193,1471,1200,1534,1222,1593,1261,1640,1314,1673,1371,1699,1431,1714,1489,1712,1537,1689,1579,1656,1610,1612,1632,1564,1650,1514,1662,1462,1667,1411,1286,1282,1327,1257,1375,1253,1423,1263,1466,1281,1532,1297,1570,1294,1608,1297,1642,1311,1660,1341,1493,1329,1492,1362,1492,1393,1493,1427,1425,1470,1451,1477,1478,1486,1504,1485,1527,1484,1330,1319,1360,1304,1392,1310,1416,1339,1386,1335,1354,1328,1539,1360,1568,1339,1597,1343,1617,1367,1595,1369,1566,1365,1362,1552,1404,1527,1447,1520,1473,1529,1501,1527,1530,1544,1547,1578,1520,1593,1489,1600,1460,1598,1432,1592,1394,1577,1377,1552,1443,1546,1470,1552,1497,1553,1535,1574,1494,1570,1466,1569,1439,1564
1186,h,1,1,1228,1228,1673,1673,39.53333333333333,1197,1342,1192,1407,1193,1471,1200,1534,1222,1593,1261,1640,1314,1673,1371,1699,1431,1714,1489,1712,1537,1689,1579,1656,1610,1612,1632,1564,1650,1514,1662,1462,1667,1411,1286,1282,1327,1257,1375,1253,1423,1263,1466,1281,1532,1297,1570,1294,1608,1297,1642,1311,1660,1341,1493,1329,1492,1362,1492,1393,1493,1427,1425,1470,1451,1477,1478,1486,1504,1485,1527,1484,1330,1319,1360,1304,1392,1310,1416,1339,1386,1335,1354,1328,1539,1360,1568,1339,1597,1343,1617,1367,1595,1369,1566,1365,1362,1552,1404,1527,1447,1520,1473,1529,1501,1527,1530,1544,1547,1578,1520,1593,1489,1600,1460,1598,1432,1592,1394,1577,1377,1552,1443,1546,1470,1552,1497,1553,1535,1574,1494,1570,1466,1569,1439,1564
1187,h,1,1,1228,1228,1673,1673,39.56666666666667,1194,1341,1189,1407,1191,1472,1198,1536,1221,1595,1263,1641,1317,1674,1375,1698,1436,1712,1494,1709,1543,1686,1585,1653,1614,1608,1635,1559,1652,1508,1663,1456,1666,1405,1286,1282,1326,1257,1375,1252,1423,1261,1466,1280,1531,1293,1569,1291,1607,1295,1640,1310,1657,1341,1492,1330,1492,1362,1493,1393,1494,1426,1425,1470,1451,1477,1479,1486,1504,1485,1528,1484,1328,1318,1359,1304,1390,1309,1414,1338,1384,1334,1353,1327,1540,1358,1569,1339,1597,1343,1617,1366,1595,1367,1567,1363,1362,1554,1406,1528,1449,1520,1475,1530,1503,1527,1531,1545,1550,1579,1522,1592,1491,1599,1462,1598,1433,1592,1396,1577,1377,1554,1444,1548,1471,1553,1498,1554,1537,1574,1496,1569,1467,1567,1440,1562
1188,h,1,1,1228,1228,1673,1673,39.6,1193,1347,1189,1413,1192,1478,1201,1541,1225,1599,1267,1643,1320,1674,1376,1698,1437,1712,1493,1710,1541,1688,1583,1655,1613,1610,1635,1561,1653,1510,1664,1458,1667,1406,1284,1285,1323,1258,1372,1252,1421,1262,1465,1281,1532,1297,1570,1294,1608,1298,1642,1312,1659,1343,1492,1329,1492,1361,1493,1392,1494,1426,1424,1468,1452,1476,1480,1485,1505,1484,1529,1483,1327,1319,1358,1303,1390,1308,1414,1338,1384,1334,1352,1328,1539,1359,1570,1338,1599,1343,1619,1367,1596,1368,1567,1364,1361,1552,1405,1527,1449,1519,1474,1528,1502,1526,1530,1543,1548,1577,1520,1591,1490,1598,1461,1597,1433,1591,1395,1576,1376,1551,1445,1546,1471,1551,1498,1552,1535,1573,1494,1569,1467,1567,1440,1563
1189,h,1,1,1228,1228,1673,1673,39.63333333333333,1193,1347,1189,1413,1192,1478,1201,1541,1225,1599,1267,1643,1320,1674,1376,1698,1437,1712,1493,1710,1541,1688,1583,1655,1613,1610,1635,1561,1653,1510,1664,1458,1667,1406,1284,1285,1323,1258,1372,1252,1421,1262,1465,1281,1532,1297,1570,1294,1608,1298,1642,1312,1659,1343,1492,1329,1492,1361,1493,1392,1494,1426,1424,1468,1452,1476,1480,1485,1505,1484,1529,1483,1327,1319,1358,1303,1390,1308,1414,1338,1384,1334,1352,1328,1539,1359,1570,1338,1599,1343,1619,1367,1596,1368,1567,1364,1361,1552,1405,1527,1449,1519,1474,1528,1502,1526,1530,1543,1548,1577,1520,1591,1490,1598,1461,1597,1433,1591,1395,1576,1376,1551,1445,1546,1471,1551,1498,1552,1535,1573,1494,1569,1467,1567,1440,1563
1190,h,1,1,1228,1228,1673,1673,39.666666666666664,1195,1345,1191,1411,1193,1476,1201,1539,1224,1596,1265,1642,1319,1672,1375,1696,1436,1710,1492,1708,1541,1688,1583,1656,1613,1612,1635,1564,1653,1513,1665,1461,1669,1409,1287,1280,1327,1255,1374,1251,1422,1262,1465,1280,1532,1296,1570,1292,1609,1296,1643,1309,1660,1340,1492,1328,1492,1361,1493,1392,1494,1426,1425,1468,1452,1475,1480,1484,1505,1483,1529,1482,1329,1318,1359,1302,1390,1308,1414,1338,1384,1333,1353,1326,1541,1358,1570,1338,1599,1342,1619,1366,1596,1367,1568,1362,1362,1551,1406,1527,1450,1519,1475,1528,1502,1526,1530,1542,1548,1576,1521,1590,1490,1598,1461,1597,1434,1591,1396,1576,1378,1551,1445,1546,1472,1551,1498,1552,1535,1571,1494,1567,1467,1566,1441,1561
1191,h,1,1,1228,1228,1673,1673,39.7,1196,1343,1192,1409,1194,1474,1202,1537,1225,1595,1267,1639,1321,1671,1377,1695,1438,1709,1494,1707,1543,1685,1585,1651,1614,1607,1636,1559,1654,1509,1665,1457,1669,1406,1286,1283,1326,1255,1375,1251,1424,1262,1468,1281,1531,1295,1569,1292,1609,1295,1644,1310,1662,1342,1493,1328,1494,1360,1495,1391,1496,1425,1425,1467,1453,1474,1481,1484,1506,1483,1529,1481,1328,1318,1360,1303,1391,1308,1415,1338,1385,1333,1354,1326,1541,1358,1571,1339,1600,1342,1620,1367,1598,1367,1569,1363,1361,1551,1406,1526,1450,1518,1476,1527,1504,1525,1532,1542,1550,1577,1522,1590,1491,1597,1462,1596,1433,1590,1395,1576,1377,1551,1445,1545,1472,1551,1499,1552,1537,1572,1496,1566,1467,1565,1440,1561
1192,h,1,1,1228,1228,1673,1673,39.733333333333334,1196,1345,1192,1410,1194,1475,1201,1538,1224,1595,1266,1640,1321,1670,1378,1694,1439,1707,1495,1705,1543,1685,1583,1653,1613,1609,1634,1561,1652,1511,1663,1460,1667,1409,1287,1282,1328,1255,1377,1251,1426,1262,1469,1280,1534,1294,1572,1292,1610,1295,1644,1310,1660,1342,1495,1328,1496,1360,1497,1391,1498,1425,1427,1467,1455,1474,1482,1483,1507,1483,1531,1482,1330,1318,1361,1302,1393,1307,1416,1338,1387,1333,1355,1327,1542,1358,1572,1337,1601,1341,1620,1366,1598,1367,1570,1363,1365,1550,1409,1525,1452,1517,1478,1527,1505,1525,1533,1543,1551,1576,1524,1588,1494,1594,1465,1592,1436,1586,1399,1571,1380,1550,1447,1544,1474,1549,1501,1551,1538,1571,1498,1565,1470,1562,1443,1558
1193,h,1,1,1228,1228,1673,1673,39.766666666666666,1196,1345,1192,1410,1194,1475,1201,1538,1224,1595,1266,1640,1321,1670,1378,1694,1439,1707,1495,1705,1543,1685,1583,1653,1613,1609,1634,1561,1652,1511,1663,1460,1667,1409,1287,1282,1328,1255,1377,1251,1426,1262,1469,1280,1534,1294,1572,1292,1610,1295,1644,1310,1660,1342,1495,1328,1496,1360,1497,1391,1498,1425,1427,1467,1455,1474,1482,1483,1507,1483,1531,1482,1330,1318,1361,1302,1393,1307,1416,1338,1387,1333,1355,1327,1542,1358,1572,1337,1601,1341,1620,1366,1598,1367,1570,1363,1365,1550,1409,1525,1452,1517,1478,1527,1505,1525,1533,1543,1551,1576,1524,1588,1494,1594,1465,1592,1436,1586,1399,1571,1380,1550,1447,1544,1474,1549,1501,1551,1538,1571,1498,1565,1470,1562,1443,1558
1194,h,1,1,1176,1176,1711,1711,39.8,1196,1340,1191,1403,1191,1468,1197,1531,1221,1588,1265,1632,1321,1662,1377,1689,1438,1704,1494,1702,1543,1681,1586,1648,1617,1602,1640,1553,1658,1502,1667,1451,1671,1400,1290,1282,1330,1255,1378,1251,1427,1261,1470,1279,1532,1295,1571,1293,1612,1297,1647,1314,1665,1346,1495,1331,1495,1362,1495,1392,1496,1425,1425,1468,1453,1476,1481,1486,1507,1484,1532,1483,1329,1319,1360,1305,1392,1311,1416,1339,1386,1334,1355,1328,1542,1361,1572,1342,1601,1346,1622,1369,1599,1370,1570,1366,1366,1547,1410,1525,1454,1518,1479,1527,1506,1525,1535,1541,1554,1575,1526,1586,1495,1593,1466,1591,1439,1584,1401,1569,1380,1548,1449,1545,1475,1550,1502,1552,1541,1570,1499,1563,1471,1561,1445,1556
1195,h,1,1,1176,1176,1711,1711,39.833333333333336,1194,1344,1188,1409,1188,1474,1195,1537,1221,1593,1266,1636,1322,1667,1379,1692,1440,1706,1494,1704,1543,1682,1585,1649,1616,1604,1640,1556,1658,1506,1666,1454,1670,1404,1292,1282,1331,1255,1379,1250,1427,1261,1470,1279,1534,1294,1573,1292,1612,1296,1646,1312,1663,1344,1497,1331,1497,1362,1497,1392,1499,1425,1427,1467,1455,1476,1483,1485,1510,1484,1535,1482,1332,1318,1362,1304,1393,1310,1417,1339,1388,1334,1357,1327,1544,1360,1574,1341,1603,1345,1622,1369,1600,1369,1572,1365,1366,1547,1412,1525,1455,1518,1480,1527,1508,1525,1535,1541,1554,1575,1526,1586,1496,1592,1467,1590,1439,1584,1401,1569,1381,1547,1450,1543,1476,1549,1503,1551,1542,1569,1500,1564,1472,1562,1446,1557
1196,h,1,1,1228,1228,1673,1673,39.86666666666667,1198,1343,1193,1408,1194,1473,1200,1535,1223,1593,1267,1638,1322,1668,1379,1690,1440,1704,1496,1703,1543,1683,1584,1652,1614,1610,1634,1563,1651,1514,1662,1463,1667,1413,1289,1280,1331,1254,1381,1250,1430,1261,1473,1280,1535,1294,1574,1291,1613,1295,1647,1310,1664,1343,1499,1330,1499,1361,1500,1391,1501,1424,1430,1466,1457,1473,1485,1482,1510,1482,1533,1481,1333,1317,1364,1302,1395,1308,1418,1338,1389,1332,1358,1326,1544,1359,1573,1339,1602,1343,1622,1367,1600,1368,1571,1363,1366,1547,1412,1524,1455,1516,1480,1526,1507,1524,1535,1541,1554,1575,1526,1587,1496,1592,1467,1591,1440,1585,1402,1570,1382,1547,1450,1543,1476,1548,1503,1550,1541,1570,1500,1563,1473,1561,1446,1556
1197,h,1,1,1228,1228,1673,1673,39.9,1198,1343,1193,1408,1194,1473,1200,1535,1223,1593,1267,1638,1322,1668,1379,1690,1440,1704,1496,1703,1543,1683,1584,1652,1614,1610,1634,1563,1651,1514,1662,1463,1667,1413,1289,1280,1331,1254,1381,1250,1430,1261,1473,1280,1535,1294,1574,1291,1613,1295,1647,1310,1664,1343,1499,1330,1499,1361,1500,1391,1501,1424,1430,1466,1457,1473,1485,1482,1510,1482,1533,1481,1333,1317,1364,1302,1395,1308,1418,1338,1389,1332,1358,1326,1544,1359,1573,1339,1602,1343,1622,1367,1600,1368,1571,1363,1366,1547,1412,1524,1455,1516,1480,1526,1507,1524,1535,1541,1554,1575,1526,1587,1496,1592,1467,1591,1440,1585,1402,1570,1382,1547,1450,1543,1476,1548,1503,1550,1541,1570,1500,1563,1473,1561,1446,1556
1198,h,1,1,1176,1176,1711,1711,39.93333333333333,1202,1336,1196,1401,1195,1466,1199,1528,1222,1587,1265,1631,1321,1663,1379,1689,1440,1704,1496,1702,1544,1680,1587,1646,1618,1601,1641,1553,1658,1503,1668,1452,1672,1401,1294,1282,1332,1255,1379,1251,1427,1261,1470,1278,1537,1292,1576,1291,1615,1295,1650,1311,1667,1344,1498,1329,1498,1361,1498,1390,1499,1424,1428,1466,1456,1475,1484,1484,1510,1483,1534,1482,1335,1317,1365,1303,1395,1309,1419,1337,1390,1333,1359,1326,1544,1358,1574,1339,1603,1344,1622,1368,1600,1368,1572,1364,1368,1545,1413,1524,1456,1517,1481,1526,1508,1525,1536,1541,1555,1573,1527,1585,1497,1591,1468,1589,1441,1583,1403,1568,1383,1545,1451,1544,1477,1549,1504,1551,1543,1568,1501,1562,1474,1560,1448,1555
1199,h,1,1,1228,1228,1673,1673,39.96666666666667,1205,1343,1201,1408,1204,1472,1211,1533,1233,1590,1274,1635,1326,1665,1381,1688,1442,1701,1498,1700,1547,1679,1588,1647,1617,1603,1637,1556,1653,1508,1665,1457,1670,1406,1292,1282,1332,1256,1380,1251,1429,1262,1472,1280,1536,1294,1576,1291,1615,1295,1649,1311,1665,1345,1498,1329,1499,1360,1499,1390,1500,1424,1430,1465,1457,1473,1484,1483,1510,1482,1534,1481,1334,1318,1365,1303,1396,1308,1419,1337,1390,1333,1359,1327,1545,1359,1575,1339,1604,1343,1623,1367,1601,1368,1573,1364,1367,1545,1412,1524,1455,1517,1479,1526,1507,1524,1535,1541,1554,1572,1526,1583,1495,1588,1466,1587,1439,1581,1402,1567,1382,1545,1450,1543,1476,1549,1503,1550,1542,1567,1499,1560,1472,1558,1446,1553
1200,h,1,1,1228,1228,1673,1673,40.0,1208,1340,1204,1405,1206,1468,1212,1530,1234,1587,1275,1633,1327,1664,1385,1687,1446,1700,1503,1698,1551,1676,1592,1643,1619,1599,1639,1552,1655,1504,1665,1454,1669,1405,1289,1284,1329,1256,1379,1251,1428,1262,1473,1280,1536,1296,1575,1293,1614,1296,1648,1310,1665,1344,1498,1329,1499,1361,1500,1391,1501,1425,1430,1467,1458,1475,1485,1484,1511,1483,1535,1482,1333,1317,1365,1302,1396,1308,1420,1337,1390,1333,1359,1327,1544,1359,1575,1339,1604,1343,1623,1367,1602,1369,1573,1364,1368,1546,1414,1525,1457,1518,1481,1528,1508,1525,1536,1542,1556,1573,1526,1584,1496,1589,1468,1588,1442,1582,1404,1568,1384,1546,1452,1545,1477,1551,1504,1553,1542,1569,1500,1560,1473,1558,1448,1554
1201,h,1,1,1228,1228,1673,1673,40.03333333333333,1208,1340,1204,1405,1206,1468,1212,1530,1234,1587,1275,1633,1327,1664,1385,1687,1446,1700,1503,1698,1551,1676,1592,1643,1619,1599,1639,1552,1655,1504,1665,1454,1669,1405,1289,1284,1329,1256,1379,1251,1428,1262,1473,1280,1536,1296,1575,1293,1614,1296,1648,1310,1665,1344,1498,1329,1499,1361,1500,1391,1501,1425,1430,1467,1458,1475,1485,1484,1511,1483,1535,1482,1333,1317,1365,1302,1396,1308,1420,1337,1390,1333,1359,1327,1544,1359,1575,1339,1604,1343,1623,1367,1602,1369,1573,1364,1368,1546,1414,1525,1457,1518,1481,1528,1508,1525,1536,1542,1556,1573,1526,1584,1496,1589,1468,1588,1442,1582,1404,1568,1384,1546,1452,1545,1477,1551,1504,1553,1542,1569,1500,1560,1473,1558,1448,1554
1202,h,1,1,1176,1176,1711,1711,40.06666666666667,1199,1339,1195,1405,1195,1471,1201,1535,1226,1593,1270,1636,1327,1666,1384,1690,1446,1704,1500,1700,1547,1678,1588,1645,1619,1600,1640,1552,1657,1503,1667,1452,1673,1402,1292,1286,1330,1256,1379,1250,1429,1261,1474,1280,1538,1296,1579,1294,1619,1298,1656,1315,1672,1352,1500,1329,1500,1361,1500,1391,1501,1424,1431,1466,1458,1474,1486,1483,1511,1482,1536,1481,1334,1317,1365,1303,1397,1309,1420,1338,1390,1334,1359,1328,1547,1360,1577,1340,1606,1345,1625,1369,1603,1370,1574,1366,1370,1548,1415,1525,1459,1517,1483,1526,1511,1525,1538,1541,1556,1573,1529,1584,1499,1589,1470,1587,1443,1581,1405,1568,1385,1548,1454,1543,1480,1548,1507,1550,1543,1568,1503,1562,1475,1559,1449,1555
1203,h,1,1,1176,1176,1711,1711,40.1,1204,1335,1197,1400,1197,1467,1202,1531,1226,1590,1271,1635,1326,1665,1383,1690,1443,1703,1498,1700,1545,1679,1587,1646,1618,1602,1641,1553,1659,1503,1670,1451,1675,1401,1296,1282,1336,1254,1385,1250,1433,1261,1478,1279,1539,1297,1581,1295,1623,1298,1660,1316,1678,1353,1502,1330,1502,1361,1502,1390,1503,1423,1432,1466,1459,1473,1486,1482,1513,1482,1538,1481,1336,1316,1366,1302,1398,1309,1422,1337,1392,1332,1360,1326,1549,1360,1578,1340,1607,1345,1627,1369,1605,1369,1576,1365,1368,1546,1415,1525,1459,1516,1484,1526,1513,1525,1540,1542,1556,1575,1529,1588,1498,1594,1468,1592,1440,1586,1402,1572,1384,1547,1454,1544,1480,1550,1508,1552,1543,1570,1504,1565,1475,1563,1448,1558
1204,h,1,1,1176,1176,1711,1711,40.13333333333333,1204,1335,1197,1400,1197,1467,1202,1531,1226,1590,1271,1635,1326,1665,1383,1690,1443,1703,1498,1700,1545,1679,1587,1646,1618,1602,1641,1553,1659,1503,1670,1451,1675,1401,1296,1282,1336,1254,1385,1250,1433,1261,1478,1279,1539,1297,1581,1295,1623,1298,1660,1316,1678,1353,1502,1330,1502,1361,1502,1390,1503,1423,1432,1466,1459,1473,1486,1482,1513,1482,1538,1481,1336,1316,1366,1302,1398,1309,1422,1337,1392,1332,1360,1326,1549,1360,1578,1340,1607,1345,1627,1369,1605,1369,1576,1365,1368,1546,1415,1525,1459,1516,1484,1526,1513,1525,1540,1542,1556,1575,1529,1588,1498,1594,1468,1592,1440,1586,1402,1572,1384,1547,1454,1544,1480,1550,1508,1552,1543,1570,1504,1565,1475,1563,1448,1558
1205,h,1,1,1176,1176,1711,1711,40.166666666666664,1200,1341,1195,1405,1193,1471,1199,1534,1223,1592,1267,1636,1323,1665,1379,1691,1440,1706,1495,1705,1542,1684,1584,1651,1615,1606,1638,1556,1657,1504,1667,1452,1673,1400,1297,1280,1337,1253,1384,1249,1433,1258,1478,1276,1537,1293,1578,1293,1618,1297,1654,1315,1672,1350,1502,1329,1501,1360,1502,1389,1502,1421,1432,1463,1459,1472,1486,1481,1512,1481,1538,1479,1336,1315,1367,1300,1399,1307,1422,1336,1393,1332,1361,1325,1548,1359,1578,1339,1607,1343,1627,1368,1604,1369,1575,1365,1371,1547,1417,1523,1460,1515,1485,1524,1512,1523,1540,1541,1555,1576,1529,1591,1499,1598,1470,1596,1442,1590,1405,1575,1387,1547,1455,1541,1480,1546,1507,1548,1543,1571,1504,1569,1476,1566,1450,1562
1206,h,1,1,1176,1176,1711,1711,40.2,1201,1337,1196,1401,1195,1466,1200,1529,1223,1588,1267,1632,1323,1663,1381,1688,1441,1702,1496,1701,1544,1679,1586,1646,1618,1603,1642,1555,1660,1503,1670,1452,1675,1401,1296,1280,1336,1253,1384,1250,1433,1260,1477,1278,1538,1294,1578,1293,1618,1299,1653,1315,1671,1348,1502,1329,1502,1360,1504,1389,1505,1421,1434,1465,1460,1473,1487,1482,1514,1481,1538,1480,1335,1314,1366,1301,1397,1307,1421,1336,1392,1331,1360,1324,1548,1358,1578,1339,1607,1344,1627,1367,1604,1368,1575,1364,1369,1544,1416,1522,1460,1514,1485,1523,1513,1522,1542,1540,1558,1575,1531,1590,1499,1598,1470,1596,1442,1589,1404,1573,1384,1546,1455,1542,1481,1547,1508,1549,1546,1570,1504,1568,1476,1566,1450,1561
1207,h,1,1,1176,1176,1711,1711,40.233333333333334,1201,1341,1196,1407,1196,1474,1202,1538,1227,1595,1273,1637,1329,1667,1386,1690,1446,1704,1500,1701,1546,1679,1587,1646,1619,1601,1643,1551,1661,1501,1671,1450,1676,1400,1298,1279,1338,1251,1386,1247,1435,1257,1479,1276,1539,1292,1580,1292,1620,1296,1655,1313,1670,1347,1503,1328,1503,1359,1504,1388,1505,1421,1433,1464,1461,1472,1489,1481,1515,1480,1540,1479,1339,1314,1370,1300,1400,1306,1424,1335,1395,1330,1364,1323,1548,1357,1578,1338,1606,1343,1626,1366,1604,1367,1576,1362,1372,1548,1417,1522,1461,1514,1487,1523,1515,1522,1543,1540,1558,1574,1532,1585,1502,1591,1473,1588,1445,1583,1406,1569,1387,1548,1457,1540,1482,1545,1510,1548,1546,1569,1507,1563,1478,1561,1452,1556
1208,h,1,1,1176,1176,1711,1711,40.266666666666666,1201,1341,1196,1407,1196,1474,1202,1538,1227,1595,1273,1637,1329,1667,1386,1690,1446,1704,1500,1701,1546,1679,1587,1646,1619,1601,1643,1551,1661,1501,1671,1450,1676,1400,1298,1279,1338,1251,1386,1247,1435,1257,1479,1276,1539,1292,1580,1292,1620,1296,1655,1313,1670,1347,1503,1328,1503,1359,1504,1388,1505,1421,1433,1464,1461,1472,1489,1481,1515,1480,1540,1479,1339,1314,1370,1300,1400,1306,1424,1335,1395,1330,1364,1323,1548,1357,1578,1338,1606,1343,1626,1366,1604,1367,1576,1362,1372,1548,1417,1522,1461,1514,1487,1523,1515,1522,1543,1540,1558,1574,1532,1585,1502,1591,1473,1588,1445,1583,1406,1569,1387,1548,1457,1540,1482,1545,1510,1548,1546,1569,1507,1563,1478,1561,1452,1556
1209,h,1,1,1176,1176,1711,1711,40.3,1202,1339,1197,1404,1196,1470,1201,1534,1224,1592,1268,1635,1324,1665,1380,1690,1441,1705,1497,1703,1544,1682,1586,1649,1617,1603,1641,1554,1658,1503,1669,1452,1674,1401,1296,1284,1335,1254,1384,1249,1434,1258,1480,1276,1540,1294,1582,1294,1623,1299,1660,1316,1676,1353,1504,1328,1503,1359,1503,1389,1504,1422,1433,1463,1461,1471,1488,1480,1515,1480,1540,1479,1338,1315,1369,1300,1400,1307,1424,1335,1395,1331,1363,1324,1550,1358,1579,1339,1608,1344,1628,1368,1606,1368,1577,1364,1372,1544,1418,1521,1462,1514,1486,1523,1514,1522,1543,1539,1560,1573,1532,1586,1500,1591,1471,1588,1444,1582,1406,1568,1388,1544,1457,1539,1482,1544,1510,1547,1547,1568,1506,1563,1477,1561,1451,1556
1210,h,1,1,1176,1176,1711,1711,40.333333333333336,1207,1335,1200,1399,1199,1465,1202,1530,1225,1589,1269,1633,1324,1664,1380,1691,1441,1706,1497,1705,1545,1684,1586,1650,1617,1604,1640,1554,1658,1503,1670,1451,1676,1400,1300,1277,1343,1252,1391,1249,1439,1259,1483,1278,1539,1296,1580,1293,1620,1298,1657,1314,1674,1349,1504,1329,1504,1359,1505,1389,1506,1421,1434,1463,1462,1472,1489,1482,1516,1481,1542,1480,1340,1314,1369,1300,1401,1307,1426,1335,1396,1330,1364,1324,1550,1358,1580,1339,1609,1345,1629,1368,1606,1368,1577,1364,1366,1538,1416,1522,1462,1514,1487,1523,1515,1523,1545,1541,1562,1574,1533,1589,1500,1596,1470,1594,1443,1587,1403,1571,1381,1542,1457,1541,1482,1546,1510,1550,1549,1570,1506,1566,1477,1564,1451,1559
1211,h,1,1,1176,1176,1711,1711,40.36666666666667,1202,1334,1197,1399,1198,1466,1204,1531,1227,1590,1272,1635,1328,1665,1384,1691,1444,1706,1499,1704,1546,1680,1588,1646,1619,1600,1642,1550,1660,1499,1670,1448,1675,1399,1297,1281,1337,1253,1386,1249,1435,1258,1480,1277,1542,1293,1581,1292,1621,1297,1655,1314,1670,1348,1503,1328,1503,1359,1504,1388,1505,1421,1434,1463,1461,1471,1489,1480,1516,1480,1541,1478,1337,1315,1367,1300,1399,1306,1424,1336,1394,1331,1362,1325,1549,1358,1579,1337,1609,1342,1629,1367,1606,1368,1577,1363,1371,1544,1418,1522,1461,1514,1486,1523,1514,1522,1543,1539,1560,1575,1533,1593,1501,1601,1472,1598,1445,1592,1406,1576,1387,1547,1457,1540,1482,1545,1510,1548,1547,1571,1506,1572,1478,1570,1452,1565
1212,h,1,1,1176,1176,1711,1711,40.4,1202,1334,1197,1399,1198,1466,1204,1531,1227,1590,1272,1635,1328,1665,1384,1691,1444,1706,1499,1704,1546,1680,1588,1646,1619,1600,1642,1550,1660,1499,1670,1448,1675,1399,1297,1281,1337,1253,1386,1249,1435,1258,1480,1277,1542,1293,1581,1292,1621,1297,1655,1314,1670,1348,1503,1328,1503,1359,1504,1388,1505,1421,1434,1463,1461,1471,1489,1480,1516,1480,1541,1478,1337,1315,1367,1300,1399,1306,1424,1336,1394,1331,1362,1325,1549,1358,1579,1337,1609,1342,1629,1367,1606,1368,1577,1363,1371,1544,1418,1522,1461,1514,1486,1523,1514,1522,1543,1539,1560,1575,1533,1593,1501,1601,1472,1598,1445,1592,1406,1576,1387,1547,1457,1540,1482,1545,1510,1548,1547,1571,1506,1572,1478,1570,1452,1565
1213,h,1,1,1176,1176,1711,1711,40.43333333333333,1203,1338,1197,1402,1197,1468,1202,1532,1226,1591,1272,1636,1328,1666,1384,1691,1444,1705,1498,1703,1544,1681,1586,1647,1617,1601,1641,1551,1660,1500,1671,1449,1676,1399,1299,1275,1341,1250,1389,1247,1437,1257,1481,1277,1540,1295,1580,1293,1620,1298,1655,1313,1672,1346,1504,1329,1504,1359,1506,1388,1506,1420,1435,1463,1462,1472,1490,1481,1516,1480,1541,1479,1338,1314,1368,1300,1399,1307,1425,1335,1394,1330,1363,1324,1550,1358,1580,1339,1610,1344,1630,1367,1607,1368,1578,1364,1369,1544,1418,1522,1463,1513,1487,1522,1514,1521,1543,1539,1560,1575,1533,1592,1501,1601,1472,1598,1446,1591,1406,1576,1385,1546,1459,1541,1483,1546,1510,1548,1547,1571,1506,1570,1478,1568,1453,1564
1214,h,1,1,1176,1176,1711,1711,40.46666666666667,1196,1345,1191,1410,1191,1476,1198,1540,1225,1597,1272,1638,1330,1667,1388,1689,1447,1703,1501,1700,1546,1678,1586,1645,1616,1601,1640,1552,1658,1503,1668,1452,1673,1404,1301,1275,1343,1250,1391,1247,1439,1257,1482,1275,1542,1292,1582,1291,1621,1297,1655,1312,1671,1344,1506,1327,1507,1358,1509,1387,1510,1418,1436,1462,1464,1470,1492,1479,1519,1479,1543,1478,1340,1312,1370,1298,1402,1305,1425,1334,1396,1328,1365,1322,1551,1357,1581,1337,1610,1342,1629,1366,1607,1366,1579,1362,1372,1545,1418,1521,1464,1512,1488,1521,1516,1520,1545,1538,1561,1574,1535,1588,1504,1594,1474,1592,1447,1586,1408,1571,1388,1545,1459,1539,1484,1544,1512,1547,1549,1569,1508,1565,1480,1562,1455,1557
1215,h,1,1,1176,1176,1711,1711,40.5,1196,1347,1192,1409,1193,1475,1200,1537,1226,1593,1272,1635,1330,1663,1387,1686,1448,1700,1501,1698,1546,1678,1586,1646,1616,1602,1639,1555,1658,1506,1668,1456,1672,1407,1298,1278,1339,1251,1389,1247,1438,1257,1483,1276,1542,1292,1581,1290,1621,1295,1655,1310,1672,1343,1506,1326,1506,1356,1508,1385,1509,1417,1436,1461,1464,1469,1492,1478,1518,1477,1542,1477,1338,1313,1370,1298,1402,1304,1426,1334,1397,1330,1365,1324,1549,1357,1580,1336,1610,1340,1629,1365,1607,1366,1578,1362,1375,1546,1419,1520,1464,1510,1489,1519,1517,1518,1545,1537,1561,1573,1536,1585,1505,1590,1476,1588,1448,1582,1410,1568,1390,1546,1459,1538,1484,1543,1512,1546,1549,1568,1509,1561,1481,1558,1455,1554
1216,h,1,1,1176,1176,1711,1711,40.53333333333333,1196,1347,1192,1409,1193,1475,1200,1537,1226,1593,1272,1635,1330,1663,1387,1686,1448,1700,1501,1698,1546,1678,1586,1646,1616,1602,1639,1555,1658,1506,1668,1456,1672,1407,1298,1278,1339,1251,1389,1247,1438,1257,1483,1276,1542,1292,1581,1290,1621,1295,1655,1310,1672,1343,1506,1326,1506,1356,1508,1385,1509,1417,1436,1461,1464,1469,1492,1478,1518,1477,1542,1477,1338,1313,1370,1298,1402,1304,1426,1334,1397,1330,1365,1324,1549,1357,1580,1336,1610,1340,1629,1365,1607,1366,1578,1362,1375,1546,1419,1520,1464,1510,1489,1519,1517,1518,1545,1537,1561,1573,1536,1585,1505,1590,1476,1588,1448,1582,1410,1568,1390,1546,1459,1538,1484,1543,1512,1546,1549,1568,1509,1561,1481,1558,1455,1554
1217,h,1,1,1236,1117,1771,1652,40.56666666666667,1209,1335,1205,1398,1207,1461,1218,1523,1243,1580,1287,1625,1340,1655,1394,1681,1452,1694,1505,1696,1550,1673,1591,1641,1623,1595,1648,1546,1668,1497,1679,1444,1683,1394,1304,1272,1345,1250,1393,1247,1441,1256,1486,1274,1543,1290,1584,1290,1624,1296,1657,1312,1673,1346,1507,1326,1508,1356,1509,1385,1510,1416,1439,1460,1467,1469,1495,1479,1521,1478,1546,1475,1345,1311,1374,1296,1406,1302,1430,1333,1399,1329,1368,1322,1553,1356,1581,1335,1611,1340,1631,1366,1608,1367,1578,1362,1379,1546,1421,1520,1466,1511,1493,1520,1519,1518,1547,1536,1563,1574,1537,1586,1507,1592,1479,1590,1450,1584,1412,1568,1395,1546,1461,1538,1489,1543,1514,1545,1550,1567,1512,1562,1485,1559,1457,1554
1218,h,1,1,1236,1117,1771,1652,40.6,1209,1333,1205,1398,1208,1464,1217,1528,1243,1585,1285,1629,1339,1660,1394,1685,1453,1699,1506,1699,1552,1675,1593,1642,1624,1597,1648,1547,1668,1497,1681,1443,1684,1391,1304,1273,1344,1250,1392,1246,1439,1256,1485,1274,1545,1291,1583,1290,1622,1295,1655,1309,1672,1339,1507,1326,1507,1355,1509,1384,1510,1415,1441,1461,1468,1469,1496,1478,1521,1478,1544,1476,1347,1311,1375,1296,1407,1302,1431,1333,1400,1329,1368,1322,1554,1355,1581,1334,1611,1339,1631,1364,1608,1366,1579,1361,1382,1547,1422,1520,1467,1511,1493,1519,1517,1518,1546,1535,1562,1572,1537,1587,1506,1593,1480,1592,1451,1586,1413,1570,1397,1547,1462,1538,1489,1543,1513,1545,1549,1566,1511,1563,1485,1561,1458,1556
1219,h,1,1,1236,1117,1771,1652,40.63333333333333,1209,1333,1205,1398,1208,1464,1217,1528,1243,1585,1285,1629,1339,1660,1394,1685,1453,1699,1506,1699,1552,1675,1593,1642,1624,1597,1648,1547,1668,1497,1681,1443,1684,1391,1304,1273,1344,1250,1392,1246,1439,1256,1485,1274,1545,1291,1583,1290,1622,1295,1655,1309,1672,1339,1507,1326,1507,1355,1509,1384,1510,1415,1441,1461,1468,1469,1496,1478,1521,1478,1544,1476,1347,1311,1375,1296,1407,1302,1431,1333,1400,1329,1368,1322,1554,1355,1581,1334,1611,1339,1631,1364,1608,1366,1579,1361,1382,1547,1422,1520,1467,1511,1493,1519,1517,1518,1546,1535,1562,1572,1537,1587,1506,1593,1480,1592,1451,1586,1413,1570,1397,1547,1462,1538,1489,1543,1513,1545,1549,1566,1511,1563,1485,1561,1458,1556
1220,h,1,1,1277,1228,1723,1673,40.666666666666664,1209,1342,1207,1407,1210,1473,1219,1537,1244,1595,1287,1637,1341,1667,1397,1690,1457,1703,1511,1702,1556,1681,1594,1648,1622,1604,1643,1555,1660,1508,1672,1457,1677,1406,1301,1281,1340,1252,1391,1246,1442,1255,1487,1275,1548,1291,1589,1288,1631,1294,1667,1313,1682,1352,1510,1325,1510,1355,1511,1385,1512,1418,1441,1460,1468,1468,1496,1477,1522,1477,1547,1475,1344,1313,1374,1297,1406,1302,1432,1333,1400,1328,1368,1322,1556,1357,1585,1336,1615,1340,1635,1366,1611,1367,1582,1362,1380,1544,1423,1520,1466,1511,1494,1521,1520,1519,1548,1537,1564,1573,1539,1587,1508,1593,1480,1591,1451,1585,1413,1570,1395,1545,1462,1538,1490,1544,1515,1546,1552,1568,1513,1563,1486,1561,1458,1556
1221,h,1,1,1277,1228,1723,1673,40.7,1211,1338,1208,1403,1210,1468,1218,1531,1241,1590,1282,1635,1336,1666,1393,1693,1454,1708,1510,1707,1557,1684,1597,1650,1625,1604,1646,1554,1663,1505,1674,1454,1679,1404,1304,1282,1343,1254,1393,1248,1442,1258,1488,1277,1550,1294,1590,1293,1631,1299,1666,1317,1680,1354,1511,1326,1512,1357,1512,1387,1513,1420,1444,1461,1470,1470,1498,1479,1523,1478,1548,1476,1348,1313,1378,1298,1409,1303,1434,1333,1403,1329,1372,1322,1558,1358,1587,1338,1616,1343,1635,1369,1612,1369,1583,1363,1382,1547,1426,1522,1470,1513,1497,1523,1523,1521,1550,1539,1567,1575,1540,1588,1510,1595,1482,1593,1453,1587,1415,1571,1397,1548,1465,1539,1492,1544,1518,1547,1555,1570,1515,1566,1488,1564,1460,1558
1222,h,1,1,1236,1117,1771,1652,40.733333333333334,1206,1347,1202,1411,1205,1476,1214,1540,1240,1596,1286,1636,1343,1663,1399,1688,1459,1702,1512,1701,1556,1678,1596,1647,1625,1603,1648,1557,1667,1509,1681,1458,1687,1409,1303,1279,1344,1254,1394,1250,1443,1260,1490,1278,1552,1294,1593,1293,1634,1300,1669,1316,1685,1352,1512,1329,1513,1359,1515,1389,1516,1421,1447,1464,1473,1472,1501,1482,1525,1481,1548,1480,1346,1315,1376,1297,1410,1303,1433,1336,1403,1332,1370,1325,1559,1359,1587,1338,1619,1343,1638,1371,1615,1371,1585,1366,1383,1550,1425,1523,1471,1514,1498,1524,1524,1522,1552,1540,1569,1579,1542,1591,1512,1597,1484,1596,1455,1589,1416,1573,1399,1550,1466,1541,1495,1547,1519,1549,1556,1573,1516,1568,1490,1565,1462,1560
1223,h,1,1,1236,1117,1771,1652,40.766666666666666,1206,1347,1202,1411,1205,1476,1214,1540,1240,1596,1286,1636,1343,1663,1399,1688,1459,1702,1512,1701,1556,1678,1596,1647,1625,1603,1648,1557,1667,1509,1681,1458,1687,1409,1303,1279,1344,1254,1394,1250,1443,1260,1490,1278,1552,1294,1593,1293,1634,1300,1669,1316,1685,1352,1512,1329,1513,1359,1515,1389,1516,1421,1447,1464,1473,1472,1501,1482,1525,1481,1548,1480,1346,1315,1376,1297,1410,1303,1433,1336,1403,1332,1370,1325,1559,1359,1587,1338,1619,1343,1638,1371,1615,1371,1585,1366,1383,1550,1425,1523,1471,1514,1498,1524,1524,1522,1552,1540,1569,1579,1542,1591,1512,1597,1484,1596,1455,1589,1416,1573,1399,1550,1466,1541,1495,1547,1519,1549,1556,1573,1516,1568,1490,1565,1462,1560
1224,h,1,1,1277,1228,1723,1673,40.8,1214,1344,1210,1409,1212,1473,1218,1536,1241,1594,1283,1638,1338,1669,1395,1695,1456,1709,1511,1709,1556,1687,1596,1653,1624,1607,1645,1558,1662,1510,1674,1459,1680,1409,1304,1287,1343,1257,1395,1251,1446,1260,1493,1278,1552,1294,1594,1295,1636,1301,1672,1321,1685,1362,1515,1330,1515,1360,1516,1389,1517,1422,1446,1463,1472,1471,1501,1480,1526,1479,1550,1478,1350,1316,1380,1300,1412,1306,1436,1336,1405,1332,1374,1325,1560,1360,1588,1340,1617,1345,1636,1371,1614,1372,1585,1367,1383,1551,1427,1524,1471,1516,1498,1526,1524,1524,1551,1541,1567,1578,1542,1591,1512,1597,1484,1595,1455,1588,1417,1573,1398,1550,1466,1542,1494,1548,1520,1550,1555,1572,1517,1569,1490,1567,1462,1562
1225,h,1,1,1277,1228,1723,1673,40.833333333333336,1213,1343,1210,1408,1212,1472,1219,1536,1242,1594,1284,1639,1338,1670,1395,1697,1455,1712,1510,1713,1557,1690,1597,1656,1627,1611,1649,1561,1667,1512,1678,1460,1684,1408,1306,1285,1346,1257,1397,1252,1448,1261,1495,1280,1554,1297,1596,1297,1637,1303,1673,1321,1687,1359,1517,1331,1517,1361,1517,1390,1518,1423,1447,1465,1474,1473,1501,1482,1527,1481,1551,1481,1351,1317,1381,1302,1413,1308,1437,1338,1406,1333,1375,1327,1562,1362,1591,1343,1620,1348,1640,1373,1616,1374,1588,1368,1383,1551,1426,1525,1470,1517,1498,1527,1524,1525,1552,1543,1568,1581,1542,1594,1512,1600,1483,1598,1454,1591,1415,1575,1398,1551,1465,1543,1494,1549,1520,1551,1556,1575,1517,1570,1490,1568,1462,1562
1226,h,1,1,1277,1228,1723,1673,40.86666666666667,1213,1344,1210,1410,1212,1474,1218,1537,1241,1595,1283,1639,1338,1670,1394,1695,1454,1710,1509,1709,1556,1688,1594,1655,1623,1610,1646,1562,1664,1514,1677,1464,1682,1414,1306,1286,1346,1258,1397,1252,1448,1261,1495,1280,1552,1297,1594,1297,1636,1303,1672,1323,1686,1362,1516,1331,1516,1362,1517,1391,1518,1424,1447,1465,1473,1473,1501,1483,1528,1482,1552,1481,1351,1318,1381,1303,1413,1308,1438,1338,1406,1333,1375,1327,1561,1363,1590,1343,1619,1349,1639,1374,1616,1374,1587,1368,1382,1549,1427,1525,1472,1517,1499,1527,1526,1525,1553,1543,1568,1579,1543,1594,1512,1600,1484,1599,1455,1592,1415,1576,1398,1550,1466,1543,1495,1549,1521,1551,1556,1574,1518,1571,1491,1569,1462,1563
1227,h,1,1,1277,1228,1723,1673,40.9,1213,1344,1210,1410,1212,1474,1218,1537,1241,1595,1283,1639,1338,1670,1394,1695,1454,1710,1509,1709,1556,1688,1594,1655,1623,1610,1646,1562,1664,1514,1677,1464,1682,1414,1306,1286,1346,1258,1397,1252,1448,1261,1495,1280,1552,1297,1594,1297,1636,1303,1672,1323,1686,1362,1516,1331,1516,1362,1517,1391,1518,1424,1447,1465,1473,1473,1501,1483,1528,1482,1552,1481,1351,1318,1381,1303,1413,1308,1438,1338,1406,1333,1375,1327,1561,1363,1590,1343,1619,1349,1639,1374,1616,1374,1587,1368,1382,1549,1427,1525,1472,1517,1499,1527,1526,1525,1553,1543,1568,1579,1543,1594,1512,1600,1484,1599,1455,1592,1415,1576,1398,1550,1466,1543,1495,1549,1521,1551,1556,1574,1518,1571,1491,1569,1462,1563
1228,h,1,1,1277,1228,1723,1673,40.93333333333333,1215,1345,1211,1409,1212,1473,1219,1535,1241,1594,1283,1639,1338,1669,1393,1695,1454,1711,1510,1711,1557,1690,1597,1657,1625,1612,1647,1563,1665,1515,1677,1465,1683,1415,1309,1284,1349,1257,1400,1252,1450,1263,1495,1282,1555,1299,1596,1298,1637,1304,1673,1322,1687,1361,1518,1333,1518,1364,1518,1393,1519,1426,1448,1467,1475,1475,1502,1484,1528,1484,1552,1483,1353,1317,1383,1302,1415,1308,1439,1339,1408,1334,1377,1327,1564,1364,1592,1344,1621,1349,1640,1375,1618,1375,1589,1370,1385,1552,1429,1527,1473,1519,1500,1529,1526,1527,1553,1545,1568,1582,1543,1595,1514,1602,1485,1600,1456,1593,1418,1577,1400,1552,1468,1546,1496,1552,1521,1554,1556,1576,1519,1572,1492,1570,1464,1564
1229,h,1,1,1277,1228,1723,1673,40.96666666666667,1216,1350,1212,1414,1214,1478,1221,1540,1245,1598,1287,1640,1341,1670,1397,1696,1458,1711,1514,1712,1559,1691,1598,1658,1626,1613,1647,1564,1665,1517,1677,1467,1682,1417,1311,1287,1351,1259,1401,1253,1452,1264,1497,1284,1555,1301,1595,1300,1636,1305,1671,1324,1686,1362,1518,1334,1518,1365,1519,1394,1520,1426,1449,1469,1476,1476,1504,1486,1529,1485,1553,1485,1353,1319,1383,1304,1415,1310,1439,1341,1408,1336,1377,1329,1563,1366,1591,1346,1621,1351,1640,1377,1617,1377,1588,1371,1386,1553,1430,1527,1474,1520,1501,1529,1527,1527,1554,1545,1568,1583,1544,1597,1514,1603,1487,1601,1458,1594,1420,1577,1401,1553,1469,1545,1497,1551,1522,1553,1557,1577,1519,1574,1493,1571,1466,1565
1230,h,1,1,1277,1228,1723,1673,41.0,1217,1349,1214,1413,1217,1477,1225,1539,1248,1596,1290,1639,1344,1669,1400,1695,1461,1709,1517,1708,1564,1686,1603,1653,1630,1608,1650,1559,1667,1512,1679,1462,1683,1412,1309,1289,1349,1260,1400,1255,1450,1265,1496,1284,1554,1300,1595,1300,1636,1305,1672,1323,1686,1361,1518,1335,1518,1366,1519,1396,1520,1428,1450,1470,1476,1478,1504,1487,1529,1486,1553,1484,1354,1321,1384,1306,1416,1312,1440,1342,1409,1338,1378,1331,1564,1366,1592,1346,1621,1351,1640,1376,1618,1377,1589,1372,1388,1556,1431,1529,1474,1521,1501,1530,1527,1529,1553,1547,1569,1584,1544,1597,1515,1602,1487,1601,1458,1594,1421,1579,1404,1556,1469,1547,1497,1552,1522,1554,1557,1578,1520,1574,1494,1571,1466,1566
1231,h,1,1,1277,1228,1723,1673,41.03333333333333,1217,1349,1214,1413,1217,1477,1225,1539,1248,1596,1290,1639,1344,1669,1400,1695,1461,1709,1517,1708,1564,1686,1603,1653,1630,1608,1650,1559,1667,1512,1679,1462,1683,1412,1309,1289,1349,1260,1400,1255,1450,1265,1496,1284,1554,1300,1595,1300,1636,1305,1672,1323,1686,1361,1518,1335,1518,1366,1519,1396,1520,1428,1450,1470,1476,1478,1504,1487,1529,1486,1553,1484,1354,1321,1384,1306,1416,1312,1440,1342,1409,1338,1378,1331,1564,1366,1592,1346,1621,1351,1640,1376,1618,1377,1589,1372,1388,1556,1431,1529,1474,1521,1501,1530,1527,1529,1553,1547,1569,1584,1544,1597,1515,1602,1487,1601,1458,1594,1421,1579,1404,1556,1469,1547,1497,1552,1522,1554,1557,1578,1520,1574,1494,1571,1466,1566
1232,h,1,1,1277,1228,1723,1673,41.06666666666667,1217,1342,1213,1407,1216,1471,1223,1535,1246,1594,1287,1639,1341,1670,1399,1695,1460,1710,1516,1709,1562,1688,1602,1655,1629,1610,1650,1560,1667,1512,1679,1461,1684,1410,1311,1287,1352,1260,1403,1256,1452,1267,1498,1285,1557,1304,1598,1302,1639,1308,1674,1325,1689,1363,1520,1336,1520,1367,1520,1398,1521,1430,1451,1471,1477,1479,1504,1489,1530,1488,1554,1487,1355,1321,1385,1307,1417,1312,1441,1342,1410,1338,1379,1332,1565,1368,1593,1348,1623,1353,1642,1378,1619,1379,1591,1374,1387,1554,1431,1531,1475,1522,1501,1532,1528,1530,1554,1548,1569,1584,1544,1597,1515,1603,1487,1602,1458,1595,1420,1580,1402,1555,1470,1549,1497,1555,1523,1557,1557,1579,1520,1573,1493,1571,1466,1566
1233,h,1,1,1277,1228,1723,1673,41.1,1217,1343,1214,1408,1217,1474,1224,1538,1247,1597,1289,1642,1344,1673,1401,1698,1461,1713,1516,1712,1562,1691,1601,1658,1630,1613,1652,1564,1671,1515,1683,1463,1688,1412,1310,1291,1350,1262,1401,1258,1451,1269,1497,1287,1558,1304,1600,1304,1640,1309,1676,1327,1691,1364,1521,1337,1521,1368,1522,1398,1522,1431,1451,1472,1478,1480,1505,1490,1531,1489,1556,1488,1356,1323,1387,1308,1419,1313,1443,1344,1412,1339,1381,1333,1566,1369,1595,1349,1625,1354,1644,1379,1621,1379,1593,1374,1387,1557,1431,1532,1475,1524,1502,1534,1529,1532,1555,1550,1570,1586,1545,1598,1515,1605,1487,1603,1458,1596,1420,1580,1402,1557,1470,1550,1498,1555,1524,1557,1558,1580,1520,1575,1493,1572,1465,1567
1234,h,1,1,1277,1228,1723,1673,41.13333333333333,1217,1343,1214,1408,1217,1474,1224,1538,1247,1597,1289,1642,1344,1673,1401,1698,1461,1713,1516,1712,1562,1691,1601,1658,1630,1613,1652,1564,1671,1515,1683,1463,1688,1412,1310,1291,1350,1262,1401,1258,1451,1269,1497,1287,1558,1304,1600,1304,1640,1309,1676,1327,1691,1364,1521,1337,1521,1368,1522,1398,1522,1431,1451,1472,1478,1480,1505,1490,1531,1489,1556,1488,1356,1323,1387,1308,1419,1313,1443,1344,1412,1339,1381,1333,1566,1369,1595,1349,1625,1354,1644,1379,1621,1379,1593,1374,1387,1557,1431,1532,1475,1524,1502,1534,1529,1532,1555,1550,1570,1586,1545,1598,1515,1605,1487,1603,1458,1596,1420,1580,1402,1557,1470,1550,1498,1555,1524,1557,1558,1580,1520,1575,1493,1572,1465,1567
1235,h,1,1,1277,1228,1723,1673,41.166666666666664,1219,1346,1215,1411,1216,1476,1224,1539,1247,1598,1289,1643,1343,1674,1399,1701,1459,1716,1514,1716,1558,1693,1597,1659,1625,1614,1648,1565,1667,1517,1679,1466,1684,1415,1312,1291,1352,1263,1403,1258,1453,1270,1499,1289,1560,1307,1600,1306,1641,1310,1678,1327,1692,1365,1522,1339,1522,1370,1523,1400,1524,1433,1452,1473,1479,1481,1507,1491,1532,1490,1556,1489,1358,1322,1388,1308,1419,1314,1443,1344,1413,1339,1382,1332,1568,1369,1597,1350,1626,1355,1645,1380,1622,1380,1593,1375,1388,1555,1432,1532,1476,1524,1502,1534,1529,1532,1555,1551,1570,1586,1545,1600,1515,1606,1488,1604,1459,1597,1421,1581,1404,1556,1471,1550,1498,1556,1524,1559,1558,1581,1521,1575,1494,1573,1467,1567
1236,h,1,1,1277,1228,1723,1673,41.2,1219,1343,1215,1407,1216,1473,1222,1537,1245,1597,1286,1643,1342,1675,1400,1701,1461,1715,1516,1714,1562,1692,1601,1658,1630,1614,1652,1565,1670,1516,1682,1465,1687,1414,1314,1288,1355,1261,1406,1257,1456,1269,1501,1289,1562,1307,1602,1305,1642,1309,1678,1326,1692,1364,1524,1340,1524,1371,1525,1401,1526,1434,1455,1474,1481,1482,1508,1492,1533,1492,1557,1490,1359,1323,1389,1309,1421,1315,1445,1346,1414,1342,1383,1334,1568,1371,1597,1351,1626,1356,1646,1381,1623,1382,1594,1377,1389,1557,1434,1533,1478,1525,1504,1535,1531,1533,1557,1552,1570,1586,1547,1600,1518,1606,1490,1604,1461,1598,1423,1583,1404,1557,1473,1552,1500,1557,1526,1560,1559,1581,1523,1577,1496,1575,1468,1570
1237,h,1,1,1277,1228,1723,1673,41.233333333333334,1218,1345,1213,1409,1213,1474,1220,1538,1243,1598,1285,1644,1340,1676,1398,1702,1459,1716,1514,1717,1559,1695,1599,1662,1628,1617,1650,1569,1669,1520,1680,1469,1685,1418,1314,1287,1355,1261,1406,1258,1456,1271,1501,1290,1562,1308,1602,1305,1642,1309,1678,1325,1692,1362,1525,1340,1525,1371,1526,1401,1527,1434,1455,1475,1482,1483,1509,1492,1534,1492,1557,1491,1359,1323,1390,1308,1421,1314,1444,1345,1414,1341,1383,1334,1568,1370,1597,1350,1626,1355,1645,1380,1623,1381,1594,1376,1388,1558,1434,1533,1478,1525,1505,1535,1531,1534,1558,1552,1571,1587,1547,1599,1518,1605,1490,1604,1461,1597,1422,1582,1403,1558,1473,1552,1500,1557,1526,1560,1560,1582,1523,1576,1496,1574,1469,1569
1238,h,1,1,1277,1228,1723,1673,41.266666666666666,1218,1345,1213,1409,1213,1474,1220,1538,1243,1598,1285,1644,1340,1676,1398,1702,1459,1716,1514,1717,1559,1695,1599,1662,1628,1617,1650,1569,1669,1520,1680,1469,1685,1418,1314,1287,1355,1261,1406,1258,1456,1271,1501,1290,1562,1308,1602,1305,1642,1309,1678,1325,1692,1362,1525,1340,1525,1371,1526,1401,1527,1434,1455,1475,1482,1483,1509,1492,1534,1492,1557,1491,1359,1323,1390,1308,1421,1314,1444,1345,1414,1341,1383,1334,1568,1370,1597,1350,1626,1355,1645,1380,1623,1381,1594,1376,1388,1558,1434,1533,1478,1525,1505,1535,1531,1534,1558,1552,1571,1587,1547,1599,1518,1605,1490,1604,1461,1597,1422,1582,1403,1558,1473,1552,1500,1557,1526,1560,1560,1582,1523,1576,1496,1574,1469,1569
1239,h,1,1,1277,1228,1723,1673,41.3,1217,1350,1213,1415,1215,1479,1223,1541,1247,1599,1289,1643,1345,1673,1403,1697,1463,1711,1519,1710,1565,1690,1604,1657,1631,1613,1652,1564,1670,1516,1682,1466,1686,1416,1315,1287,1356,1261,1407,1257,1456,1269,1501,1288,1561,1307,1600,1304,1640,1309,1675,1326,1690,1361,1524,1339,1524,1370,1525,1401,1526,1434,1455,1475,1481,1483,1509,1492,1534,1492,1557,1491,1359,1323,1390,1308,1422,1314,1445,1345,1415,1341,1383,1334,1567,1370,1596,1350,1626,1354,1645,1379,1623,1382,1594,1377,1390,1558,1434,1534,1478,1526,1504,1536,1531,1535,1558,1553,1572,1589,1547,1600,1518,1605,1490,1603,1461,1597,1423,1581,1404,1559,1473,1552,1500,1558,1526,1560,1561,1583,1523,1576,1496,1574,1469,1569
1240,h,1,1,1277,1228,1723,1673,41.333333333333336,1218,1348,1214,1412,1215,1478,1222,1541,1247,1599,1289,1643,1343,1674,1399,1701,1459,1715,1514,1715,1559,1694,1597,1661,1626,1617,1648,1569,1668,1520,1680,1469,1684,1419,1315,1288,1355,1261,1406,1258,1455,1269,1501,1289,1562,1307,1601,1305,1640,1310,1675,1326,1690,1361,1523,1340,1523,1371,1524,1401,1525,1434,1454,1475,1480,1483,1508,1492,1533,1492,1556,1491,1358,1324,1389,1309,1420,1315,1444,1346,1414,1342,1382,1335,1568,1371,1597,1351,1626,1355,1645,1381,1623,1382,1594,1377,1390,1558,1434,1535,1478,1526,1504,1536,1529,1534,1555,1553,1570,1588,1545,1600,1516,1605,1489,1603,1461,1597,1424,1582,1405,1558,1473,1552,1500,1558,1524,1561,1559,1582,1521,1577,1495,1574,1469,1569
1241,h,1,1,1277,1228,1723,1673,41.36666666666667,1221,1345,1218,1410,1220,1475,1226,1538,1248,1597,1289,1643,1343,1674,1402,1700,1463,1714,1519,1713,1566,1690,1606,1657,1634,1612,1655,1562,1673,1513,1684,1462,1688,1411,1315,1288,1356,1262,1406,1258,1456,1269,1501,1289,1560,1307,1601,1306,1642,1311,1677,1328,1692,1366,1524,1339,1524,1371,1525,1402,1525,1436,1454,1476,1481,1484,1509,1493,1534,1493,1558,1492,1360,1323,1390,1308,1422,1314,1445,1345,1415,1341,1384,1334,1568,1370,1596,1350,1626,1355,1645,1380,1623,1382,1594,1377,1389,1557,1434,1535,1478,1527,1505,1537,1532,1536,1558,1554,1573,1588,1548,1600,1518,1605,1490,1603,1461,1597,1422,1582,1404,1558,1473,1553,1501,1559,1527,1561,1561,1583,1524,1575,1496,1573,1468,1568
1242,h,1,1,1277,1228,1723,1673,41.4,1221,1345,1218,1410,1220,1475,1226,1538,1248,1597,1289,1643,1343,1674,1402,1700,1463,1714,1519,1713,1566,1690,1606,1657,1634,1612,1655,1562,1673,1513,1684,1462,1688,1411,1315,1288,1356,1262,1406,1258,1456,1269,1501,1289,1560,1307,1601,1306,1642,1311,1677,1328,1692,1366,1524,1339,1524,1371,1525,1402,1525,1436,1454,1476,1481,1484,1509,1493,1534,1493,1558,1492,1360,1323,1390,1308,1422,1314,1445,1345,1415,1341,1384,1334,1568,1370,1596,1350,1626,1355,1645,1380,1623,1382,1594,1377,1389,1557,1434,1535,1478,1527,1505,1537,1532,1536,1558,1554,1573,1588,1548,1600,1518,1605,1490,1603,1461,1597,1422,1582,1404,1558,1473,1553,1501,1559,1527,1561,1561,1583,1524,1575,1496,1573,1468,1568
1243,h,1,1,1277,1228,1723,1673,41.43333333333333,1219,1349,1215,1413,1216,1477,1223,1540,1247,1598,1290,1643,1345,1674,1403,1698,1464,1712,1519,1711,1565,1690,1603,1657,1630,1612,1650,1564,1668,1516,1679,1467,1684,1419,1318,1286,1361,1262,1410,1259,1460,1270,1504,1289,1563,1308,1602,1306,1641,1311,1675,1327,1689,1361,1525,1341,1526,1372,1527,1402,1528,1435,1455,1476,1482,1484,1510,1493,1535,1493,1558,1492,1360,1324,1391,1310,1422,1316,1445,1346,1416,1342,1385,1335,1569,1371,1597,1352,1626,1356,1644,1381,1623,1382,1595,1377,1392,1558,1436,1534,1479,1527,1505,1537,1532,1536,1558,1554,1572,1587,1548,1600,1519,1604,1491,1602,1463,1595,1426,1580,1407,1559,1474,1553,1501,1559,1527,1561,1561,1582,1524,1576,1498,1573,1470,1568
1244,h,1,1,1277,1228,1723,1673,41.46666666666667,1222,1344,1217,1408,1217,1473,1223,1536,1245,1596,1285,1644,1340,1677,1398,1704,1460,1719,1516,1718,1563,1697,1602,1663,1631,1616,1652,1566,1670,1516,1682,1465,1687,1414,1317,1293,1357,1266,1408,1262,1458,1273,1504,1292,1562,1309,1602,1308,1642,1313,1677,1330,1692,1367,1526,1343,1526,1373,1527,1403,1528,1436,1454,1476,1481,1485,1510,1494,1534,1494,1557,1493,1362,1327,1394,1315,1425,1320,1448,1349,1419,1345,1388,1338,1567,1373,1597,1356,1625,1361,1644,1385,1622,1385,1594,1380,1392,1558,1436,1534,1479,1528,1505,1538,1532,1537,1558,1554,1573,1588,1547,1601,1518,1605,1489,1603,1462,1597,1425,1582,1407,1558,1474,1553,1501,1560,1527,1562,1562,1583,1523,1577,1496,1574,1470,1569
1245,h,1,1,1277,1228,1723,1673,41.5,1226,1342,1220,1407,1220,1473,1226,1537,1248,1597,1289,1644,1343,1676,1400,1702,1461,1716,1517,1716,1563,1695,1602,1662,1631,1616,1652,1566,1670,1517,1683,1465,1688,1414,1315,1292,1356,1264,1408,1260,1458,1271,1504,1291,1562,1309,1603,1308,1644,1312,1680,1331,1694,1369,1525,1343,1525,1374,1526,1403,1526,1436,1453,1476,1480,1484,1508,1494,1534,1494,1557,1494,1361,1327,1392,1315,1424,1321,1448,1349,1417,1346,1386,1339,1567,1375,1597,1358,1626,1364,1645,1387,1622,1388,1593,1382,1393,1558,1435,1534,1478,1527,1504,1537,1531,1536,1557,1555,1572,1589,1546,1601,1517,1604,1489,1601,1461,1595,1425,1579,1408,1558,1473,1553,1500,1559,1526,1562,1561,1583,1522,1576,1496,1572,1469,1567
1246,h,1,1,1277,1228,1723,1673,41.53333333333333,1226,1342,1220,1407,1220,1473,1226,1537,1248,1597,1289,1644,1343,1676,1400,1702,1461,1716,1517,1716,1563,1695,1602,1662,1631,1616,1652,1566,1670,1517,1683,1465,1688,1414,1315,1292,1356,1264,1408,1260,1458,1271,1504,1291,1562,1309,1603,1308,1644,1312,1680,1331,1694,1369,1525,1343,1525,1374,1526,1403,1526,1436,1453,1476,1480,1484,1508,1494,1534,1494,1557,1494,1361,1327,1392,1315,1424,1321,1448,1349,1417,1346,1386,1339,1567,1375,1597,1358,1626,1364,1645,1387,1622,1388,1593,1382,1393,1558,1435,1534,1478,1527,1504,1537,1531,1536,1557,1555,1572,1589,1546,1601,1517,1604,1489,1601,1461,1595,1425,1579,1408,1558,1473,1553,1500,1559,1526,1562,1561,1583,1522,1576,1496,1572,1469,1567
1247,h,1,1,1277,1228,1723,1673,41.56666666666667,1224,1342,1219,1406,1219,1471,1224,1534,1244,1593,1285,1640,1339,1673,1397,1701,1459,1716,1516,1716,1562,1694,1602,1661,1631,1617,1652,1568,1670,1519,1682,1468,1687,1418,1315,1294,1355,1265,1406,1260,1457,1272,1504,1291,1562,1309,1604,1308,1645,1313,1681,1331,1694,1371,1526,1341,1526,1373,1526,1403,1527,1437,1455,1476,1482,1484,1509,1494,1534,1494,1557,1494,1364,1327,1395,1316,1425,1322,1447,1348,1419,1343,1388,1336,1569,1373,1598,1359,1626,1365,1645,1387,1622,1386,1595,1380,1393,1557,1436,1534,1478,1527,1505,1538,1533,1537,1558,1555,1573,1589,1547,1601,1518,1604,1490,1602,1461,1595,1425,1579,1408,1558,1473,1553,1501,1559,1527,1562,1562,1583,1524,1575,1496,1572,1469,1566
1248,h,1,1,1277,1228,1723,1673,41.6,1221,1342,1217,1407,1217,1472,1224,1535,1247,1594,1288,1641,1342,1674,1400,1700,1461,1715,1517,1715,1564,1695,1604,1661,1632,1614,1654,1564,1672,1515,1683,1463,1688,1413,1315,1289,1356,1263,1407,1259,1457,1271,1503,1290,1560,1308,1601,1306,1642,1310,1678,1327,1693,1366,1523,1341,1524,1372,1524,1403,1525,1437,1454,1476,1480,1484,1508,1494,1533,1494,1557,1493,1360,1326,1391,1315,1421,1320,1445,1347,1415,1343,1385,1336,1568,1372,1598,1356,1626,1361,1645,1384,1622,1384,1595,1379,1392,1556,1435,1535,1478,1528,1504,1538,1531,1537,1557,1555,1573,1588,1547,1600,1517,1604,1489,1601,1461,1595,1424,1580,1407,1556,1473,1553,1500,1560,1526,1562,1561,1582,1523,1575,1496,1572,1468,1566
1249,h,1,1,1277,1228,1723,1673,41.63333333333333,1221,1342,1217,1407,1217,1472,1224,1535,1247,1594,1288,1641,1342,1674,1400,1700,1461,1715,1517,1715,1564,1695,1604,1661,1632,1614,1654,1564,1672,1515,1683,1463,1688,1413,1315,1289,1356,1263,1407,1259,1457,1271,1503,1290,1560,1308,1601,1306,1642,1310,1678,1327,1693,1366,1523,1341,1524,1372,1524,1403,1525,1437,1454,1476,1480,1484,1508,1494,1533,1494,1557,1493,1360,1326,1391,1315,1421,1320,1445,1347,1415,1343,1385,1336,1568,1372,1598,1356,1626,1361,1645,1384,1622,1384,1595,1379,1392,1556,1435,1535,1478,1528,1504,1538,1531,1537,1557,1555,1573,1588,1547,1600,1517,1604,1489,1601,1461,1595,1424,1580,1407,1556,1473,1553,1500,1560,1526,1562,1561,1582,1523,1575,1496,1572,1468,1566
1250,h,1,1,1277,1228,1723,1673,41.666666666666664,1220,1344,1215,1409,1215,1473,1221,1536,1244,1596,1286,1641,1340,1674,1397,1701,1458,1715,1514,1715,1560,1695,1599,1662,1628,1617,1649,1568,1666,1519,1678,1469,1684,1419,1314,1291,1355,1263,1407,1258,1457,1270,1503,1290,1561,1308,1601,1306,1641,1312,1676,1329,1691,1366,1524,1340,1525,1372,1525,1402,1527,1436,1454,1475,1481,1483,1508,1493,1533,1493,1556,1492,1360,1324,1391,1312,1421,1318,1445,1345,1415,1341,1385,1335,1567,1371,1597,1355,1625,1360,1643,1384,1621,1384,1593,1378,1391,1555,1434,1533,1476,1527,1503,1537,1532,1536,1557,1553,1572,1586,1546,1597,1518,1602,1489,1600,1459,1593,1423,1577,1406,1555,1471,1551,1499,1558,1527,1560,1560,1581,1523,1573,1495,1570,1466,1564
1251,h,1,1,1277,1228,1723,1673,41.7,1224,1342,1220,1406,1222,1470,1229,1533,1251,1591,1291,1637,1343,1670,1398,1697,1458,1713,1514,1713,1561,1693,1601,1661,1631,1617,1653,1568,1671,1518,1684,1466,1691,1416,1314,1289,1354,1261,1404,1257,1454,1268,1500,1286,1559,1305,1601,1305,1642,1310,1679,1328,1693,1368,1521,1341,1521,1372,1521,1402,1521,1435,1452,1475,1478,1483,1505,1492,1530,1492,1554,1492,1360,1324,1390,1311,1421,1317,1444,1346,1414,1341,1384,1334,1567,1372,1595,1354,1624,1359,1644,1383,1621,1384,1592,1378,1392,1554,1433,1532,1475,1526,1502,1536,1529,1534,1555,1552,1571,1586,1545,1597,1516,1602,1487,1600,1459,1593,1423,1577,1407,1554,1470,1551,1498,1558,1524,1560,1559,1580,1521,1573,1494,1571,1466,1564
1252,h,1,1,1277,1228,1723,1673,41.733333333333334,1218,1343,1215,1407,1217,1472,1224,1535,1247,1594,1289,1638,1343,1669,1400,1694,1460,1708,1515,1708,1560,1688,1600,1656,1629,1612,1650,1563,1667,1515,1679,1464,1685,1415,1311,1290,1353,1262,1405,1257,1456,1269,1501,1290,1560,1308,1601,1306,1642,1311,1679,1329,1693,1367,1522,1341,1523,1372,1524,1402,1525,1435,1454,1476,1480,1483,1507,1493,1532,1493,1555,1492,1358,1324,1389,1311,1420,1317,1444,1346,1413,1342,1382,1335,1567,1372,1596,1354,1625,1359,1645,1383,1622,1384,1593,1379,1392,1556,1436,1534,1478,1527,1504,1537,1530,1536,1555,1553,1571,1586,1545,1597,1517,1602,1489,1599,1461,1592,1426,1578,1407,1556,1473,1552,1500,1558,1525,1560,1559,1581,1522,1573,1496,1571,1469,1565
1253,h,1,1,1277,1228,1723,1673,41.766666666666666,1218,1343,1215,1407,1217,1472,1224,1535,1247,1594,1289,1638,1343,1669,1400,1694,1460,1708,1515,1708,1560,1688,1600,1656,1629,1612,1650,1563,1667,1515,1679,1464,1685,1415,1311,1290,1353,1262,1405,1257,1456,1269,1501,1290,1560,1308,1601,1306,1642,1311,1679,1329,1693,1367,1522,1341,1523,1372,1524,1402,1525,1435,1454,1476,1480,1483,1507,1493,1532,1493,1555,1492,1358,1324,1389,1311,1420,1317,1444,1346,1413,1342,1382,1335,1567,1372,1596,1354,1625,1359,1645,1383,1622,1384,1593,1379,1392,1556,1436,1534,1478,1527,1504,1537,1530,1536,1555,1553,1571,1586,1545,1597,1517,1602,1489,1599,1461,1592,1426,1578,1407,1556,1473,1552,1500,1558,1525,1560,1559,1581,1522,1573,1496,1571,1469,1565
1254,h,1,1,1277,1228,1723,1673,41.8,1218,1344,1214,1409,1215,1474,1222,1538,1244,1596,1286,1640,1341,1671,1398,1697,1458,1711,1513,1712,1560,1691,1601,1659,1631,1615,1653,1566,1671,1517,1683,1466,1689,1416,1312,1288,1353,1261,1404,1257,1455,1269,1500,1289,1559,1306,1600,1305,1642,1310,1679,1328,1693,1367,1522,1340,1521,1371,1522,1401,1522,1435,1452,1475,1478,1483,1505,1492,1530,1492,1555,1492,1359,1323,1389,1311,1420,1317,1444,1346,1414,1341,1383,1334,1567,1372,1595,1354,1624,1359,1643,1383,1620,1383,1592,1378,1390,1554,1433,1533,1476,1526,1503,1537,1531,1535,1556,1553,1572,1587,1545,1597,1516,1601,1488,1598,1459,1592,1422,1577,1405,1555,1471,1551,1499,1557,1526,1560,1560,1581,1522,1573,1494,1570,1466,1564
1255,h,1,1,1277,1228,1723,1673,41.833333333333336,1217,1342,1213,1407,1213,1472,1220,1535,1244,1594,1286,1639,1340,1671,1395,1697,1454,1712,1510,1714,1557,1693,1598,1661,1628,1617,1651,1567,1669,1518,1681,1466,1687,1415,1309,1289,1351,1261,1403,1257,1453,1271,1499,1290,1557,1308,1597,1306,1638,1310,1675,1327,1692,1365,1520,1341,1520,1372,1521,1401,1521,1434,1451,1476,1477,1482,1504,1491,1529,1492,1553,1492,1357,1323,1387,1309,1418,1314,1443,1345,1412,1340,1381,1333,1565,1370,1593,1351,1623,1356,1643,1381,1620,1382,1590,1376,1390,1555,1431,1532,1473,1525,1500,1535,1527,1534,1552,1552,1568,1586,1542,1596,1513,1601,1485,1598,1457,1592,1421,1576,1405,1555,1469,1551,1496,1557,1522,1559,1556,1580,1518,1572,1492,1569,1465,1564
1256,h,1,1,1277,1228,1723,1673,41.86666666666667,1218,1339,1214,1404,1215,1469,1222,1532,1245,1592,1286,1638,1341,1670,1399,1696,1459,1711,1515,1711,1562,1690,1601,1656,1629,1610,1651,1560,1669,1512,1681,1459,1686,1409,1309,1288,1351,1261,1403,1259,1453,1272,1499,1291,1554,1308,1596,1307,1637,1311,1673,1327,1689,1363,1520,1340,1521,1371,1522,1401,1522,1433,1452,1474,1478,1482,1505,1492,1530,1492,1553,1491,1356,1323,1385,1308,1417,1314,1441,1344,1410,1339,1379,1333,1563,1370,1592,1350,1621,1355,1641,1380,1618,1381,1589,1376,1390,1555,1432,1532,1475,1525,1501,1536,1527,1534,1554,1552,1569,1586,1543,1598,1514,1603,1486,1601,1458,1595,1421,1579,1405,1555,1470,1551,1497,1558,1523,1560,1557,1581,1519,1573,1493,1571,1466,1565
1257,h,1,1,1277,1228,1723,1673,41.9,1218,1339,1214,1404,1215,1469,1222,1532,1245,1592,1286,1638,1341,1670,1399,1696,1459,1711,1515,1711,1562,1690,1601,1656,1629,1610,1651,1560,1669,1512,1681,1459,1686,1409,1309,1288,1351,1261,1403,1259,1453,1272,1499,1291,1554,1308,1596,1307,1637,1311,1673,1327,1689,1363,1520,1340,1521,1371,1522,1401,1522,1433,1452,1474,1478,1482,1505,1492,1530,1492,1553,1491,1356,1323,1385,1308,1417,1314,1441,1344,1410,1339,1379,1333,1563,1370,1592,1350,1621,1355,1641,1380,1618,1381,1589,1376,1390,1555,1432,1532,1475,1525,1501,1536,1527,1534,1554,1552,1569,1586,1543,1598,1514,1603,1486,1601,1458,1595,1421,1579,1405,1555,1470,1551,1497,1558,1523,1560,1557,1581,1519,1573,1493,1571,1466,1565
1258,h,1,1,1277,1228,1723,1673,41.93333333333333,1219,1340,1215,1405,1215,1470,1222,1533,1245,1592,1287,1638,1340,1670,1396,1697,1456,1713,1511,1713,1557,1692,1597,1658,1626,1612,1648,1562,1667,1512,1679,1461,1684,1410,1311,1287,1353,1260,1405,1258,1454,1271,1500,1292,1554,1308,1595,1306,1636,1309,1673,1325,1690,1362,1519,1340,1519,1371,1520,1401,1520,1434,1450,1474,1476,1482,1503,1492,1529,1492,1553,1491,1355,1323,1385,1308,1416,1313,1441,1344,1410,1339,1379,1333,1563,1369,1591,1349,1621,1354,1641,1379,1618,1380,1589,1375,1389,1557,1430,1533,1473,1526,1500,1536,1526,1534,1553,1552,1567,1588,1542,1600,1512,1606,1484,1604,1456,1597,1419,1581,1404,1557,1468,1552,1495,1558,1521,1560,1555,1582,1518,1578,1491,1575,1463,1569
1259,h,1,1,1277,1228,1723,1673,41.96666666666667,1218,1342,1214,1406,1215,1471,1222,1534,1244,1594,1285,1640,1339,1673,1394,1699,1454,1715,1508,1715,1554,1694,1594,1661,1623,1615,1645,1566,1665,1518,1679,1467,1686,1416,1309,1289,1350,1261,1402,1258,1452,1270,1498,1289,1555,1306,1596,1306,1637,1311,1673,1328,1690,1364,1519,1340,1519,1370,1520,1400,1521,1433,1450,1473,1475,1481,1503,1490,1528,1491,1553,1490,1355,1322,1385,1307,1417,1313,1441,1343,1410,1339,1379,1332,1563,1369,1591,1350,1621,1355,1641,1380,1618,1380,1589,1375,1388,1558,1429,1532,1473,1524,1500,1535,1526,1533,1552,1551,1566,1589,1542,1602,1512,1609,1484,1607,1455,1600,1418,1583,1403,1558,1468,1550,1496,1556,1521,1559,1555,1583,1518,1579,1491,1577,1463,1571
1260,h,1,1,1277,1228,1723,1673,42.0,1217,1340,1213,1405,1214,1471,1222,1534,1245,1593,1287,1640,1340,1673,1395,1701,1454,1717,1509,1717,1556,1694,1596,1659,1625,1612,1648,1561,1667,1512,1678,1460,1683,1410,1309,1289,1350,1261,1402,1257,1452,1269,1499,1288,1555,1306,1596,1306,1637,1310,1673,1327,1689,1364,1519,1338,1519,1369,1520,1399,1520,1432,1449,1472,1476,1480,1503,1490,1529,1490,1553,1489,1356,1322,1386,1306,1418,1312,1442,1343,1411,1339,1380,1332,1563,1369,1591,1349,1621,1354,1641,1379,1618,1381,1588,1375,1388,1557,1429,1531,1472,1524,1500,1534,1527,1533,1554,1552,1567,1589,1543,1604,1513,1610,1484,1607,1455,1600,1418,1583,1403,1557,1467,1549,1495,1556,1522,1558,1556,1584,1518,1580,1491,1578,1462,1571
1261,h,1,1,1277,1228,1723,1673,42.03333333333333,1217,1340,1213,1405,1214,1471,1222,1534,1245,1593,1287,1640,1340,1673,1395,1701,1454,1717,1509,1717,1556,1694,1596,1659,1625,1612,1648,1561,1667,1512,1678,1460,1683,1410,1309,1289,1350,1261,1402,1257,1452,1269,1499,1288,1555,1306,1596,1306,1637,1310,1673,1327,1689,1364,1519,1338,1519,1369,1520,1399,1520,1432,1449,1472,1476,1480,1503,1490,1529,1490,1553,1489,1356,1322,1386,1306,1418,1312,1442,1343,1411,1339,1380,1332,1563,1369,1591,1349,1621,1354,1641,1379,1618,1381,1588,1375,1388,1557,1429,1531,1472,1524,1500,1534,1527,1533,1554,1552,1567,1589,1543,1604,1513,1610,1484,1607,1455,1600,1418,1583,1403,1557,1467,1549,1495,1556,1522,1558,1556,1584,1518,1580,1491,1578,1462,1571
1262,h,1,1,1277,1228,1723,1673,42.06666666666667,1210,1348,1206,1412,1206,1477,1213,1541,1237,1600,1281,1645,1337,1677,1394,1703,1456,1718,1511,1717,1557,1694,1596,1660,1626,1614,1647,1564,1665,1515,1677,1465,1683,1415,1311,1286,1352,1261,1401,1257,1451,1268,1496,1286,1559,1304,1597,1303,1635,1308,1669,1324,1684,1358,1521,1338,1521,1368,1522,1398,1523,1431,1453,1472,1479,1479,1506,1489,1530,1489,1553,1488,1355,1320,1385,1305,1416,1311,1441,1341,1410,1337,1379,1330,1563,1366,1590,1345,1619,1350,1639,1376,1617,1376,1588,1372,1388,1556,1431,1530,1475,1523,1502,1533,1528,1531,1555,1549,1568,1586,1544,1601,1515,1608,1487,1605,1458,1599,1420,1582,1402,1557,1470,1549,1497,1555,1523,1557,1557,1581,1520,1579,1493,1576,1466,1570
1263,h,1,1,1277,1228,1723,1673,42.1,1212,1350,1209,1415,1210,1480,1217,1544,1243,1603,1287,1647,1343,1678,1401,1705,1462,1720,1517,1718,1562,1694,1601,1659,1629,1613,1649,1563,1666,1515,1677,1465,1681,1416,1311,1288,1352,1261,1403,1257,1452,1268,1497,1287,1557,1303,1596,1302,1635,1308,1669,1325,1683,1361,1521,1337,1521,1368,1522,1397,1524,1430,1452,1472,1479,1480,1507,1489,1531,1489,1555,1488,1356,1321,1385,1306,1417,1311,1441,1342,1411,1337,1380,1331,1563,1366,1591,1346,1620,1351,1640,1377,1617,1377,1589,1372,1388,1557,1431,1530,1476,1522,1502,1533,1529,1531,1556,1550,1570,1588,1546,1602,1517,1609,1488,1607,1459,1600,1421,1582,1403,1557,1471,1549,1498,1555,1524,1558,1558,1582,1521,1580,1494,1577,1467,1571
1264,h,1,1,1277,1228,1723,1673,42.13333333333333,1212,1350,1209,1415,1210,1480,1217,1544,1243,1603,1287,1647,1343,1678,1401,1705,1462,1720,1517,1718,1562,1694,1601,1659,1629,1613,1649,1563,1666,1515,1677,1465,1681,1416,1311,1288,1352,1261,1403,1257,1452,1268,1497,1287,1557,1303,1596,1302,1635,1308,1669,1325,1683,1361,1521,1337,1521,1368,1522,1397,1524,1430,1452,1472,1479,1480,1507,1489,1531,1489,1555,1488,1356,1321,1385,1306,1417,1311,1441,1342,1411,1337,1380,1331,1563,1366,1591,1346,1620,1351,1640,1377,1617,1377,1589,1372,1388,1557,1431,1530,1476,1522,1502,1533,1529,1531,1556,1550,1570,1588,1546,1602,1517,1609,1488,1607,1459,1600,1421,1582,1403,1557,1471,1549,1498,1555,1524,1558,1558,1582,1521,1580,1494,1577,1467,1571
1265,h,1,1,1277,1228,1723,1673,42.166666666666664,1215,1345,1210,1409,1210,1475,1217,1539,1241,1599,1285,1645,1340,1677,1397,1704,1458,1720,1514,1720,1561,1697,1601,1663,1630,1617,1651,1566,1669,1517,1680,1465,1684,1416,1313,1287,1354,1261,1404,1258,1453,1270,1499,1289,1558,1306,1597,1305,1636,1310,1671,1325,1687,1358,1522,1340,1522,1371,1522,1401,1523,1433,1451,1474,1478,1482,1506,1491,1532,1491,1555,1490,1357,1322,1386,1307,1418,1313,1442,1344,1411,1339,1380,1332,1565,1369,1593,1348,1622,1353,1642,1378,1620,1379,1591,1375,1388,1559,1430,1532,1476,1524,1502,1534,1529,1533,1557,1552,1571,1590,1547,1605,1516,1612,1488,1610,1459,1603,1420,1585,1403,1559,1471,1551,1498,1558,1524,1560,1559,1584,1521,1582,1494,1579,1467,1573
1266,h,1,1,1277,1228,1723,1673,42.2,1217,1347,1212,1412,1213,1478,1221,1542,1245,1601,1287,1647,1342,1680,1398,1707,1458,1722,1514,1722,1561,1698,1601,1664,1631,1617,1654,1567,1672,1518,1684,1467,1688,1416,1314,1291,1355,1266,1405,1262,1454,1274,1499,1293,1563,1309,1602,1308,1641,1312,1676,1328,1691,1364,1523,1343,1523,1374,1524,1404,1524,1438,1452,1476,1479,1485,1507,1495,1532,1495,1556,1494,1358,1324,1389,1309,1420,1316,1444,1347,1414,1342,1382,1335,1567,1371,1596,1351,1625,1356,1645,1381,1622,1382,1593,1378,1389,1563,1431,1535,1475,1528,1502,1538,1529,1537,1557,1556,1571,1594,1547,1610,1516,1618,1487,1615,1458,1608,1420,1589,1403,1563,1470,1555,1498,1561,1524,1564,1560,1588,1521,1587,1494,1584,1466,1578
1267,h,1,1,1236,1176,1771,1711,42.233333333333334,1210,1349,1205,1415,1205,1483,1213,1548,1241,1608,1288,1652,1346,1682,1403,1709,1462,1725,1515,1723,1561,1699,1600,1663,1629,1616,1652,1566,1672,1515,1683,1464,1687,1414,1316,1292,1359,1268,1409,1267,1459,1279,1505,1297,1563,1315,1601,1313,1640,1317,1675,1331,1691,1365,1526,1346,1525,1377,1526,1408,1526,1441,1455,1481,1483,1489,1510,1499,1535,1500,1559,1499,1360,1328,1390,1314,1421,1320,1445,1351,1415,1345,1384,1338,1570,1375,1598,1355,1627,1360,1647,1385,1624,1386,1596,1381,1388,1564,1432,1539,1477,1532,1506,1543,1533,1542,1560,1561,1575,1599,1549,1615,1519,1623,1490,1620,1461,1613,1421,1594,1403,1565,1473,1558,1501,1565,1528,1568,1562,1594,1524,1593,1497,1589,1468,1584
1268,h,1,1,1236,1176,1771,1711,42.266666666666666,1210,1349,1205,1415,1205,1483,1213,1548,1241,1608,1288,1652,1346,1682,1403,1709,1462,1725,1515,1723,1561,1699,1600,1663,1629,1616,1652,1566,1672,1515,1683,1464,1687,1414,1316,1292,1359,1268,1409,1267,1459,1279,1505,1297,1563,1315,1601,1313,1640,1317,1675,1331,1691,1365,1526,1346,1525,1377,1526,1408,1526,1441,1455,1481,1483,1489,1510,1499,1535,1500,1559,1499,1360,1328,1390,1314,1421,1320,1445,1351,1415,1345,1384,1338,1570,1375,1598,1355,1627,1360,1647,1385,1624,1386,1596,1381,1388,1564,1432,1539,1477,1532,1506,1543,1533,1542,1560,1561,1575,1599,1549,1615,1519,1623,1490,1620,1461,1613,1421,1594,1403,1565,1473,1558,1501,1565,1528,1568,1562,1594,1524,1593,1497,1589,1468,1584
1269,h,1,1,1236,1176,1771,1711,42.3,1219,1350,1214,1417,1215,1483,1224,1547,1251,1607,1296,1652,1352,1684,1407,1713,1464,1728,1516,1728,1561,1703,1601,1667,1631,1621,1656,1571,1676,1521,1688,1469,1692,1418,1322,1292,1365,1269,1415,1268,1464,1280,1508,1300,1567,1318,1604,1316,1642,1319,1676,1333,1693,1365,1529,1350,1529,1381,1530,1411,1531,1443,1458,1485,1485,1494,1513,1505,1538,1505,1562,1503,1364,1330,1393,1315,1427,1322,1450,1354,1419,1349,1387,1342,1572,1378,1601,1358,1631,1362,1651,1388,1628,1390,1599,1386,1389,1566,1433,1543,1480,1535,1508,1547,1534,1545,1562,1565,1578,1602,1551,1622,1520,1630,1492,1627,1463,1620,1422,1600,1404,1569,1475,1562,1503,1569,1529,1572,1565,1598,1526,1599,1499,1595,1471,1590
1270,h,1,1,1236,1176,1771,1711,42.333333333333336,1222,1350,1214,1416,1214,1483,1223,1548,1250,1607,1298,1652,1353,1685,1407,1715,1462,1731,1513,1731,1557,1705,1598,1669,1631,1623,1657,1573,1679,1522,1690,1469,1692,1419,1323,1292,1367,1269,1417,1268,1467,1282,1511,1302,1570,1319,1609,1317,1647,1320,1682,1334,1697,1368,1532,1353,1532,1384,1533,1414,1533,1447,1461,1488,1488,1497,1515,1507,1540,1508,1565,1506,1368,1330,1398,1316,1431,1323,1453,1356,1423,1350,1391,1342,1575,1381,1603,1360,1633,1364,1652,1390,1630,1391,1601,1387,1393,1567,1437,1546,1484,1539,1511,1550,1537,1549,1565,1568,1580,1603,1553,1623,1521,1632,1494,1630,1464,1622,1425,1602,1409,1570,1478,1566,1506,1572,1532,1576,1568,1599,1528,1601,1501,1598,1473,1592
1271,h,1,1,1236,1176,1771,1711,42.36666666666667,1223,1349,1216,1415,1216,1482,1226,1547,1254,1606,1299,1651,1355,1683,1408,1714,1465,1731,1517,1729,1561,1703,1600,1666,1631,1619,1656,1569,1676,1518,1687,1466,1689,1416,1326,1293,1368,1270,1418,1269,1467,1282,1511,1301,1571,1319,1609,1317,1646,1320,1680,1332,1696,1364,1533,1353,1533,1384,1533,1416,1533,1449,1461,1487,1489,1497,1516,1508,1541,1507,1566,1506,1369,1332,1398,1317,1431,1323,1454,1355,1424,1350,1392,1343,1575,1380,1604,1358,1633,1362,1652,1389,1630,1391,1602,1386,1399,1571,1440,1546,1485,1539,1512,1550,1539,1548,1566,1567,1580,1604,1555,1622,1525,1631,1497,1629,1468,1622,1429,1603,1413,1572,1480,1565,1508,1572,1534,1575,1568,1599,1530,1600,1504,1598,1476,1592
1272,h,1,1,1236,1176,1771,1711,42.4,1223,1349,1216,1415,1216,1482,1226,1547,1254,1606,1299,1651,1355,1683,1408,1714,1465,1731,1517,1729,1561,1703,1600,1666,1631,1619,1656,1569,1676,1518,1687,1466,1689,1416,1326,1293,1368,1270,1418,1269,1467,1282,1511,1301,1571,1319,1609,1317,1646,1320,1680,1332,1696,1364,1533,1353,1533,1384,1533,1416,1533,1449,1461,1487,1489,1497,1516,1508,1541,1507,1566,1506,1369,1332,1398,1317,1431,1323,1454,1355,1424,1350,1392,1343,1575,1380,1604,1358,1633,1362,1652,1389,1630,1391,1602,1386,1399,1571,1440,1546,1485,1539,1512,1550,1539,1548,1566,1567,1580,1604,1555,1622,1525,1631,1497,1629,1468,1622,1429,1603,1413,1572,1480,1565,1508,1572,1534,1575,1568,1599,1530,1600,1504,1598,1476,1592
1273,h,1,1,1236,1176,1771,1711,42.43333333333333,1213,1352,1206,1419,1203,1487,1212,1553,1242,1613,1290,1657,1350,1688,1408,1715,1466,1730,1518,1729,1564,1704,1603,1668,1634,1620,1658,1569,1678,1518,1688,1467,1691,1417,1323,1291,1366,1268,1416,1267,1466,1279,1511,1299,1571,1317,1609,1316,1646,1320,1678,1334,1693,1365,1534,1351,1534,1383,1535,1413,1536,1446,1462,1485,1490,1495,1518,1506,1543,1506,1568,1504,1366,1330,1396,1315,1429,1321,1453,1354,1422,1349,1390,1341,1576,1379,1604,1359,1634,1363,1653,1389,1631,1390,1602,1385,1397,1569,1442,1544,1488,1537,1514,1548,1540,1546,1568,1566,1582,1603,1557,1618,1526,1626,1498,1623,1470,1616,1431,1598,1412,1570,1483,1564,1510,1570,1535,1574,1570,1597,1531,1596,1505,1594,1478,1588
1274,h,1,1,1236,1176,1771,1711,42.46666666666667,1218,1349,1211,1415,1210,1482,1218,1547,1247,1606,1296,1650,1353,1681,1409,1706,1468,1721,1519,1719,1564,1694,1605,1659,1636,1613,1660,1563,1680,1512,1689,1461,1692,1412,1326,1285,1368,1264,1417,1264,1465,1276,1509,1294,1571,1312,1607,1311,1643,1315,1675,1325,1692,1352,1532,1347,1533,1378,1534,1408,1535,1441,1462,1482,1490,1491,1517,1501,1543,1502,1568,1500,1366,1327,1397,1311,1429,1317,1453,1351,1422,1346,1390,1338,1576,1375,1604,1354,1634,1358,1653,1384,1631,1386,1602,1381,1398,1565,1441,1540,1487,1533,1513,1543,1540,1542,1567,1561,1583,1599,1556,1614,1526,1621,1498,1618,1470,1611,1431,1593,1412,1566,1482,1559,1509,1565,1535,1568,1571,1594,1532,1592,1505,1588,1478,1583
1275,h,1,1,1277,1228,1723,1673,42.5,1229,1349,1224,1415,1224,1481,1232,1544,1256,1604,1298,1649,1352,1682,1408,1709,1468,1724,1524,1723,1571,1699,1611,1664,1639,1617,1660,1567,1677,1517,1687,1467,1691,1418,1324,1290,1364,1263,1415,1260,1464,1273,1509,1293,1571,1311,1609,1308,1648,1312,1682,1328,1695,1362,1534,1343,1534,1374,1534,1405,1535,1439,1463,1477,1490,1486,1518,1496,1543,1496,1566,1494,1369,1324,1398,1309,1430,1315,1453,1346,1423,1342,1392,1335,1576,1371,1604,1350,1633,1355,1651,1381,1630,1382,1602,1377,1397,1561,1440,1536,1486,1530,1512,1539,1538,1538,1566,1556,1580,1592,1556,1608,1525,1614,1497,1612,1469,1606,1429,1589,1411,1562,1481,1555,1508,1561,1534,1563,1569,1587,1530,1586,1503,1584,1477,1578
1276,h,1,1,1277,1228,1723,1673,42.53333333333333,1229,1349,1224,1415,1224,1481,1232,1544,1256,1604,1298,1649,1352,1682,1408,1709,1468,1724,1524,1723,1571,1699,1611,1664,1639,1617,1660,1567,1677,1517,1687,1467,1691,1418,1324,1290,1364,1263,1415,1260,1464,1273,1509,1293,1571,1311,1609,1308,1648,1312,1682,1328,1695,1362,1534,1343,1534,1374,1534,1405,1535,1439,1463,1477,1490,1486,1518,1496,1543,1496,1566,1494,1369,1324,1398,1309,1430,1315,1453,1346,1423,1342,1392,1335,1576,1371,1604,1350,1633,1355,1651,1381,1630,1382,1602,1377,1397,1561,1440,1536,1486,1530,1512,1539,1538,1538,1566,1556,1580,1592,1556,1608,1525,1614,1497,1612,1469,1606,1429,1589,1411,1562,1481,1555,1508,1561,1534,1563,1569,1587,1530,1586,1503,1584,1477,1578
1277,h,1,1,1236,1176,1771,1711,42.56666666666667,1223,1346,1215,1412,1214,1479,1222,1543,1251,1602,1298,1646,1355,1676,1413,1701,1471,1716,1524,1714,1570,1689,1610,1653,1640,1607,1663,1557,1680,1507,1689,1455,1690,1406,1327,1285,1369,1261,1418,1259,1466,1270,1510,1289,1571,1306,1608,1305,1645,1309,1678,1323,1692,1354,1535,1341,1535,1371,1537,1400,1538,1432,1464,1472,1492,1482,1519,1492,1544,1493,1568,1491,1369,1320,1400,1306,1431,1312,1454,1344,1424,1340,1393,1332,1576,1369,1604,1348,1634,1352,1652,1378,1630,1380,1602,1375,1399,1557,1442,1531,1489,1524,1514,1534,1541,1533,1569,1553,1585,1591,1558,1605,1527,1611,1499,1608,1471,1600,1432,1583,1413,1557,1484,1551,1510,1558,1536,1561,1574,1585,1532,1581,1506,1578,1479,1573
1278,h,1,1,1277,1228,1723,1673,42.6,1231,1340,1227,1406,1228,1473,1235,1535,1258,1594,1301,1639,1355,1671,1412,1699,1473,1714,1529,1712,1575,1688,1614,1653,1642,1606,1663,1557,1680,1509,1690,1460,1693,1411,1325,1283,1366,1256,1416,1253,1466,1264,1511,1284,1572,1300,1612,1300,1650,1305,1684,1322,1696,1358,1534,1335,1534,1365,1535,1395,1536,1428,1464,1469,1491,1477,1518,1487,1543,1487,1567,1487,1370,1317,1400,1302,1431,1308,1454,1340,1424,1335,1393,1328,1576,1365,1605,1345,1633,1349,1652,1375,1630,1376,1602,1371,1399,1553,1443,1528,1488,1520,1514,1531,1541,1530,1569,1549,1584,1585,1559,1599,1528,1606,1500,1604,1471,1597,1432,1580,1414,1553,1483,1547,1510,1554,1536,1556,1573,1579,1533,1576,1506,1573,1479,1567
1279,h,1,1,1277,1228,1723,1673,42.63333333333333,1231,1340,1227,1406,1228,1473,1235,1535,1258,1594,1301,1639,1355,1671,1412,1699,1473,1714,1529,1712,1575,1688,1614,1653,1642,1606,1663,1557,1680,1509,1690,1460,1693,1411,1325,1283,1366,1256,1416,1253,1466,1264,1511,1284,1572,1300,1612,1300,1650,1305,1684,1322,1696,1358,1534,1335,1534,1365,1535,1395,1536,1428,1464,1469,1491,1477,1518,1487,1543,1487,1567,1487,1370,1317,1400,1302,1431,1308,1454,1340,1424,1335,1393,1328,1576,1365,1605,1345,1633,1349,1652,1375,1630,1376,1602,1371,1399,1553,1443,1528,1488,1520,1514,1531,1541,1530,1569,1549,1584,1585,1559,1599,1528,1606,1500,1604,1471,1597,1432,1580,1414,1553,1483,1547,1510,1554,1536,1556,1573,1579,1533,1576,1506,1573,1479,1567
1280,h,1,1,1277,1228,1723,1673,42.666666666666664,1225,1345,1222,1411,1224,1477,1232,1540,1258,1598,1302,1641,1358,1672,1415,1700,1474,1715,1528,1714,1573,1690,1611,1656,1639,1611,1660,1562,1677,1513,1688,1463,1692,1413,1322,1282,1363,1255,1415,1251,1465,1264,1510,1283,1569,1299,1610,1298,1650,1303,1684,1322,1696,1360,1534,1332,1534,1363,1536,1394,1537,1427,1463,1467,1491,1475,1519,1485,1544,1485,1567,1485,1366,1316,1397,1300,1428,1306,1452,1338,1422,1333,1391,1325,1575,1363,1604,1343,1633,1348,1651,1375,1629,1374,1601,1369,1399,1550,1442,1524,1487,1517,1513,1528,1540,1527,1568,1546,1584,1582,1558,1597,1527,1603,1499,1600,1471,1594,1432,1577,1414,1551,1482,1544,1510,1550,1536,1553,1572,1577,1532,1573,1505,1570,1478,1565
1281,h,1,1,1277,1228,1723,1673,42.7,1228,1345,1225,1410,1227,1475,1235,1537,1261,1595,1305,1638,1360,1669,1417,1694,1477,1707,1530,1706,1575,1684,1613,1650,1640,1606,1661,1558,1677,1511,1688,1462,1692,1413,1324,1281,1365,1254,1416,1250,1465,1262,1509,1283,1569,1299,1609,1297,1649,1303,1683,1321,1696,1359,1533,1332,1533,1363,1535,1393,1536,1425,1463,1466,1490,1474,1518,1484,1542,1484,1565,1483,1368,1314,1398,1299,1429,1306,1453,1337,1423,1332,1392,1325,1574,1363,1603,1343,1631,1348,1650,1373,1628,1373,1600,1369,1400,1548,1442,1523,1487,1516,1513,1527,1540,1525,1568,1544,1584,1580,1558,1593,1528,1599,1500,1597,1471,1590,1432,1574,1415,1549,1482,1543,1509,1548,1536,1551,1572,1574,1533,1570,1505,1567,1478,1561
1282,h,1,1,1236,1117,1771,1652,42.733333333333334,1211,1355,1205,1419,1205,1484,1215,1547,1245,1602,1295,1641,1355,1666,1412,1691,1471,1705,1524,1705,1570,1683,1611,1648,1641,1603,1664,1556,1681,1507,1689,1457,1691,1411,1326,1275,1368,1253,1416,1252,1464,1263,1508,1283,1567,1301,1603,1298,1641,1302,1674,1314,1690,1344,1531,1332,1532,1363,1534,1392,1535,1424,1464,1466,1491,1476,1518,1486,1543,1486,1565,1484,1367,1314,1397,1298,1429,1304,1452,1336,1422,1332,1391,1324,1574,1361,1601,1340,1631,1344,1649,1371,1628,1372,1599,1367,1398,1547,1441,1523,1486,1516,1514,1527,1540,1525,1568,1543,1584,1579,1558,1592,1527,1596,1499,1594,1471,1587,1431,1572,1414,1548,1482,1542,1510,1549,1536,1551,1573,1574,1533,1568,1506,1565,1478,1560
1283,h,1,1,1236,1117,1771,1652,42.766666666666666,1211,1355,1205,1419,1205,1484,1215,1547,1245,1602,1295,1641,1355,1666,1412,1691,1471,1705,1524,1705,1570,1683,1611,1648,1641,1603,1664,1556,1681,1507,1689,1457,1691,1411,1326,1275,1368,1253,1416,1252,1464,1263,1508,1283,1567,1301,1603,1298,1641,1302,1674,1314,1690,1344,1531,1332,1532,1363,1534,1392,1535,1424,1464,1466,1491,1476,1518,1486,1543,1486,1565,1484,1367,1314,1397,1298,1429,1304,1452,1336,1422,1332,1391,1324,1574,1361,1601,1340,1631,1344,1649,1371,1628,1372,1599,1367,1398,1547,1441,1523,1486,1516,1514,1527,1540,1525,1568,1543,1584,1579,1558,1592,1527,1596,1499,1594,1471,1587,1431,1572,1414,1548,1482,1542,1510,1549,1536,1551,1573,1574,1533,1568,1506,1565,1478,1560
1284,h,1,1,1236,1117,1771,1652,42.8,1221,1342,1215,1405,1216,1471,1225,1533,1251,1591,1298,1633,1356,1662,1413,1688,1473,1703,1526,1703,1571,1679,1611,1647,1641,1603,1664,1555,1683,1507,1694,1457,1698,1409,1327,1278,1369,1255,1418,1252,1466,1264,1508,1286,1567,1302,1605,1299,1644,1305,1677,1322,1691,1356,1532,1332,1532,1363,1534,1393,1535,1425,1463,1467,1490,1476,1517,1486,1542,1486,1565,1485,1368,1315,1398,1299,1431,1306,1454,1338,1424,1334,1392,1327,1573,1363,1600,1342,1630,1348,1649,1374,1627,1375,1598,1370,1398,1546,1442,1524,1487,1517,1513,1527,1538,1526,1565,1543,1582,1579,1555,1593,1525,1598,1498,1595,1471,1589,1431,1572,1415,1547,1482,1543,1509,1549,1533,1552,1569,1573,1530,1567,1504,1565,1478,1560
1285,h,1,1,1277,1228,1723,1673,42.833333333333336,1228,1347,1223,1413,1225,1479,1231,1542,1254,1599,1297,1643,1352,1673,1410,1697,1470,1711,1525,1711,1571,1689,1609,1656,1636,1613,1657,1565,1674,1517,1685,1467,1691,1418,1323,1284,1365,1257,1416,1252,1466,1263,1510,1283,1571,1299,1611,1299,1650,1306,1683,1323,1695,1360,1533,1334,1533,1364,1534,1394,1535,1426,1462,1468,1490,1476,1517,1486,1542,1486,1566,1486,1367,1318,1398,1302,1430,1308,1454,1340,1424,1336,1392,1328,1573,1365,1602,1345,1631,1350,1650,1376,1628,1377,1599,1371,1397,1549,1441,1525,1485,1518,1512,1528,1539,1527,1566,1546,1583,1580,1557,1592,1527,1597,1498,1595,1469,1588,1431,1573,1413,1549,1480,1543,1508,1550,1535,1552,1571,1575,1532,1568,1504,1565,1476,1560
1286,h,1,1,1277,1228,1723,1673,42.86666666666667,1226,1345,1222,1410,1225,1474,1232,1535,1257,1593,1300,1636,1355,1666,1412,1691,1471,1705,1525,1705,1570,1684,1608,1652,1636,1609,1657,1561,1674,1514,1685,1464,1690,1416,1323,1284,1365,1258,1415,1255,1464,1267,1508,1287,1568,1303,1608,1302,1646,1308,1679,1324,1693,1357,1532,1335,1532,1366,1533,1397,1534,1429,1462,1470,1489,1478,1516,1487,1541,1488,1565,1487,1366,1319,1397,1304,1428,1311,1452,1342,1422,1337,1390,1330,1573,1366,1602,1346,1631,1351,1650,1376,1628,1377,1600,1372,1396,1550,1440,1527,1483,1521,1511,1531,1539,1530,1565,1547,1581,1581,1556,1594,1526,1600,1497,1598,1467,1591,1429,1575,1411,1551,1479,1545,1507,1551,1534,1554,1569,1576,1531,1571,1503,1568,1475,1562
1287,h,1,1,1277,1228,1723,1673,42.9,1226,1345,1222,1410,1225,1474,1232,1535,1257,1593,1300,1636,1355,1666,1412,1691,1471,1705,1525,1705,1570,1684,1608,1652,1636,1609,1657,1561,1674,1514,1685,1464,1690,1416,1323,1284,1365,1258,1415,1255,1464,1267,1508,1287,1568,1303,1608,1302,1646,1308,1679,1324,1693,1357,1532,1335,1532,1366,1533,1397,1534,1429,1462,1470,1489,1478,1516,1487,1541,1488,1565,1487,1366,1319,1397,1304,1428,1311,1452,1342,1422,1337,1390,1330,1573,1366,1602,1346,1631,1351,1650,1376,1628,1377,1600,1372,1396,1550,1440,1527,1483,1521,1511,1531,1539,1530,1565,1547,1581,1581,1556,1594,1526,1600,1497,1598,1467,1591,1429,1575,1411,1551,1479,1545,1507,1551,1534,1554,1569,1576,1531,1571,1503,1568,1475,1562
1288,h,1,1,1277,1228,1723,1673,42.93333333333333,1231,1341,1227,1405,1228,1470,1235,1532,1258,1590,1298,1635,1352,1668,1410,1694,1470,1708,1526,1707,1573,1685,1612,1652,1639,1607,1659,1558,1675,1510,1685,1460,1690,1411,1321,1289,1362,1261,1414,1256,1465,1268,1510,1287,1567,1303,1607,1304,1645,1309,1678,1326,1690,1361,1532,1337,1532,1368,1532,1398,1533,1432,1461,1470,1489,1479,1516,1488,1541,1488,1565,1487,1368,1320,1398,1305,1430,1311,1453,1343,1423,1339,1391,1331,1573,1367,1601,1347,1630,1351,1649,1376,1627,1378,1599,1373,1396,1553,1439,1529,1483,1522,1510,1532,1538,1531,1565,1549,1580,1584,1554,1597,1525,1602,1496,1599,1467,1593,1428,1577,1410,1553,1478,1547,1506,1554,1533,1556,1568,1578,1529,1573,1502,1570,1474,1565
1289,h,1,1,1236,1176,1771,1711,42.96666666666667,1217,1346,1208,1412,1207,1479,1216,1543,1245,1601,1293,1643,1352,1672,1409,1697,1467,1711,1519,1711,1564,1688,1605,1653,1635,1607,1658,1558,1677,1509,1686,1458,1688,1409,1326,1281,1369,1259,1417,1257,1465,1270,1509,1289,1570,1306,1606,1305,1642,1309,1674,1323,1689,1353,1532,1339,1533,1370,1534,1399,1535,1431,1462,1473,1490,1482,1517,1491,1542,1492,1566,1490,1367,1321,1398,1307,1429,1313,1452,1345,1422,1340,1391,1332,1574,1369,1602,1349,1631,1353,1649,1377,1628,1379,1600,1375,1398,1557,1442,1531,1488,1523,1514,1534,1540,1532,1567,1551,1582,1589,1555,1602,1526,1608,1498,1606,1470,1599,1431,1583,1412,1557,1483,1550,1510,1556,1535,1559,1571,1583,1531,1579,1505,1576,1478,1571
1290,h,1,1,1236,1176,1771,1711,43.0,1217,1346,1209,1412,1210,1479,1219,1544,1249,1603,1298,1646,1357,1677,1413,1702,1473,1717,1525,1714,1569,1689,1608,1652,1637,1606,1661,1557,1681,1507,1690,1456,1691,1407,1327,1281,1369,1259,1417,1258,1465,1269,1508,1289,1568,1305,1605,1305,1642,1309,1674,1322,1688,1353,1532,1339,1533,1370,1534,1399,1535,1432,1462,1473,1490,1482,1517,1492,1542,1492,1566,1491,1369,1321,1398,1305,1430,1312,1452,1344,1423,1339,1392,1331,1573,1368,1602,1347,1631,1351,1649,1377,1628,1378,1600,1374,1396,1560,1439,1532,1486,1524,1513,1534,1540,1533,1568,1553,1581,1592,1557,1608,1527,1616,1498,1613,1469,1607,1429,1589,1410,1560,1482,1551,1509,1557,1535,1559,1569,1586,1532,1586,1504,1583,1477,1578
1291,h,1,1,1236,1176,1771,1711,43.03333333333333,1217,1346,1209,1412,1210,1479,1219,1544,1249,1603,1298,1646,1357,1677,1413,1702,1473,1717,1525,1714,1569,1689,1608,1652,1637,1606,1661,1557,1681,1507,1690,1456,1691,1407,1327,1281,1369,1259,1417,1258,1465,1269,1508,1289,1568,1305,1605,1305,1642,1309,1674,1322,1688,1353,1532,1339,1533,1370,1534,1399,1535,1432,1462,1473,1490,1482,1517,1492,1542,1492,1566,1491,1369,1321,1398,1305,1430,1312,1452,1344,1423,1339,1392,1331,1573,1368,1602,1347,1631,1351,1649,1377,1628,1378,1600,1374,1396,1560,1439,1532,1486,1524,1513,1534,1540,1533,1568,1553,1581,1592,1557,1608,1527,1616,1498,1613,1469,1607,1429,1589,1410,1560,1482,1551,1509,1557,1535,1559,1569,1586,1532,1586,1504,1583,1477,1578
1292,h,1,1,1277,1228,1723,1673,43.06666666666667,1231,1335,1225,1401,1226,1468,1233,1532,1257,1592,1299,1639,1352,1672,1407,1701,1467,1717,1522,1715,1568,1690,1607,1655,1636,1608,1659,1559,1677,1510,1688,1459,1693,1409,1323,1284,1365,1259,1416,1256,1466,1269,1510,1289,1568,1306,1609,1304,1648,1308,1683,1325,1697,1360,1532,1340,1532,1370,1533,1400,1533,1432,1461,1472,1488,1480,1516,1490,1540,1490,1564,1489,1368,1320,1398,1305,1429,1312,1453,1343,1423,1339,1392,1331,1575,1367,1602,1347,1631,1352,1650,1377,1628,1378,1600,1374,1395,1556,1438,1531,1484,1524,1510,1534,1537,1532,1565,1551,1579,1588,1554,1605,1524,1612,1496,1610,1468,1604,1428,1587,1409,1558,1479,1550,1506,1556,1532,1558,1568,1583,1529,1583,1502,1580,1475,1575
1293,h,1,1,1277,1228,1723,1673,43.1,1229,1339,1224,1405,1226,1471,1233,1534,1257,1593,1299,1640,1353,1673,1411,1700,1472,1714,1528,1714,1574,1690,1612,1654,1639,1608,1660,1560,1678,1511,1688,1461,1692,1411,1325,1282,1365,1257,1415,1254,1463,1265,1507,1285,1569,1301,1609,1300,1648,1305,1682,1321,1694,1357,1531,1335,1532,1367,1533,1397,1534,1431,1461,1470,1489,1479,1516,1489,1542,1489,1565,1488,1368,1319,1397,1303,1429,1309,1452,1341,1422,1336,1391,1329,1574,1365,1602,1344,1631,1349,1650,1375,1628,1376,1600,1371,1396,1554,1440,1528,1484,1521,1510,1532,1537,1530,1565,1549,1581,1586,1555,1601,1525,1607,1497,1605,1468,1599,1429,1582,1411,1555,1479,1548,1506,1554,1533,1557,1569,1580,1530,1576,1502,1574,1475,1568
1294,h,1,1,1277,1228,1723,1673,43.13333333333333,1229,1339,1224,1405,1226,1471,1233,1534,1257,1593,1299,1640,1353,1673,1411,1700,1472,1714,1528,1714,1574,1690,1612,1654,1639,1608,1660,1560,1678,1511,1688,1461,1692,1411,1325,1282,1365,1257,1415,1254,1463,1265,1507,1285,1569,1301,1609,1300,1648,1305,1682,1321,1694,1357,1531,1335,1532,1367,1533,1397,1534,1431,1461,1470,1489,1479,1516,1489,1542,1489,1565,1488,1368,1319,1397,1303,1429,1309,1452,1341,1422,1336,1391,1329,1574,1365,1602,1344,1631,1349,1650,1375,1628,1376,1600,1371,1396,1554,1440,1528,1484,1521,1510,1532,1537,1530,1565,1549,1581,1586,1555,1601,1525,1607,1497,1605,1468,1599,1429,1582,1411,1555,1479,1548,1506,1554,1533,1557,1569,1580,1530,1576,1502,1574,1475,1568
1295,h,1,1,1277,1228,1723,1673,43.166666666666664,1227,1342,1223,1407,1226,1472,1234,1535,1258,1594,1301,1639,1355,1670,1412,1696,1471,1710,1525,1709,1571,1687,1610,1653,1637,1607,1657,1558,1674,1510,1685,1460,1689,1411,1325,1281,1366,1256,1416,1253,1464,1265,1507,1285,1568,1301,1606,1300,1644,1305,1676,1320,1689,1353,1531,1335,1532,1366,1533,1396,1535,1429,1463,1470,1490,1478,1517,1488,1542,1488,1564,1487,1368,1318,1397,1303,1429,1309,1453,1340,1423,1336,1391,1329,1573,1365,1601,1344,1630,1349,1648,1375,1627,1376,1599,1371,1396,1552,1441,1527,1486,1520,1511,1531,1538,1529,1565,1548,1580,1582,1555,1596,1525,1603,1497,1601,1469,1595,1430,1579,1411,1553,1481,1546,1507,1553,1534,1555,1568,1577,1530,1573,1503,1571,1476,1565
1296,h,1,1,1277,1228,1723,1673,43.2,1223,1341,1218,1407,1220,1473,1227,1536,1252,1595,1297,1640,1353,1671,1412,1696,1472,1709,1527,1707,1571,1685,1608,1652,1635,1607,1656,1559,1672,1510,1682,1460,1686,1411,1324,1281,1366,1256,1417,1254,1465,1266,1509,1286,1567,1303,1604,1301,1640,1305,1673,1317,1687,1347,1531,1336,1532,1367,1534,1397,1536,1429,1462,1470,1490,1479,1517,1488,1542,1488,1565,1487,1368,1318,1398,1304,1430,1309,1453,1340,1423,1336,1392,1329,1572,1365,1601,1344,1629,1349,1647,1374,1627,1375,1599,1370,1396,1552,1441,1527,1485,1520,1511,1531,1537,1529,1564,1547,1579,1582,1554,1596,1525,1602,1498,1600,1470,1594,1431,1578,1411,1553,1481,1547,1507,1552,1533,1555,1567,1577,1530,1573,1504,1571,1477,1566
1297,h,1,1,1277,1228,1723,1673,43.233333333333334,1224,1341,1220,1406,1222,1471,1229,1535,1253,1594,1296,1638,1352,1670,1410,1695,1470,1709,1525,1708,1571,1686,1609,1652,1636,1607,1656,1557,1672,1509,1683,1459,1687,1410,1321,1283,1363,1258,1414,1254,1463,1267,1507,1287,1566,1303,1603,1301,1641,1306,1673,1321,1686,1354,1530,1337,1530,1368,1532,1397,1533,1430,1461,1470,1488,1479,1515,1488,1540,1488,1563,1487,1365,1319,1395,1303,1427,1310,1451,1341,1420,1337,1389,1329,1570,1365,1599,1344,1628,1349,1646,1374,1625,1375,1597,1371,1397,1552,1440,1528,1484,1521,1510,1532,1537,1530,1564,1548,1578,1582,1554,1596,1525,1601,1496,1600,1468,1593,1430,1577,1412,1553,1479,1547,1506,1553,1533,1555,1567,1577,1529,1573,1502,1570,1475,1565
1298,h,1,1,1277,1228,1723,1673,43.266666666666666,1224,1341,1220,1406,1222,1471,1229,1535,1253,1594,1296,1638,1352,1670,1410,1695,1470,1709,1525,1708,1571,1686,1609,1652,1636,1607,1656,1557,1672,1509,1683,1459,1687,1410,1321,1283,1363,1258,1414,1254,1463,1267,1507,1287,1566,1303,1603,1301,1641,1306,1673,1321,1686,1354,1530,1337,1530,1368,1532,1397,1533,1430,1461,1470,1488,1479,1515,1488,1540,1488,1563,1487,1365,1319,1395,1303,1427,1310,1451,1341,1420,1337,1389,1329,1570,1365,1599,1344,1628,1349,1646,1374,1625,1375,1597,1371,1397,1552,1440,1528,1484,1521,1510,1532,1537,1530,1564,1548,1578,1582,1554,1596,1525,1601,1496,1600,1468,1593,1430,1577,1412,1553,1479,1547,1506,1553,1533,1555,1567,1577,1529,1573,1502,1570,1475,1565
1299,h,1,1,1277,1228,1723,1673,43.3,1224,1342,1221,1408,1224,1473,1231,1536,1255,1595,1298,1641,1355,1672,1412,1698,1472,1712,1528,1710,1575,1686,1613,1652,1640,1606,1659,1556,1676,1508,1687,1457,1691,1407,1316,1289,1356,1261,1407,1256,1457,1267,1503,1286,1562,1302,1603,1301,1642,1306,1677,1323,1692,1359,1527,1336,1527,1367,1528,1398,1529,1431,1458,1471,1485,1480,1512,1490,1537,1490,1561,1489,1362,1320,1391,1304,1424,1310,1447,1342,1417,1338,1386,1331,1569,1366,1597,1345,1627,1350,1647,1375,1625,1377,1596,1372,1395,1553,1438,1529,1481,1523,1508,1533,1535,1532,1563,1550,1580,1585,1553,1598,1523,1603,1495,1600,1465,1594,1427,1578,1409,1553,1477,1549,1505,1555,1531,1557,1568,1579,1528,1573,1500,1571,1472,1565
1300,h,1,1,1277,1228,1723,1673,43.333333333333336,1223,1345,1219,1410,1221,1475,1230,1538,1253,1597,1296,1642,1352,1673,1409,1698,1470,1711,1525,1709,1573,1687,1612,1654,1640,1608,1659,1558,1676,1509,1686,1459,1690,1410,1317,1288,1358,1261,1408,1256,1458,1267,1504,1286,1562,1302,1603,1300,1642,1305,1677,1321,1692,1358,1526,1337,1526,1368,1526,1399,1527,1432,1456,1473,1484,1481,1511,1491,1536,1491,1560,1489,1362,1322,1392,1306,1424,1312,1448,1343,1418,1339,1386,1332,1569,1367,1597,1345,1626,1350,1646,1375,1624,1377,1595,1372,1393,1554,1436,1530,1480,1524,1507,1534,1533,1532,1561,1551,1578,1584,1552,1597,1521,1603,1493,1601,1464,1594,1427,1579,1408,1554,1475,1550,1503,1556,1529,1559,1567,1580,1526,1574,1499,1572,1471,1566
1301,h,1,1,1277,1228,1723,1673,43.36666666666667,1222,1342,1219,1408,1221,1473,1231,1536,1255,1595,1297,1641,1352,1673,1409,1700,1469,1714,1524,1713,1569,1689,1608,1654,1635,1607,1656,1557,1673,1507,1683,1456,1687,1405,1315,1290,1355,1262,1407,1257,1457,1268,1503,1288,1561,1303,1602,1301,1642,1305,1678,1322,1691,1360,1525,1338,1526,1369,1527,1400,1528,1434,1457,1473,1484,1482,1512,1491,1537,1491,1560,1489,1361,1323,1391,1308,1423,1313,1447,1345,1417,1341,1385,1335,1568,1367,1596,1347,1626,1351,1645,1376,1623,1379,1594,1374,1393,1553,1438,1531,1481,1525,1507,1535,1533,1533,1560,1551,1576,1584,1550,1598,1521,1604,1494,1602,1466,1596,1428,1579,1408,1554,1476,1550,1503,1556,1529,1559,1565,1579,1526,1575,1499,1573,1473,1567
1302,h,1,1,1277,1228,1723,1673,43.4,1222,1342,1219,1408,1221,1473,1231,1536,1255,1595,1297,1641,1352,1673,1409,1700,1469,1714,1524,1713,1569,1689,1608,1654,1635,1607,1656,1557,1673,1507,1683,1456,1687,1405,1315,1290,1355,1262,1407,1257,1457,1268,1503,1288,1561,1303,1602,1301,1642,1305,1678,1322,1691,1360,1525,1338,1526,1369,1527,1400,1528,1434,1457,1473,1484,1482,1512,1491,1537,1491,1560,1489,1361,1323,1391,1308,1423,1313,1447,1345,1417,1341,1385,1335,1568,1367,1596,1347,1626,1351,1645,1376,1623,1379,1594,1374,1393,1553,1438,1531,1481,1525,1507,1535,1533,1533,1560,1551,1576,1584,1550,1598,1521,1604,1494,1602,1466,1596,1428,1579,1408,1554,1476,1550,1503,1556,1529,1559,1565,1579,1526,1575,1499,1573,1473,1567
1303,h,1,1,1277,1228,1723,1673,43.43333333333333,1220,1339,1216,1406,1218,1472,1226,1536,1250,1595,1292,1641,1347,1673,1404,1700,1465,1714,1521,1714,1568,1690,1606,1657,1634,1610,1654,1561,1671,1512,1681,1461,1686,1411,1314,1289,1355,1261,1406,1258,1456,1270,1501,1290,1561,1307,1600,1304,1639,1308,1674,1323,1689,1359,1524,1340,1525,1371,1526,1402,1527,1434,1455,1473,1482,1483,1510,1493,1535,1492,1559,1490,1359,1323,1389,1308,1421,1314,1446,1346,1415,1342,1384,1335,1567,1369,1595,1348,1624,1352,1644,1378,1622,1380,1593,1375,1392,1554,1436,1531,1479,1526,1505,1535,1531,1534,1559,1551,1576,1585,1549,1599,1518,1604,1491,1602,1463,1595,1426,1579,1407,1554,1475,1551,1501,1557,1526,1559,1564,1580,1523,1576,1497,1573,1471,1567
1304,h,1,1,1277,1228,1723,1673,43.46666666666667,1218,1343,1214,1408,1216,1473,1224,1537,1248,1596,1291,1640,1346,1671,1403,1696,1463,1710,1518,1709,1565,1688,1604,1655,1632,1610,1653,1562,1670,1513,1680,1463,1684,1414,1316,1284,1358,1260,1408,1257,1457,1269,1501,1289,1561,1306,1599,1303,1637,1307,1669,1321,1684,1354,1524,1340,1525,1371,1526,1401,1528,1433,1456,1475,1483,1483,1510,1492,1535,1492,1558,1491,1359,1323,1389,1307,1421,1313,1445,1345,1414,1341,1383,1334,1567,1369,1595,1347,1625,1351,1644,1377,1622,1379,1593,1375,1389,1555,1435,1532,1480,1526,1505,1535,1531,1534,1558,1551,1574,1584,1548,1598,1518,1605,1491,1603,1463,1597,1425,1580,1404,1556,1475,1551,1501,1557,1526,1559,1562,1580,1523,1576,1497,1574,1470,1569
1305,h,1,1,1277,1228,1723,1673,43.5,1219,1341,1215,1407,1217,1473,1226,1536,1251,1595,1292,1641,1345,1673,1400,1701,1458,1716,1512,1716,1558,1693,1597,1660,1627,1614,1650,1565,1669,1516,1681,1465,1686,1415,1314,1286,1355,1260,1405,1257,1454,1269,1498,1289,1561,1306,1600,1303,1640,1306,1675,1321,1690,1357,1524,1339,1524,1371,1525,1401,1525,1434,1454,1475,1481,1483,1508,1493,1533,1493,1557,1491,1359,1324,1389,1308,1421,1314,1445,1345,1415,1342,1383,1335,1568,1368,1595,1347,1625,1352,1644,1377,1623,1379,1593,1375,1390,1556,1433,1532,1478,1525,1504,1535,1529,1534,1557,1551,1572,1586,1547,1603,1516,1610,1489,1608,1461,1601,1422,1584,1404,1557,1473,1551,1499,1557,1524,1559,1561,1581,1521,1580,1495,1578,1469,1572
1306,h,1,1,1277,1228,1723,1673,43.53333333333333,1219,1341,1215,1407,1217,1473,1226,1536,1251,1595,1292,1641,1345,1673,1400,1701,1458,1716,1512,1716,1558,1693,1597,1660,1627,1614,1650,1565,1669,1516,1681,1465,1686,1415,1314,1286,1355,1260,1405,1257,1454,1269,1498,1289,1561,1306,1600,1303,1640,1306,1675,1321,1690,1357,1524,1339,1524,1371,1525,1401,1525,1434,1454,1475,1481,1483,1508,1493,1533,1493,1557,1491,1359,1324,1389,1308,1421,1314,1445,1345,1415,1342,1383,1335,1568,1368,1595,1347,1625,1352,1644,1377,1623,1379,1593,1375,1390,1556,1433,1532,1478,1525,1504,1535,1529,1534,1557,1551,1572,1586,1547,1603,1516,1610,1489,1608,1461,1601,1422,1584,1404,1557,1473,1551,1499,1557,1524,1559,1561,1581,1521,1580,1495,1578,1469,1572
1307,h,1,1,1277,1228,1723,1673,43.56666666666667,1216,1341,1212,1407,1215,1474,1225,1538,1251,1598,1294,1644,1348,1678,1404,1706,1464,1720,1518,1718,1563,1694,1601,1658,1629,1610,1651,1560,1671,1511,1682,1460,1685,1410,1316,1282,1358,1258,1408,1256,1457,1267,1502,1287,1558,1304,1596,1301,1634,1305,1667,1319,1683,1351,1523,1339,1524,1370,1525,1401,1527,1434,1454,1475,1481,1484,1509,1493,1535,1493,1559,1490,1358,1323,1389,1308,1421,1313,1445,1345,1414,1341,1383,1334,1566,1368,1594,1347,1624,1351,1643,1377,1621,1378,1592,1374,1389,1561,1433,1534,1479,1526,1505,1536,1530,1534,1559,1553,1573,1590,1549,1611,1517,1620,1490,1619,1461,1612,1422,1593,1404,1562,1474,1553,1501,1559,1526,1561,1561,1586,1522,1589,1496,1587,1469,1582
1308,h,1,1,1277,1228,1723,1673,43.6,1218,1343,1215,1409,1218,1476,1228,1539,1252,1599,1294,1646,1348,1680,1403,1706,1463,1720,1517,1718,1562,1694,1601,1659,1629,1611,1651,1561,1671,1511,1682,1460,1686,1410,1315,1284,1357,1260,1407,1257,1456,1269,1500,1288,1560,1304,1598,1302,1635,1306,1669,1320,1684,1352,1523,1339,1523,1370,1525,1400,1526,1433,1455,1475,1482,1483,1509,1492,1535,1492,1558,1490,1356,1323,1388,1307,1420,1312,1444,1345,1414,1341,1381,1334,1567,1368,1595,1346,1625,1349,1645,1376,1623,1378,1593,1374,1390,1560,1433,1534,1479,1525,1505,1535,1531,1534,1559,1553,1573,1591,1548,1613,1517,1622,1489,1621,1461,1614,1421,1594,1404,1562,1474,1552,1501,1558,1526,1560,1561,1586,1522,1591,1496,1589,1469,1584
1309,h,1,1,1277,1228,1723,1673,43.63333333333333,1218,1343,1215,1409,1218,1476,1228,1539,1252,1599,1294,1646,1348,1680,1403,1706,1463,1720,1517,1718,1562,1694,1601,1659,1629,1611,1651,1561,1671,1511,1682,1460,1686,1410,1315,1284,1357,1260,1407,1257,1456,1269,1500,1288,1560,1304,1598,1302,1635,1306,1669,1320,1684,1352,1523,1339,1523,1370,1525,1400,1526,1433,1455,1475,1482,1483,1509,1492,1535,1492,1558,1490,1356,1323,1388,1307,1420,1312,1444,1345,1414,1341,1381,1334,1567,1368,1595,1346,1625,1349,1645,1376,1623,1378,1593,1374,1390,1560,1433,1534,1479,1525,1505,1535,1531,1534,1559,1553,1573,1591,1548,1613,1517,1622,1489,1621,1461,1614,1421,1594,1404,1562,1474,1552,1501,1558,1526,1560,1561,1586,1522,1591,1496,1589,1469,1584
1310,h,1,1,1277,1228,1723,1673,43.666666666666664,1221,1340,1217,1407,1219,1474,1229,1538,1254,1598,1297,1646,1351,1680,1406,1708,1467,1722,1521,1720,1566,1694,1604,1657,1632,1609,1654,1559,1673,1510,1685,1459,1689,1408,1318,1284,1359,1259,1409,1256,1458,1268,1502,1288,1561,1304,1600,1301,1639,1305,1674,1320,1689,1354,1523,1338,1524,1370,1525,1401,1526,1434,1456,1475,1482,1483,1510,1492,1535,1492,1559,1490,1360,1323,1390,1307,1422,1312,1445,1344,1415,1341,1383,1334,1568,1367,1596,1345,1626,1350,1645,1376,1623,1377,1594,1373,1389,1564,1432,1535,1478,1526,1505,1535,1532,1534,1560,1553,1574,1592,1550,1613,1519,1624,1491,1622,1461,1615,1421,1596,1404,1565,1474,1553,1501,1559,1527,1561,1562,1588,1524,1592,1497,1590,1469,1585
1311,h,1,1,1277,1228,1723,1673,43.7,1221,1343,1217,1408,1219,1475,1228,1539,1252,1600,1295,1647,1349,1682,1405,1709,1467,1723,1523,1722,1568,1697,1605,1659,1632,1611,1652,1559,1671,1510,1682,1458,1686,1408,1319,1284,1360,1260,1410,1257,1459,1269,1503,1288,1561,1304,1599,1302,1637,1306,1671,1321,1685,1354,1525,1338,1526,1370,1527,1401,1529,1434,1457,1475,1485,1484,1512,1493,1537,1493,1560,1491,1360,1322,1390,1306,1423,1311,1446,1345,1416,1340,1384,1333,1568,1367,1596,1345,1625,1349,1644,1375,1623,1378,1594,1373,1391,1563,1435,1535,1481,1526,1508,1536,1534,1534,1562,1554,1575,1593,1552,1614,1521,1623,1493,1621,1465,1614,1424,1595,1406,1564,1476,1554,1504,1559,1529,1562,1564,1588,1526,1591,1500,1589,1472,1584
1312,h,1,1,1277,1228,1723,1673,43.733333333333334,1218,1343,1214,1409,1217,1475,1226,1540,1251,1600,1294,1647,1348,1681,1405,1708,1467,1723,1524,1720,1569,1694,1607,1656,1634,1607,1654,1556,1673,1506,1683,1456,1686,1406,1317,1282,1360,1260,1410,1258,1458,1270,1502,1289,1564,1305,1600,1303,1637,1307,1670,1319,1687,1348,1525,1339,1526,1371,1528,1402,1530,1435,1458,1476,1485,1484,1512,1494,1537,1493,1561,1491,1361,1323,1391,1307,1423,1312,1446,1345,1416,1340,1385,1333,1569,1367,1597,1346,1626,1350,1645,1376,1624,1377,1595,1373,1392,1560,1436,1534,1482,1526,1509,1536,1535,1535,1563,1553,1577,1590,1553,1609,1522,1617,1495,1615,1466,1609,1425,1591,1407,1562,1477,1554,1505,1559,1530,1562,1565,1585,1528,1586,1501,1584,1473,1579
1313,h,1,1,1277,1228,1723,1673,43.766666666666666,1218,1343,1214,1409,1217,1475,1226,1540,1251,1600,1294,1647,1348,1681,1405,1708,1467,1723,1524,1720,1569,1694,1607,1656,1634,1607,1654,1556,1673,1506,1683,1456,1686,1406,1317,1282,1360,1260,1410,1258,1458,1270,1502,1289,1564,1305,1600,1303,1637,1307,1670,1319,1687,1348,1525,1339,1526,1371,1528,1402,1530,1435,1458,1476,1485,1484,1512,1494,1537,1493,1561,1491,1361,1323,1391,1307,1423,1312,1446,1345,1416,1340,1385,1333,1569,1367,1597,1346,1626,1350,1645,1376,1624,1377,1595,1373,1392,1560,1436,1534,1482,1526,1509,1536,1535,1535,1563,1553,1577,1590,1553,1609,1522,1617,1495,1615,1466,1609,1425,1591,1407,1562,1477,1554,1505,1559,1530,1562,1565,1585,1528,1586,1501,1584,1473,1579
1314,h,1,1,1277,1228,1723,1673,43.8,1220,1343,1216,1410,1217,1476,1225,1541,1250,1602,1293,1648,1349,1681,1406,1707,1468,1721,1524,1718,1570,1694,1608,1659,1634,1611,1653,1561,1671,1512,1682,1462,1687,1413,1318,1288,1359,1261,1410,1257,1461,1268,1505,1288,1565,1304,1604,1302,1642,1307,1675,1323,1689,1358,1528,1338,1529,1370,1530,1401,1531,1435,1459,1476,1486,1484,1514,1493,1539,1493,1563,1491,1361,1323,1392,1308,1424,1314,1448,1345,1418,1341,1386,1334,1571,1367,1599,1347,1628,1352,1647,1377,1626,1379,1597,1374,1393,1558,1438,1534,1483,1527,1510,1537,1536,1536,1563,1553,1578,1587,1554,1604,1523,1610,1496,1609,1467,1602,1428,1585,1409,1559,1479,1553,1506,1559,1531,1561,1567,1583,1528,1581,1502,1579,1475,1573
1315,h,1,1,1277,1228,1723,1673,43.833333333333336,1220,1347,1218,1414,1220,1480,1228,1544,1252,1603,1295,1648,1350,1680,1409,1704,1470,1718,1526,1716,1572,1692,1610,1656,1637,1609,1657,1559,1674,1510,1683,1460,1686,1410,1317,1287,1358,1261,1409,1257,1459,1269,1504,1288,1564,1303,1602,1302,1639,1307,1672,1321,1688,1353,1528,1338,1528,1370,1530,1401,1532,1435,1459,1475,1486,1484,1514,1494,1540,1493,1564,1492,1361,1324,1392,1308,1424,1314,1449,1346,1418,1342,1386,1335,1569,1368,1598,1347,1627,1352,1647,1377,1625,1379,1596,1375,1394,1555,1440,1533,1485,1527,1511,1537,1537,1535,1564,1553,1580,1586,1555,1601,1524,1606,1496,1604,1468,1598,1429,1582,1410,1556,1480,1553,1507,1559,1533,1561,1568,1581,1529,1578,1502,1575,1475,1570
1316,h,1,1,1277,1228,1723,1673,43.86666666666667,1223,1346,1219,1411,1222,1476,1229,1540,1253,1599,1296,1644,1351,1676,1409,1702,1470,1716,1526,1714,1573,1691,1611,1656,1639,1609,1659,1558,1675,1509,1685,1458,1689,1408,1317,1290,1358,1263,1409,1258,1460,1270,1506,1290,1565,1305,1604,1304,1643,1308,1677,1325,1692,1359,1529,1339,1530,1371,1531,1402,1532,1435,1461,1475,1488,1483,1515,1493,1540,1492,1564,1491,1363,1324,1393,1308,1424,1314,1449,1345,1418,1341,1387,1334,1571,1368,1599,1348,1628,1352,1648,1377,1626,1379,1597,1374,1395,1554,1440,1533,1484,1527,1511,1537,1538,1536,1566,1554,1582,1586,1556,1599,1526,1604,1498,1601,1469,1595,1430,1579,1411,1555,1480,1552,1507,1559,1534,1561,1571,1581,1531,1575,1504,1572,1476,1567
1317,h,1,1,1277,1228,1723,1673,43.9,1223,1346,1219,1411,1222,1476,1229,1540,1253,1599,1296,1644,1351,1676,1409,1702,1470,1716,1526,1714,1573,1691,1611,1656,1639,1609,1659,1558,1675,1509,1685,1458,1689,1408,1317,1290,1358,1263,1409,1258,1460,1270,1506,1290,1565,1305,1604,1304,1643,1308,1677,1325,1692,1359,1529,1339,1530,1371,1531,1402,1532,1435,1461,1475,1488,1483,1515,1493,1540,1492,1564,1491,1363,1324,1393,1308,1424,1314,1449,1345,1418,1341,1387,1334,1571,1368,1599,1348,1628,1352,1648,1377,1626,1379,1597,1374,1395,1554,1440,1533,1484,1527,1511,1537,1538,1536,1566,1554,1582,1586,1556,1599,1526,1604,1498,1601,1469,1595,1430,1579,1411,1555,1480,1552,1507,1559,1534,1561,1571,1581,1531,1575,1504,1572,1476,1567
1318,h,1,1,1277,1228,1723,1673,43.93333333333333,1225,1341,1222,1407,1224,1473,1231,1536,1254,1596,1296,1642,1351,1675,1408,1700,1470,1714,1527,1711,1574,1689,1613,1654,1639,1608,1659,1558,1676,1509,1686,1458,1690,1409,1318,1289,1359,1262,1410,1258,1460,1270,1506,1289,1568,1307,1606,1305,1645,1309,1680,1325,1693,1360,1531,1340,1531,1371,1531,1402,1532,1435,1460,1475,1487,1483,1516,1492,1542,1492,1566,1491,1365,1323,1395,1308,1426,1314,1451,1345,1420,1341,1389,1334,1573,1368,1601,1348,1630,1352,1649,1377,1628,1379,1599,1374,1396,1554,1441,1533,1485,1527,1512,1537,1539,1536,1566,1552,1582,1584,1556,1597,1526,1602,1498,1600,1469,1594,1430,1578,1411,1554,1480,1552,1508,1558,1534,1560,1571,1579,1531,1573,1504,1570,1476,1565
1319,h,1,1,1277,1228,1723,1673,43.96666666666667,1230,1342,1226,1410,1227,1477,1235,1542,1259,1602,1301,1648,1357,1680,1414,1705,1475,1719,1530,1717,1576,1692,1614,1657,1640,1610,1660,1560,1677,1511,1686,1460,1689,1411,1322,1292,1362,1263,1413,1259,1462,1271,1507,1291,1568,1307,1607,1305,1647,1309,1682,1325,1695,1362,1532,1341,1533,1372,1534,1402,1535,1436,1462,1476,1490,1484,1518,1494,1544,1494,1567,1492,1367,1324,1397,1309,1429,1316,1453,1347,1423,1343,1392,1336,1574,1370,1602,1349,1632,1354,1651,1379,1629,1381,1600,1376,1398,1556,1443,1534,1486,1527,1513,1538,1541,1536,1568,1553,1584,1586,1559,1599,1529,1603,1500,1601,1471,1595,1433,1580,1413,1556,1482,1554,1510,1560,1537,1562,1573,1581,1534,1575,1506,1573,1478,1567
1320,h,1,1,1277,1228,1723,1673,44.0,1226,1346,1221,1412,1221,1479,1229,1543,1253,1603,1297,1649,1353,1680,1411,1705,1472,1718,1527,1715,1574,1693,1612,1659,1639,1614,1659,1564,1675,1516,1685,1466,1689,1417,1322,1292,1365,1265,1416,1261,1467,1272,1512,1293,1567,1310,1606,1306,1647,1309,1682,1326,1695,1363,1533,1343,1533,1374,1534,1405,1535,1438,1461,1477,1489,1486,1518,1496,1544,1496,1568,1494,1367,1326,1397,1312,1428,1318,1453,1348,1423,1344,1391,1337,1574,1371,1603,1351,1632,1355,1651,1380,1629,1381,1601,1377,1395,1557,1441,1536,1486,1530,1512,1540,1540,1538,1567,1554,1584,1586,1558,1599,1527,1604,1499,1603,1470,1597,1431,1582,1410,1557,1481,1555,1509,1561,1535,1563,1573,1581,1533,1577,1505,1575,1477,1569
1321,h,1,1,1277,1228,1723,1673,44.03333333333333,1226,1346,1221,1412,1221,1479,1229,1543,1253,1603,1297,1649,1353,1680,1411,1705,1472,1718,1527,1715,1574,1693,1612,1659,1639,1614,1659,1564,1675,1516,1685,1466,1689,1417,1322,1292,1365,1265,1416,1261,1467,1272,1512,1293,1567,1310,1606,1306,1647,1309,1682,1326,1695,1363,1533,1343,1533,1374,1534,1405,1535,1438,1461,1477,1489,1486,1518,1496,1544,1496,1568,1494,1367,1326,1397,1312,1428,1318,1453,1348,1423,1344,1391,1337,1574,1371,1603,1351,1632,1355,1651,1380,1629,1381,1601,1377,1395,1557,1441,1536,1486,1530,1512,1540,1540,1538,1567,1554,1584,1586,1558,1599,1527,1604,1499,1603,1470,1597,1431,1582,1410,1557,1481,1555,1509,1561,1535,1563,1573,1581,1533,1577,1505,1575,1477,1569
1322,h,1,1,1277,1228,1723,1673,44.06666666666667,1229,1345,1224,1411,1225,1478,1232,1542,1255,1602,1297,1647,1353,1678,1411,1703,1471,1716,1526,1715,1574,1693,1613,1660,1640,1615,1661,1566,1678,1516,1689,1466,1693,1416,1321,1294,1363,1267,1414,1263,1464,1275,1509,1295,1570,1312,1609,1309,1648,1313,1683,1329,1697,1365,1534,1345,1534,1376,1535,1406,1536,1439,1464,1480,1491,1488,1519,1497,1544,1497,1567,1495,1369,1327,1399,1312,1431,1318,1455,1349,1425,1345,1393,1338,1574,1372,1603,1351,1632,1356,1651,1382,1629,1383,1601,1378,1399,1559,1445,1538,1488,1532,1514,1542,1541,1540,1568,1557,1584,1589,1559,1603,1529,1608,1500,1607,1472,1600,1434,1585,1414,1560,1483,1555,1510,1561,1537,1563,1573,1585,1534,1581,1506,1579,1479,1573
1323,h,1,1,1236,1176,1771,1711,44.1,1216,1352,1210,1418,1211,1485,1220,1550,1250,1608,1300,1652,1361,1680,1420,1703,1478,1717,1529,1715,1573,1691,1613,1657,1643,1611,1667,1562,1684,1511,1691,1461,1692,1413,1326,1288,1369,1265,1419,1264,1468,1275,1513,1294,1570,1311,1606,1310,1643,1313,1676,1325,1692,1354,1535,1346,1536,1377,1538,1407,1540,1440,1466,1480,1494,1490,1522,1500,1547,1500,1571,1497,1368,1327,1399,1313,1431,1319,1455,1350,1425,1346,1393,1338,1576,1374,1605,1353,1634,1357,1653,1382,1632,1384,1603,1380,1400,1559,1446,1539,1491,1532,1517,1543,1544,1541,1571,1558,1587,1591,1560,1605,1532,1612,1503,1610,1475,1603,1437,1586,1415,1560,1487,1556,1513,1563,1540,1565,1576,1586,1537,1583,1509,1581,1482,1575
1324,h,1,1,1236,1176,1771,1711,44.13333333333333,1216,1352,1210,1418,1211,1485,1220,1550,1250,1608,1300,1652,1361,1680,1420,1703,1478,1717,1529,1715,1573,1691,1613,1657,1643,1611,1667,1562,1684,1511,1691,1461,1692,1413,1326,1288,1369,1265,1419,1264,1468,1275,1513,1294,1570,1311,1606,1310,1643,1313,1676,1325,1692,1354,1535,1346,1536,1377,1538,1407,1540,1440,1466,1480,1494,1490,1522,1500,1547,1500,1571,1497,1368,1327,1399,1313,1431,1319,1455,1350,1425,1346,1393,1338,1576,1374,1605,1353,1634,1357,1653,1382,1632,1384,1603,1380,1400,1559,1446,1539,1491,1532,1517,1543,1544,1541,1571,1558,1587,1591,1560,1605,1532,1612,1503,1610,1475,1603,1437,1586,1415,1560,1487,1556,1513,1563,1540,1565,1576,1586,1537,1583,1509,1581,1482,1575
1325,h,1,1,1236,1176,1771,1711,44.166666666666664,1220,1349,1213,1415,1213,1483,1221,1549,1252,1608,1301,1651,1362,1681,1421,1705,1481,1719,1533,1717,1578,1692,1617,1656,1646,1608,1668,1556,1684,1507,1692,1456,1693,1408,1327,1290,1369,1267,1419,1265,1469,1276,1515,1295,1571,1312,1608,1310,1645,1313,1678,1324,1693,1354,1535,1346,1536,1377,1537,1408,1539,1441,1466,1482,1494,1492,1522,1501,1546,1501,1570,1498,1368,1329,1399,1314,1432,1320,1455,1351,1425,1348,1393,1340,1577,1375,1605,1354,1635,1358,1654,1383,1633,1386,1604,1381,1401,1564,1446,1540,1491,1533,1517,1544,1543,1542,1571,1559,1588,1593,1561,1605,1532,1612,1504,1610,1476,1603,1436,1587,1417,1564,1487,1559,1513,1565,1539,1567,1576,1588,1537,1583,1510,1580,1483,1575
1326,h,1,1,1236,1176,1771,1711,44.2,1220,1354,1215,1420,1217,1487,1227,1551,1255,1610,1303,1653,1362,1682,1420,1706,1479,1720,1531,1718,1577,1695,1616,1660,1644,1614,1666,1562,1682,1513,1691,1462,1693,1412,1328,1290,1369,1268,1418,1265,1467,1276,1511,1295,1571,1310,1608,1310,1645,1315,1677,1328,1691,1358,1534,1347,1535,1378,1537,1408,1539,1441,1465,1483,1494,1493,1522,1502,1548,1502,1572,1499,1369,1328,1399,1313,1431,1319,1455,1351,1425,1346,1393,1338,1576,1374,1605,1353,1634,1357,1652,1383,1631,1384,1602,1380,1402,1564,1447,1540,1492,1533,1518,1544,1545,1542,1572,1560,1588,1594,1562,1607,1532,1613,1504,1611,1476,1604,1437,1587,1418,1564,1487,1558,1514,1564,1540,1566,1576,1588,1538,1583,1511,1581,1483,1575
1327,h,1,1,1236,1176,1771,1711,44.233333333333334,1224,1360,1220,1425,1223,1491,1232,1554,1260,1611,1307,1654,1365,1684,1424,1708,1483,1721,1536,1719,1579,1696,1617,1661,1644,1616,1667,1568,1684,1520,1693,1471,1695,1423,1330,1290,1372,1268,1422,1266,1470,1277,1514,1296,1573,1313,1610,1311,1647,1315,1680,1327,1696,1357,1537,1347,1538,1378,1539,1409,1541,1442,1467,1483,1495,1493,1523,1503,1548,1503,1572,1501,1371,1330,1402,1314,1434,1320,1457,1352,1427,1347,1396,1340,1579,1376,1607,1355,1637,1359,1656,1385,1634,1387,1605,1382,1403,1565,1447,1541,1491,1533,1517,1544,1544,1542,1572,1561,1588,1596,1562,1610,1532,1615,1503,1612,1476,1605,1437,1590,1418,1565,1487,1560,1514,1567,1539,1569,1576,1591,1536,1584,1509,1581,1483,1576
1328,h,1,1,1236,1176,1771,1711,44.266666666666666,1224,1360,1220,1425,1223,1491,1232,1554,1260,1611,1307,1654,1365,1684,1424,1708,1483,1721,1536,1719,1579,1696,1617,1661,1644,1616,1667,1568,1684,1520,1693,1471,1695,1423,1330,1290,1372,1268,1422,1266,1470,1277,1514,1296,1573,1313,1610,1311,1647,1315,1680,1327,1696,1357,1537,1347,1538,1378,1539,1409,1541,1442,1467,1483,1495,1493,1523,1503,1548,1503,1572,1501,1371,1330,1402,1314,1434,1320,1457,1352,1427,1347,1396,1340,1579,1376,1607,1355,1637,1359,1656,1385,1634,1387,1605,1382,1403,1565,1447,1541,1491,1533,1517,1544,1544,1542,1572,1561,1588,1596,1562,1610,1532,1615,1503,1612,1476,1605,1437,1590,1418,1565,1487,1560,1514,1567,1539,1569,1576,1591,1536,1584,1509,1581,1483,1576
1329,h,1,1,1236,1176,1771,1711,44.3,1223,1355,1218,1420,1220,1486,1230,1550,1259,1608,1306,1651,1364,1680,1422,1705,1481,1719,1533,1718,1579,1694,1618,1659,1647,1612,1670,1562,1688,1513,1697,1462,1697,1414,1328,1289,1370,1267,1419,1265,1468,1277,1512,1295,1571,1311,1609,1310,1647,1314,1680,1325,1696,1355,1535,1348,1536,1379,1538,1408,1540,1441,1467,1484,1495,1494,1523,1504,1548,1503,1573,1500,1370,1330,1400,1314,1433,1320,1457,1352,1427,1348,1395,1340,1578,1376,1607,1355,1637,1359,1656,1385,1634,1387,1605,1383,1404,1564,1448,1542,1492,1535,1518,1546,1544,1544,1572,1562,1589,1596,1561,1610,1532,1616,1504,1614,1476,1607,1438,1590,1420,1564,1488,1561,1514,1568,1540,1570,1577,1590,1537,1585,1510,1583,1483,1577
1330,h,1,1,1236,1176,1771,1711,44.333333333333336,1228,1351,1223,1417,1224,1484,1234,1548,1262,1607,1308,1652,1363,1683,1421,1708,1481,1722,1534,1721,1579,1698,1618,1662,1646,1616,1669,1566,1687,1517,1697,1465,1698,1416,1330,1291,1372,1269,1421,1266,1470,1278,1513,1297,1577,1313,1614,1312,1650,1316,1682,1329,1697,1358,1537,1349,1538,1380,1540,1411,1541,1443,1468,1485,1496,1494,1524,1504,1550,1504,1574,1500,1372,1330,1403,1316,1435,1322,1459,1354,1428,1349,1397,1341,1580,1378,1609,1357,1638,1361,1657,1387,1636,1388,1607,1384,1404,1565,1448,1543,1493,1537,1520,1547,1546,1545,1574,1563,1590,1597,1564,1610,1533,1616,1506,1614,1477,1608,1438,1592,1419,1565,1489,1562,1516,1569,1542,1571,1578,1591,1538,1586,1511,1584,1484,1579
1331,h,1,1,1236,1176,1771,1711,44.36666666666667,1225,1356,1219,1421,1220,1488,1230,1553,1261,1610,1308,1653,1367,1683,1425,1707,1483,1722,1534,1720,1579,1696,1619,1661,1648,1614,1671,1565,1689,1515,1698,1463,1699,1414,1330,1289,1373,1268,1423,1266,1472,1279,1516,1298,1577,1316,1613,1314,1649,1317,1682,1328,1698,1355,1540,1352,1541,1383,1543,1412,1544,1444,1469,1487,1498,1496,1526,1506,1551,1506,1575,1504,1373,1331,1404,1316,1437,1323,1461,1356,1430,1351,1398,1343,1580,1379,1609,1357,1639,1362,1658,1387,1636,1390,1608,1385,1405,1568,1450,1544,1495,1536,1520,1547,1547,1545,1575,1565,1592,1600,1565,1611,1535,1617,1507,1614,1480,1608,1441,1592,1421,1568,1491,1563,1517,1569,1542,1572,1579,1593,1540,1587,1513,1585,1487,1579
1332,h,1,1,1236,1176,1771,1711,44.4,1225,1356,1219,1421,1220,1488,1230,1553,1261,1610,1308,1653,1367,1683,1425,1707,1483,1722,1534,1720,1579,1696,1619,1661,1648,1614,1671,1565,1689,1515,1698,1463,1699,1414,1330,1289,1373,1268,1423,1266,1472,1279,1516,1298,1577,1316,1613,1314,1649,1317,1682,1328,1698,1355,1540,1352,1541,1383,1543,1412,1544,1444,1469,1487,1498,1496,1526,1506,1551,1506,1575,1504,1373,1331,1404,1316,1437,1323,1461,1356,1430,1351,1398,1343,1580,1379,1609,1357,1639,1362,1658,1387,1636,1390,1608,1385,1405,1568,1450,1544,1495,1536,1520,1547,1547,1545,1575,1565,1592,1600,1565,1611,1535,1617,1507,1614,1480,1608,1441,1592,1421,1568,1491,1563,1517,1569,1542,1572,1579,1593,1540,1587,1513,1585,1487,1579
1333,h,1,1,1236,1176,1771,1711,44.43333333333333,1227,1357,1222,1423,1224,1490,1235,1553,1264,1611,1312,1654,1370,1684,1427,1708,1484,1723,1535,1721,1579,1696,1617,1662,1646,1616,1670,1567,1689,1518,1698,1467,1699,1418,1332,1292,1375,1269,1425,1267,1474,1279,1518,1298,1578,1314,1615,1314,1652,1319,1684,1333,1699,1364,1541,1351,1542,1383,1544,1413,1546,1446,1469,1487,1498,1497,1527,1507,1553,1507,1578,1504,1374,1330,1404,1314,1437,1321,1461,1355,1431,1351,1398,1343,1581,1380,1610,1357,1640,1361,1659,1389,1638,1391,1609,1387,1406,1566,1451,1544,1496,1537,1522,1548,1549,1546,1576,1565,1591,1599,1566,1611,1536,1618,1508,1615,1480,1609,1441,1592,1423,1566,1491,1563,1518,1570,1544,1573,1579,1593,1541,1587,1514,1584,1487,1579
1334,h,1,1,1236,1176,1771,1711,44.46666666666667,1231,1356,1226,1422,1228,1488,1238,1551,1265,1609,1311,1653,1368,1683,1426,1708,1483,1723,1535,1721,1581,1699,1620,1665,1649,1619,1671,1569,1690,1520,1701,1468,1704,1417,1331,1297,1372,1272,1422,1268,1472,1279,1517,1299,1576,1315,1615,1314,1653,1320,1686,1337,1701,1370,1540,1351,1541,1383,1543,1414,1544,1447,1470,1488,1499,1497,1527,1507,1553,1507,1577,1504,1374,1332,1405,1316,1438,1322,1461,1356,1431,1351,1399,1343,1581,1380,1610,1357,1640,1361,1660,1389,1638,1390,1608,1386,1407,1566,1452,1544,1496,1537,1522,1548,1549,1546,1576,1565,1593,1599,1566,1612,1535,1617,1507,1614,1479,1608,1441,1590,1423,1566,1491,1563,1518,1570,1544,1573,1580,1593,1540,1588,1513,1584,1486,1579
1335,h,1,1,1236,1176,1771,1711,44.5,1229,1356,1223,1421,1223,1488,1232,1552,1260,1610,1307,1654,1365,1685,1424,1708,1483,1721,1535,1718,1579,1695,1618,1661,1648,1616,1671,1566,1689,1516,1697,1465,1699,1417,1335,1293,1378,1269,1428,1268,1477,1280,1521,1299,1578,1314,1615,1313,1651,1318,1681,1331,1695,1359,1543,1351,1544,1383,1546,1414,1548,1447,1470,1487,1499,1497,1528,1507,1554,1507,1578,1505,1376,1331,1407,1316,1439,1322,1462,1355,1432,1349,1401,1342,1583,1379,1611,1357,1641,1362,1659,1387,1638,1389,1609,1386,1406,1568,1451,1544,1496,1538,1522,1549,1549,1547,1576,1566,1591,1599,1565,1612,1536,1617,1507,1615,1479,1608,1440,1592,1421,1569,1491,1564,1518,1570,1544,1573,1579,1594,1541,1587,1513,1585,1487,1579
1336,h,1,1,1236,1176,1771,1711,44.53333333333333,1229,1356,1223,1421,1223,1488,1232,1552,1260,1610,1307,1654,1365,1685,1424,1708,1483,1721,1535,1718,1579,1695,1618,1661,1648,1616,1671,1566,1689,1516,1697,1465,1699,1417,1335,1293,1378,1269,1428,1268,1477,1280,1521,1299,1578,1314,1615,1313,1651,1318,1681,1331,1695,1359,1543,1351,1544,1383,1546,1414,1548,1447,1470,1487,1499,1497,1528,1507,1554,1507,1578,1505,1376,1331,1407,1316,1439,1322,1462,1355,1432,1349,1401,1342,1583,1379,1611,1357,1641,1362,1659,1387,1638,1389,1609,1386,1406,1568,1451,1544,1496,1538,1522,1549,1549,1547,1576,1566,1591,1599,1565,1612,1536,1617,1507,1615,1479,1608,1440,1592,1421,1569,1491,1564,1518,1570,1544,1573,1579,1594,1541,1587,1513,1585,1487,1579
1337,h,1,1,1236,1176,1771,1711,44.56666666666667,1228,1356,1223,1422,1224,1489,1234,1553,1263,1611,1310,1656,1368,1686,1424,1709,1482,1724,1534,1722,1579,1699,1618,1663,1647,1618,1671,1568,1689,1519,1699,1468,1701,1419,1335,1294,1377,1271,1427,1269,1476,1281,1520,1300,1578,1316,1616,1315,1653,1319,1686,1333,1701,1365,1542,1352,1543,1384,1544,1414,1546,1446,1472,1487,1500,1497,1528,1507,1553,1507,1577,1504,1375,1332,1406,1317,1438,1323,1462,1356,1432,1351,1399,1344,1583,1380,1612,1359,1642,1363,1661,1389,1640,1391,1610,1387,1408,1567,1453,1545,1498,1538,1523,1549,1550,1547,1577,1565,1592,1598,1567,1611,1537,1617,1509,1615,1482,1608,1443,1591,1424,1567,1493,1563,1519,1570,1545,1572,1580,1593,1542,1588,1515,1585,1489,1580
1338,h,1,1,1236,1176,1771,1711,44.6,1234,1349,1228,1417,1230,1485,1239,1548,1267,1607,1312,1652,1369,1684,1425,1710,1482,1724,1534,1723,1578,1699,1618,1664,1650,1617,1673,1567,1691,1518,1702,1466,1705,1416,1335,1293,1376,1270,1425,1268,1473,1281,1517,1300,1579,1317,1619,1316,1657,1319,1692,1334,1706,1369,1540,1353,1541,1384,1542,1415,1543,1448,1471,1487,1499,1497,1527,1507,1552,1507,1576,1504,1377,1332,1407,1316,1440,1323,1463,1356,1433,1352,1400,1344,1584,1381,1612,1358,1642,1362,1661,1389,1640,1391,1610,1387,1407,1568,1450,1545,1495,1538,1522,1548,1549,1547,1577,1565,1593,1599,1567,1612,1537,1619,1508,1617,1479,1611,1440,1594,1422,1568,1491,1564,1518,1570,1544,1572,1581,1593,1541,1589,1514,1586,1486,1581
1339,h,1,1,1236,1176,1771,1711,44.63333333333333,1234,1349,1228,1417,1230,1485,1239,1548,1267,1607,1312,1652,1369,1684,1425,1710,1482,1724,1534,1723,1578,1699,1618,1664,1650,1617,1673,1567,1691,1518,1702,1466,1705,1416,1335,1293,1376,1270,1425,1268,1473,1281,1517,1300,1579,1317,1619,1316,1657,1319,1692,1334,1706,1369,1540,1353,1541,1384,1542,1415,1543,1448,1471,1487,1499,1497,1527,1507,1552,1507,1576,1504,1377,1332,1407,1316,1440,1323,1463,1356,1433,1352,1400,1344,1584,1381,1612,1358,1642,1362,1661,1389,1640,1391,1610,1387,1407,1568,1450,1545,1495,1538,1522,1548,1549,1547,1577,1565,1593,1599,1567,1612,1537,1619,1508,1617,1479,1611,1440,1594,1422,1568,1491,1564,1518,1570,1544,1572,1581,1593,1541,1589,1514,1586,1486,1581
1340,h,1,1,1236,1176,1771,1711,44.666666666666664,1223,1358,1217,1424,1218,1490,1228,1553,1257,1611,1304,1655,1363,1684,1422,1708,1481,1723,1533,1721,1578,1697,1620,1663,1651,1617,1675,1567,1693,1517,1702,1465,1702,1415,1332,1293,1375,1270,1425,1269,1474,1282,1519,1302,1578,1319,1615,1316,1651,1318,1685,1329,1701,1357,1541,1353,1542,1384,1544,1414,1545,1447,1470,1487,1499,1497,1528,1507,1554,1507,1578,1504,1375,1334,1406,1318,1439,1324,1463,1358,1432,1353,1400,1345,1582,1381,1611,1359,1641,1362,1660,1388,1639,1390,1609,1387,1407,1569,1453,1546,1498,1539,1523,1549,1550,1547,1578,1565,1593,1599,1567,1613,1537,1620,1510,1618,1482,1611,1444,1595,1423,1570,1493,1565,1520,1571,1545,1573,1581,1594,1543,1590,1516,1587,1490,1582
1341,h,1,1,1236,1176,1771,1711,44.7,1230,1352,1224,1417,1224,1483,1233,1546,1261,1605,1307,1651,1364,1685,1422,1711,1481,1727,1533,1725,1577,1699,1617,1663,1648,1617,1672,1567,1690,1517,1699,1466,1701,1417,1335,1293,1377,1271,1427,1269,1476,1282,1520,1301,1580,1318,1616,1316,1652,1319,1684,1330,1699,1358,1542,1352,1542,1384,1544,1415,1545,1448,1470,1488,1499,1497,1527,1507,1553,1507,1577,1504,1376,1331,1407,1316,1439,1323,1463,1356,1432,1351,1400,1343,1583,1380,1611,1357,1641,1361,1659,1388,1638,1390,1609,1386,1407,1570,1451,1546,1497,1539,1522,1549,1549,1548,1576,1565,1592,1601,1566,1614,1536,1620,1509,1618,1481,1612,1442,1596,1422,1571,1492,1565,1518,1570,1544,1573,1580,1595,1542,1591,1515,1588,1489,1583
1342,h,1,1,1236,1176,1771,1711,44.733333333333334,1231,1356,1225,1422,1226,1488,1235,1552,1264,1610,1310,1654,1366,1685,1422,1710,1482,1726,1535,1725,1581,1701,1621,1665,1652,1618,1676,1568,1694,1518,1703,1466,1704,1416,1335,1291,1377,1269,1426,1267,1475,1279,1518,1298,1578,1314,1615,1312,1652,1317,1684,1329,1699,1358,1540,1353,1541,1384,1543,1415,1544,1447,1471,1488,1499,1498,1527,1508,1553,1507,1577,1505,1376,1332,1407,1316,1439,1323,1463,1357,1432,1352,1401,1344,1584,1380,1612,1358,1642,1362,1661,1388,1640,1391,1611,1387,1407,1570,1452,1546,1497,1539,1522,1549,1549,1547,1577,1566,1594,1602,1567,1613,1537,1619,1509,1617,1481,1611,1442,1594,1423,1570,1492,1565,1518,1571,1544,1573,1582,1595,1542,1591,1515,1588,1489,1583
1343,h,1,1,1236,1176,1771,1711,44.766666666666666,1231,1356,1225,1422,1226,1488,1235,1552,1264,1610,1310,1654,1366,1685,1422,1710,1482,1726,1535,1725,1581,1701,1621,1665,1652,1618,1676,1568,1694,1518,1703,1466,1704,1416,1335,1291,1377,1269,1426,1267,1475,1279,1518,1298,1578,1314,1615,1312,1652,1317,1684,1329,1699,1358,1540,1353,1541,1384,1543,1415,1544,1447,1471,1488,1499,1498,1527,1508,1553,1507,1577,1505,1376,1332,1407,1316,1439,1323,1463,1357,1432,1352,1401,1344,1584,1380,1612,1358,1642,1362,1661,1388,1640,1391,1611,1387,1407,1570,1452,1546,1497,1539,1522,1549,1549,1547,1577,1566,1594,1602,1567,1613,1537,1619,1509,1617,1481,1611,1442,1594,1423,1570,1492,1565,1518,1571,1544,1573,1582,1595,1542,1591,1515,1588,1489,1583
1344,h,1,1,1236,1176,1771,1711,44.8,1229,1352,1222,1418,1223,1485,1232,1548,1262,1606,1309,1650,1366,1683,1423,1710,1480,1726,1532,1725,1575,1699,1616,1663,1648,1617,1674,1566,1693,1515,1701,1463,1701,1414,1336,1290,1378,1269,1427,1269,1476,1281,1519,1300,1578,1316,1615,1314,1652,1318,1685,1330,1701,1360,1542,1353,1543,1384,1545,1415,1547,1448,1471,1487,1500,1497,1529,1508,1554,1507,1578,1505,1376,1331,1407,1316,1440,1322,1463,1356,1432,1351,1400,1343,1584,1380,1612,1358,1642,1362,1661,1388,1639,1390,1610,1386,1405,1568,1450,1546,1497,1540,1522,1550,1549,1549,1576,1567,1592,1600,1565,1614,1535,1621,1507,1618,1479,1611,1440,1594,1420,1569,1492,1565,1518,1572,1544,1575,1580,1594,1541,1591,1514,1588,1487,1582
1345,h,1,1,1236,1176,1771,1711,44.833333333333336,1231,1358,1224,1423,1224,1488,1233,1551,1261,1609,1307,1653,1365,1684,1421,1709,1479,1724,1531,1723,1577,1699,1617,1663,1648,1618,1673,1568,1691,1518,1700,1467,1701,1419,1335,1291,1377,1268,1426,1267,1474,1278,1517,1297,1578,1312,1615,1312,1651,1316,1683,1328,1698,1358,1541,1351,1541,1383,1543,1413,1544,1447,1470,1487,1498,1497,1526,1507,1551,1507,1575,1505,1375,1331,1405,1315,1438,1321,1461,1355,1431,1350,1399,1342,1582,1379,1610,1356,1640,1360,1659,1387,1637,1389,1608,1385,1404,1567,1449,1545,1495,1538,1521,1549,1547,1547,1575,1566,1592,1600,1564,1614,1534,1619,1506,1617,1478,1610,1439,1593,1419,1568,1490,1564,1517,1570,1542,1573,1580,1595,1540,1590,1513,1587,1486,1582
1346,h,1,1,1236,1176,1771,1711,44.86666666666667,1225,1354,1220,1419,1221,1484,1231,1547,1259,1606,1306,1649,1363,1680,1420,1706,1479,1721,1532,1719,1577,1696,1618,1661,1648,1616,1672,1566,1690,1518,1700,1468,1701,1421,1332,1289,1374,1267,1424,1267,1472,1280,1516,1298,1578,1314,1615,1313,1651,1316,1682,1328,1699,1356,1540,1353,1541,1384,1543,1413,1544,1446,1470,1487,1498,1496,1525,1506,1551,1507,1574,1505,1372,1332,1402,1317,1436,1323,1460,1355,1428,1351,1396,1343,1582,1380,1611,1358,1642,1362,1661,1389,1639,1391,1609,1386,1403,1567,1448,1544,1495,1538,1520,1548,1547,1546,1574,1565,1591,1600,1564,1614,1534,1621,1506,1619,1478,1612,1438,1594,1419,1568,1490,1564,1516,1570,1542,1573,1578,1595,1539,1591,1512,1588,1485,1582
1347,h,1,1,1236,1176,1771,1711,44.9,1225,1354,1220,1419,1221,1484,1231,1547,1259,1606,1306,1649,1363,1680,1420,1706,1479,1721,1532,1719,1577,1696,1618,1661,1648,1616,1672,1566,1690,1518,1700,1468,1701,1421,1332,1289,1374,1267,1424,1267,1472,1280,1516,1298,1578,1314,1615,1313,1651,1316,1682,1328,1699,1356,1540,1353,1541,1384,1543,1413,1544,1446,1470,1487,1498,1496,1525,1506,1551,1507,1574,1505,1372,1332,1402,1317,1436,1323,1460,1355,1428,1351,1396,1343,1582,1380,1611,1358,1642,1362,1661,1389,1639,1391,1609,1386,1403,1567,1448,1544,1495,1538,1520,1548,1547,1546,1574,1565,1591,1600,1564,1614,1534,1621,1506,1619,1478,1612,1438,1594,1419,1568,1490,1564,1516,1570,1542,1573,1578,1595,1539,1591,1512,1588,1485,1582
1348,h,1,1,1236,1176,1771,1711,44.93333333333333,1222,1356,1217,1423,1217,1490,1228,1555,1258,1613,1305,1658,1364,1687,1421,1712,1479,1726,1530,1724,1575,1701,1615,1667,1644,1620,1668,1570,1687,1521,1697,1470,1699,1421,1330,1292,1373,1269,1423,1267,1472,1279,1516,1299,1578,1314,1616,1314,1654,1319,1687,1334,1701,1366,1539,1352,1540,1383,1542,1412,1543,1445,1469,1487,1497,1496,1525,1506,1550,1506,1574,1505,1372,1332,1403,1316,1435,1322,1459,1355,1429,1349,1397,1342,1582,1379,1611,1357,1641,1363,1660,1389,1637,1391,1608,1386,1403,1570,1448,1544,1494,1537,1520,1547,1547,1546,1574,1564,1589,1601,1564,1614,1534,1620,1506,1618,1478,1612,1438,1595,1418,1569,1489,1563,1516,1569,1542,1571,1577,1594,1539,1591,1512,1588,1485,1583
1349,h,1,1,1236,1176,1771,1711,44.96666666666667,1228,1350,1223,1416,1224,1484,1234,1547,1263,1604,1311,1648,1368,1679,1424,1706,1479,1720,1529,1718,1573,1694,1612,1659,1644,1614,1668,1564,1687,1514,1697,1462,1699,1413,1329,1295,1371,1270,1421,1268,1471,1279,1515,1298,1575,1314,1614,1314,1652,1319,1686,1333,1702,1365,1538,1351,1539,1383,1540,1412,1542,1445,1468,1486,1496,1495,1523,1504,1549,1504,1573,1503,1372,1332,1402,1317,1434,1324,1457,1356,1428,1352,1396,1344,1580,1380,1608,1359,1638,1363,1658,1388,1635,1391,1606,1387,1403,1568,1448,1544,1493,1537,1519,1547,1545,1546,1573,1564,1589,1600,1563,1613,1532,1620,1505,1617,1477,1611,1438,1594,1418,1568,1488,1564,1515,1570,1540,1572,1576,1594,1537,1590,1511,1587,1484,1581
1350,h,1,1,1236,1176,1771,1711,45.0,1220,1353,1216,1419,1217,1486,1226,1550,1254,1609,1301,1654,1360,1684,1418,1710,1476,1725,1530,1723,1576,1699,1616,1664,1645,1616,1667,1565,1685,1516,1695,1465,1697,1416,1323,1295,1365,1270,1416,1268,1467,1279,1513,1299,1572,1313,1611,1313,1649,1317,1683,1331,1698,1363,1536,1351,1537,1382,1538,1412,1540,1444,1467,1486,1495,1495,1523,1505,1547,1505,1571,1503,1369,1332,1399,1316,1432,1322,1457,1356,1426,1351,1393,1343,1578,1379,1606,1357,1636,1361,1656,1387,1634,1389,1604,1385,1401,1569,1445,1544,1491,1537,1517,1547,1544,1545,1573,1564,1588,1599,1563,1613,1532,1620,1504,1618,1475,1611,1435,1594,1416,1568,1486,1564,1513,1570,1540,1573,1577,1593,1537,1589,1510,1586,1482,1581
1351,h,1,1,1236,1176,1771,1711,45.03333333333333,1220,1353,1216,1419,1217,1486,1226,1550,1254,1609,1301,1654,1360,1684,1418,1710,1476,1725,1530,1723,1576,1699,1616,1664,1645,1616,1667,1565,1685,1516,1695,1465,1697,1416,1323,1295,1365,1270,1416,1268,1467,1279,1513,1299,1572,1313,1611,1313,1649,1317,1683,1331,1698,1363,1536,1351,1537,1382,1538,1412,1540,1444,1467,1486,1495,1495,1523,1505,1547,1505,1571,1503,1369,1332,1399,1316,1432,1322,1457,1356,1426,1351,1393,1343,1578,1379,1606,1357,1636,1361,1656,1387,1634,1389,1604,1385,1401,1569,1445,1544,1491,1537,1517,1547,1544,1545,1573,1564,1588,1599,1563,1613,1532,1620,1504,1618,1475,1611,1435,1594,1416,1568,1486,1564,1513,1570,1540,1573,1577,1593,1537,1589,1510,1586,1482,1581
1352,h,1,1,1277,1228,1723,1673,45.06666666666667,1226,1352,1222,1418,1224,1485,1233,1550,1259,1608,1304,1654,1361,1685,1418,1708,1476,1721,1529,1719,1575,1696,1613,1662,1642,1617,1664,1567,1681,1517,1693,1466,1697,1416,1322,1296,1364,1269,1416,1266,1466,1278,1512,1296,1572,1312,1612,1311,1652,1315,1687,1332,1701,1368,1535,1349,1536,1381,1537,1412,1538,1446,1465,1485,1492,1493,1520,1503,1545,1503,1569,1501,1369,1332,1399,1316,1431,1322,1455,1354,1425,1350,1393,1343,1577,1377,1605,1356,1635,1360,1655,1386,1633,1388,1603,1384,1400,1568,1443,1543,1488,1536,1514,1547,1542,1545,1569,1563,1584,1597,1559,1612,1529,1618,1500,1616,1471,1610,1432,1593,1415,1567,1483,1562,1510,1568,1537,1571,1572,1592,1534,1588,1506,1586,1478,1580
1353,h,1,1,1236,1176,1771,1711,45.1,1223,1345,1217,1412,1217,1479,1226,1544,1253,1604,1299,1651,1356,1683,1414,1710,1474,1725,1527,1722,1574,1697,1614,1662,1645,1616,1668,1565,1686,1514,1696,1461,1699,1411,1325,1293,1367,1268,1417,1266,1467,1277,1511,1296,1570,1310,1611,1311,1651,1315,1685,1331,1699,1366,1534,1348,1534,1380,1535,1411,1536,1445,1463,1485,1492,1494,1520,1504,1545,1504,1570,1502,1368,1330,1398,1315,1431,1322,1455,1355,1424,1350,1391,1342,1577,1378,1605,1355,1635,1359,1656,1385,1633,1388,1603,1384,1397,1566,1441,1543,1487,1536,1514,1546,1540,1544,1569,1563,1586,1597,1559,1611,1529,1619,1501,1617,1472,1611,1432,1593,1412,1566,1483,1563,1510,1569,1536,1571,1573,1591,1534,1588,1507,1586,1479,1581
1354,h,1,1,1236,1176,1771,1711,45.13333333333333,1223,1345,1217,1412,1217,1479,1226,1544,1253,1604,1299,1651,1356,1683,1414,1710,1474,1725,1527,1722,1574,1697,1614,1662,1645,1616,1668,1565,1686,1514,1696,1461,1699,1411,1325,1293,1367,1268,1417,1266,1467,1277,1511,1296,1570,1310,1611,1311,1651,1315,1685,1331,1699,1366,1534,1348,1534,1380,1535,1411,1536,1445,1463,1485,1492,1494,1520,1504,1545,1504,1570,1502,1368,1330,1398,1315,1431,1322,1455,1355,1424,1350,1391,1342,1577,1378,1605,1355,1635,1359,1656,1385,1633,1388,1603,1384,1397,1566,1441,1543,1487,1536,1514,1546,1540,1544,1569,1563,1586,1597,1559,1611,1529,1619,1501,1617,1472,1611,1432,1593,1412,1566,1483,1563,1510,1569,1536,1571,1573,1591,1534,1588,1507,1586,1479,1581
1355,h,1,1,1277,1228,1723,1673,45.166666666666664,1225,1349,1221,1416,1223,1483,1231,1546,1256,1606,1300,1652,1357,1684,1415,1710,1475,1723,1530,1721,1577,1697,1616,1662,1643,1617,1665,1566,1682,1518,1693,1467,1697,1417,1322,1294,1364,1267,1416,1264,1467,1276,1511,1296,1571,1310,1612,1311,1652,1316,1686,1333,1701,1369,1535,1347,1535,1379,1536,1411,1537,1445,1463,1485,1491,1493,1519,1502,1545,1502,1569,1501,1367,1329,1397,1313,1430,1320,1454,1352,1424,1348,1391,1341,1577,1376,1606,1355,1635,1359,1655,1385,1633,1387,1603,1382,1398,1565,1442,1542,1486,1536,1513,1546,1541,1545,1568,1563,1584,1596,1558,1611,1528,1616,1499,1614,1470,1607,1431,1591,1413,1566,1482,1560,1509,1567,1536,1569,1572,1591,1533,1587,1505,1584,1477,1579
1356,h,1,1,1277,1228,1723,1673,45.2,1231,1345,1226,1412,1228,1480,1236,1544,1260,1604,1302,1651,1357,1684,1414,1710,1474,1723,1528,1721,1576,1697,1615,1663,1642,1617,1663,1566,1681,1517,1693,1465,1697,1415,1323,1297,1363,1269,1414,1264,1464,1277,1509,1296,1571,1312,1613,1310,1653,1314,1688,1331,1701,1368,1533,1347,1533,1379,1533,1411,1534,1445,1462,1484,1489,1492,1518,1502,1543,1502,1568,1500,1368,1330,1398,1315,1431,1321,1455,1353,1424,1349,1392,1342,1576,1376,1605,1354,1635,1359,1655,1385,1633,1387,1603,1383,1398,1565,1442,1543,1485,1536,1512,1546,1540,1544,1567,1562,1583,1596,1558,1611,1527,1617,1498,1615,1469,1608,1431,1592,1413,1566,1481,1561,1509,1567,1535,1569,1571,1591,1532,1586,1504,1584,1476,1578
1357,h,1,1,1277,1228,1723,1673,45.233333333333334,1227,1351,1224,1417,1226,1482,1234,1546,1259,1605,1303,1651,1359,1683,1416,1707,1476,1719,1530,1717,1576,1694,1613,1661,1640,1616,1661,1568,1679,1520,1691,1469,1696,1420,1322,1296,1363,1268,1415,1264,1464,1275,1509,1295,1569,1311,1610,1310,1651,1314,1686,1332,1700,1370,1533,1346,1533,1378,1534,1410,1534,1444,1463,1483,1490,1492,1518,1502,1543,1501,1567,1500,1367,1329,1397,1314,1429,1320,1453,1352,1422,1347,1391,1340,1575,1375,1603,1354,1633,1359,1654,1385,1631,1386,1601,1382,1399,1563,1442,1542,1485,1535,1512,1545,1540,1544,1567,1561,1583,1594,1559,1608,1528,1614,1500,1612,1471,1606,1432,1589,1414,1564,1481,1560,1509,1566,1536,1568,1572,1589,1533,1585,1505,1583,1477,1577
1358,h,1,1,1277,1228,1723,1673,45.266666666666666,1227,1351,1224,1417,1226,1482,1234,1546,1259,1605,1303,1651,1359,1683,1416,1707,1476,1719,1530,1717,1576,1694,1613,1661,1640,1616,1661,1568,1679,1520,1691,1469,1696,1420,1322,1296,1363,1268,1415,1264,1464,1275,1509,1295,1569,1311,1610,1310,1651,1314,1686,1332,1700,1370,1533,1346,1533,1378,1534,1410,1534,1444,1463,1483,1490,1492,1518,1502,1543,1501,1567,1500,1367,1329,1397,1314,1429,1320,1453,1352,1422,1347,1391,1340,1575,1375,1603,1354,1633,1359,1654,1385,1631,1386,1601,1382,1399,1563,1442,1542,1485,1535,1512,1545,1540,1544,1567,1561,1583,1594,1559,1608,1528,1614,1500,1612,1471,1606,1432,1589,1414,1564,1481,1560,1509,1566,1536,1568,1572,1589,1533,1585,1505,1583,1477,1577
1359,h,1,1,1277,1228,1723,1673,45.3,1224,1347,1219,1413,1220,1480,1228,1544,1253,1604,1297,1651,1353,1683,1411,1709,1471,1723,1525,1720,1571,1696,1609,1662,1637,1617,1659,1568,1677,1519,1689,1468,1693,1419,1320,1294,1363,1267,1414,1263,1465,1275,1510,1295,1570,1312,1610,1310,1650,1315,1685,1332,1699,1367,1532,1347,1532,1379,1532,1410,1533,1444,1461,1483,1488,1491,1516,1500,1541,1500,1565,1498,1365,1330,1396,1315,1428,1321,1453,1352,1422,1348,1390,1341,1574,1376,1604,1355,1633,1359,1653,1385,1630,1387,1601,1382,1395,1562,1441,1542,1486,1535,1511,1543,1537,1542,1564,1559,1581,1590,1556,1607,1525,1614,1498,1612,1470,1606,1431,1590,1410,1563,1481,1560,1508,1565,1533,1567,1569,1586,1530,1584,1504,1582,1477,1577
1360,h,1,1,1277,1228,1723,1673,45.333333333333336,1225,1345,1220,1410,1220,1476,1227,1540,1252,1600,1296,1646,1352,1678,1409,1705,1469,1719,1523,1717,1568,1693,1607,1660,1636,1616,1658,1567,1676,1518,1688,1469,1694,1419,1320,1292,1363,1267,1414,1265,1464,1277,1508,1296,1569,1312,1608,1311,1648,1315,1683,1331,1699,1365,1531,1348,1531,1379,1531,1409,1532,1442,1461,1482,1488,1489,1515,1499,1540,1499,1564,1498,1365,1329,1396,1315,1427,1321,1452,1351,1421,1347,1390,1340,1574,1375,1602,1355,1632,1360,1651,1384,1629,1386,1600,1381,1399,1560,1444,1542,1488,1534,1512,1543,1537,1542,1564,1559,1581,1589,1555,1604,1525,1610,1499,1608,1472,1602,1434,1587,1414,1561,1483,1559,1508,1565,1532,1567,1569,1585,1529,1583,1504,1581,1479,1575
1361,h,1,1,1236,1176,1771,1711,45.36666666666667,1221,1343,1215,1407,1215,1473,1226,1538,1253,1596,1298,1642,1354,1675,1411,1701,1470,1717,1522,1715,1567,1692,1605,1656,1635,1612,1658,1562,1676,1513,1687,1463,1691,1415,1322,1287,1367,1266,1416,1265,1465,1277,1509,1295,1571,1312,1608,1312,1645,1316,1677,1327,1694,1355,1532,1346,1532,1378,1533,1408,1534,1441,1462,1481,1488,1489,1516,1500,1540,1499,1563,1498,1366,1328,1396,1315,1427,1321,1450,1349,1421,1345,1390,1338,1574,1374,1603,1355,1632,1360,1651,1384,1629,1386,1601,1381,1404,1562,1447,1541,1490,1534,1514,1544,1539,1542,1566,1560,1583,1590,1556,1603,1527,1610,1500,1607,1474,1601,1437,1584,1419,1562,1485,1560,1510,1566,1534,1568,1570,1586,1531,1580,1506,1577,1482,1572
1362,h,1,1,1236,1176,1771,1711,45.4,1221,1343,1215,1407,1215,1473,1226,1538,1253,1596,1298,1642,1354,1675,1411,1701,1470,1717,1522,1715,1567,1692,1605,1656,1635,1612,1658,1562,1676,1513,1687,1463,1691,1415,1322,1287,1367,1266,1416,1265,1465,1277,1509,1295,1571,1312,1608,1312,1645,1316,1677,1327,1694,1355,1532,1346,1532,1378,1533,1408,1534,1441,1462,1481,1488,1489,1516,1500,1540,1499,1563,1498,1366,1328,1396,1315,1427,1321,1450,1349,1421,1345,1390,1338,1574,1374,1603,1355,1632,1360,1651,1384,1629,1386,1601,1381,1404,1562,1447,1541,1490,1534,1514,1544,1539,1542,1566,1560,1583,1590,1556,1603,1527,1610,1500,1607,1474,1601,1437,1584,1419,1562,1485,1560,1510,1566,1534,1568,1570,1586,1531,1580,1506,1577,1482,1572
1363,h,1,1,1236,1176,1771,1711,45.43333333333333,1216,1348,1209,1413,1209,1479,1220,1543,1248,1602,1296,1647,1354,1679,1412,1705,1472,1719,1524,1718,1568,1692,1606,1657,1637,1612,1660,1564,1678,1515,1689,1464,1692,1415,1320,1288,1365,1266,1416,1265,1465,1277,1508,1296,1567,1311,1604,1310,1640,1314,1673,1327,1691,1355,1532,1345,1532,1377,1533,1408,1534,1441,1462,1481,1489,1490,1517,1501,1541,1500,1563,1498,1364,1328,1395,1314,1427,1320,1451,1351,1421,1346,1389,1339,1573,1375,1601,1354,1631,1358,1650,1384,1629,1385,1599,1381,1404,1563,1448,1541,1490,1534,1514,1544,1539,1543,1565,1559,1583,1590,1556,1602,1527,1608,1500,1605,1475,1599,1438,1583,1419,1562,1485,1562,1510,1568,1535,1570,1571,1584,1532,1578,1507,1575,1482,1570
1364,h,1,1,1277,1228,1723,1673,45.46666666666667,1224,1344,1218,1410,1218,1477,1226,1540,1251,1600,1295,1646,1352,1679,1411,1704,1470,1717,1523,1714,1568,1691,1606,1657,1634,1614,1656,1566,1674,1518,1685,1468,1690,1420,1321,1292,1363,1266,1414,1262,1463,1274,1508,1293,1569,1310,1609,1309,1649,1313,1683,1329,1698,1363,1532,1346,1532,1377,1532,1408,1533,1441,1461,1480,1488,1489,1515,1498,1539,1498,1562,1496,1366,1327,1396,1312,1428,1319,1452,1349,1421,1345,1390,1338,1572,1372,1601,1352,1630,1357,1650,1381,1627,1383,1598,1378,1400,1557,1445,1540,1488,1534,1511,1542,1536,1541,1562,1557,1578,1585,1553,1598,1524,1603,1498,1602,1472,1596,1435,1581,1416,1558,1483,1558,1507,1563,1532,1565,1566,1581,1529,1576,1504,1574,1479,1569
1365,h,1,1,1277,1228,1723,1673,45.5,1221,1344,1216,1410,1216,1477,1223,1541,1248,1602,1292,1647,1351,1679,1410,1704,1471,1717,1525,1714,1571,1691,1610,1657,1638,1613,1659,1564,1675,1516,1686,1466,1692,1417,1314,1294,1357,1266,1410,1263,1461,1275,1506,1294,1567,1311,1608,1309,1648,1313,1684,1329,1698,1366,1531,1345,1530,1377,1531,1409,1532,1443,1461,1481,1487,1489,1514,1499,1539,1498,1561,1497,1363,1329,1394,1314,1425,1320,1450,1350,1419,1347,1388,1340,1572,1373,1601,1353,1630,1358,1649,1382,1627,1384,1598,1379,1400,1561,1445,1541,1487,1535,1512,1544,1537,1542,1563,1558,1579,1586,1554,1598,1525,1603,1499,1601,1473,1596,1435,1582,1415,1560,1483,1559,1508,1564,1532,1566,1567,1581,1530,1576,1504,1574,1479,1569
1366,h,1,1,1277,1228,1723,1673,45.53333333333333,1221,1344,1216,1410,1216,1477,1223,1541,1248,1602,1292,1647,1351,1679,1410,1704,1471,1717,1525,1714,1571,1691,1610,1657,1638,1613,1659,1564,1675,1516,1686,1466,1692,1417,1314,1294,1357,1266,1410,1263,1461,1275,1506,1294,1567,1311,1608,1309,1648,1313,1684,1329,1698,1366,1531,1345,1530,1377,1531,1409,1532,1443,1461,1481,1487,1489,1514,1499,1539,1498,1561,1497,1363,1329,1394,1314,1425,1320,1450,1350,1419,1347,1388,1340,1572,1373,1601,1353,1630,1358,1649,1382,1627,1384,1598,1379,1400,1561,1445,1541,1487,1535,1512,1544,1537,1542,1563,1558,1579,1586,1554,1598,1525,1603,1499,1601,1473,1596,1435,1582,1415,1560,1483,1559,1508,1564,1532,1566,1567,1581,1530,1576,1504,1574,1479,1569
1367,h,1,1,1277,1228,1723,1673,45.56666666666667,1220,1346,1215,1411,1215,1476,1222,1539,1246,1600,1289,1646,1347,1679,1406,1705,1467,1717,1522,1715,1568,1692,1607,1658,1636,1614,1656,1565,1673,1516,1685,1467,1691,1418,1315,1292,1358,1265,1409,1263,1459,1275,1505,1295,1565,1312,1605,1310,1645,1312,1681,1327,1697,1363,1528,1345,1527,1377,1528,1409,1528,1443,1459,1482,1485,1489,1512,1499,1536,1498,1559,1497,1362,1328,1392,1314,1424,1320,1449,1350,1418,1346,1386,1339,1570,1372,1599,1352,1628,1357,1648,1381,1625,1383,1596,1378,1400,1560,1444,1541,1486,1534,1510,1543,1535,1541,1561,1557,1577,1586,1552,1597,1524,1602,1497,1600,1471,1595,1434,1581,1414,1560,1481,1559,1506,1564,1531,1566,1566,1581,1529,1575,1504,1573,1478,1568
1368,h,1,1,1277,1228,1723,1673,45.6,1220,1349,1214,1415,1214,1481,1220,1545,1245,1604,1290,1649,1347,1680,1407,1704,1467,1717,1521,1716,1567,1693,1605,1661,1633,1617,1653,1568,1670,1519,1682,1470,1687,1420,1314,1291,1357,1266,1409,1263,1459,1276,1504,1295,1565,1311,1605,1309,1645,1312,1680,1326,1696,1361,1529,1347,1529,1378,1529,1409,1530,1442,1459,1482,1485,1490,1512,1500,1536,1499,1558,1498,1362,1329,1392,1315,1423,1321,1448,1351,1417,1347,1386,1340,1570,1373,1598,1353,1627,1358,1647,1382,1624,1384,1596,1379,1397,1560,1441,1542,1483,1536,1508,1546,1534,1544,1560,1559,1577,1588,1551,1599,1523,1604,1495,1602,1467,1596,1431,1581,1412,1560,1478,1561,1504,1567,1530,1569,1565,1584,1527,1577,1501,1575,1475,1569
1369,h,1,1,1277,1228,1723,1673,45.63333333333333,1220,1349,1214,1415,1214,1481,1220,1545,1245,1604,1290,1649,1347,1680,1407,1704,1467,1717,1521,1716,1567,1693,1605,1661,1633,1617,1653,1568,1670,1519,1682,1470,1687,1420,1314,1291,1357,1266,1409,1263,1459,1276,1504,1295,1565,1311,1605,1309,1645,1312,1680,1326,1696,1361,1529,1347,1529,1378,1529,1409,1530,1442,1459,1482,1485,1490,1512,1500,1536,1499,1558,1498,1362,1329,1392,1315,1423,1321,1448,1351,1417,1347,1386,1340,1570,1373,1598,1353,1627,1358,1647,1382,1624,1384,1596,1379,1397,1560,1441,1542,1483,1536,1508,1546,1534,1544,1560,1559,1577,1588,1551,1599,1523,1604,1495,1602,1467,1596,1431,1581,1412,1560,1478,1561,1504,1567,1530,1569,1565,1584,1527,1577,1501,1575,1475,1569
1370,h,1,1,1277,1228,1723,1673,45.666666666666664,1219,1344,1214,1410,1214,1476,1221,1541,1244,1602,1287,1650,1344,1683,1403,1710,1465,1723,1521,1721,1567,1697,1606,1662,1634,1617,1654,1566,1671,1517,1682,1467,1686,1418,1314,1290,1358,1267,1409,1265,1458,1277,1503,1295,1563,1311,1602,1310,1640,1314,1674,1328,1691,1360,1527,1346,1527,1378,1528,1409,1529,1444,1458,1484,1484,1491,1511,1501,1535,1500,1557,1499,1360,1329,1390,1315,1421,1321,1446,1350,1415,1346,1384,1340,1569,1373,1597,1354,1626,1359,1646,1383,1624,1384,1595,1379,1397,1564,1440,1543,1482,1536,1508,1546,1533,1544,1559,1561,1575,1591,1550,1603,1522,1610,1494,1608,1467,1601,1429,1585,1411,1564,1478,1562,1504,1568,1529,1570,1563,1586,1526,1580,1500,1578,1474,1572
1371,h,1,1,1277,1228,1723,1673,45.7,1219,1347,1213,1412,1212,1479,1217,1543,1241,1605,1285,1652,1342,1685,1401,1712,1462,1726,1517,1724,1565,1700,1605,1665,1635,1619,1655,1568,1673,1518,1685,1467,1690,1417,1316,1291,1358,1267,1408,1265,1457,1277,1502,1295,1564,1311,1603,1310,1640,1313,1674,1327,1690,1359,1526,1346,1526,1378,1526,1410,1527,1444,1457,1485,1483,1492,1510,1502,1534,1502,1557,1501,1361,1329,1391,1315,1422,1321,1446,1351,1415,1347,1384,1340,1569,1373,1597,1353,1626,1358,1646,1383,1623,1384,1594,1380,1393,1567,1436,1545,1480,1538,1506,1547,1532,1546,1558,1562,1573,1594,1549,1608,1520,1614,1492,1612,1465,1606,1427,1590,1407,1567,1475,1563,1502,1569,1527,1571,1562,1589,1525,1586,1499,1584,1472,1578
1372,h,1,1,1236,1176,1771,1711,45.733333333333334,1211,1350,1205,1416,1206,1483,1216,1549,1245,1609,1291,1655,1349,1687,1406,1714,1465,1728,1518,1726,1563,1699,1602,1661,1633,1612,1656,1560,1674,1510,1685,1458,1687,1408,1313,1290,1357,1267,1407,1265,1456,1276,1501,1295,1563,1310,1601,1310,1637,1313,1671,1324,1689,1354,1524,1346,1525,1379,1526,1410,1527,1444,1456,1485,1484,1494,1511,1504,1535,1503,1558,1501,1357,1331,1388,1315,1420,1321,1444,1352,1413,1349,1382,1343,1567,1375,1595,1354,1625,1358,1645,1383,1623,1386,1594,1382,1394,1572,1435,1546,1479,1539,1506,1548,1532,1547,1560,1565,1576,1599,1551,1613,1521,1621,1493,1619,1464,1613,1426,1595,1409,1572,1475,1565,1502,1571,1528,1573,1563,1594,1525,1591,1499,1589,1471,1584
1373,h,1,1,1236,1176,1771,1711,45.766666666666666,1211,1350,1205,1416,1206,1483,1216,1549,1245,1609,1291,1655,1349,1687,1406,1714,1465,1728,1518,1726,1563,1699,1602,1661,1633,1612,1656,1560,1674,1510,1685,1458,1687,1408,1313,1290,1357,1267,1407,1265,1456,1276,1501,1295,1563,1310,1601,1310,1637,1313,1671,1324,1689,1354,1524,1346,1525,1379,1526,1410,1527,1444,1456,1485,1484,1494,1511,1504,1535,1503,1558,1501,1357,1331,1388,1315,1420,1321,1444,1352,1413,1349,1382,1343,1567,1375,1595,1354,1625,1358,1645,1383,1623,1386,1594,1382,1394,1572,1435,1546,1479,1539,1506,1548,1532,1547,1560,1565,1576,1599,1551,1613,1521,1621,1493,1619,1464,1613,1426,1595,1409,1572,1475,1565,1502,1571,1528,1573,1563,1594,1525,1591,1499,1589,1471,1584
1374,h,1,1,1236,1176,1771,1711,45.8,1211,1352,1206,1417,1208,1482,1217,1546,1245,1606,1291,1651,1348,1684,1406,1712,1465,1727,1517,1725,1563,1699,1603,1663,1634,1615,1657,1565,1675,1514,1687,1462,1689,1412,1313,1289,1356,1266,1406,1264,1456,1275,1501,1294,1560,1309,1597,1307,1636,1311,1670,1324,1688,1355,1522,1345,1523,1378,1525,1410,1527,1444,1456,1486,1483,1494,1511,1505,1535,1504,1559,1501,1357,1330,1387,1314,1419,1319,1444,1350,1413,1346,1381,1340,1567,1374,1595,1353,1625,1357,1646,1383,1623,1385,1593,1380,1392,1568,1437,1546,1481,1539,1508,1549,1533,1548,1559,1565,1577,1598,1548,1612,1519,1618,1492,1615,1464,1608,1426,1591,1408,1568,1477,1564,1504,1570,1528,1573,1564,1593,1524,1590,1499,1587,1472,1581
1375,h,1,1,1236,1176,1771,1711,45.833333333333336,1211,1346,1206,1411,1207,1476,1216,1539,1242,1599,1287,1645,1344,1677,1404,1702,1465,1717,1520,1715,1567,1690,1606,1655,1636,1609,1658,1561,1675,1512,1685,1461,1687,1412,1313,1289,1357,1267,1408,1265,1457,1278,1501,1297,1561,1315,1598,1312,1636,1314,1670,1324,1688,1355,1526,1345,1526,1378,1528,1409,1529,1443,1457,1486,1484,1494,1511,1504,1535,1503,1558,1501,1358,1329,1388,1314,1421,1320,1445,1351,1415,1347,1383,1340,1568,1374,1596,1354,1626,1358,1646,1383,1624,1385,1594,1381,1392,1564,1439,1546,1482,1540,1506,1550,1531,1548,1557,1564,1575,1592,1547,1601,1519,1605,1492,1603,1466,1597,1429,1583,1407,1564,1477,1566,1503,1572,1527,1574,1563,1588,1524,1576,1499,1573,1473,1568
1376,h,1,1,1236,1176,1771,1711,45.86666666666667,1219,1341,1215,1406,1216,1471,1225,1534,1250,1594,1292,1641,1346,1675,1405,1701,1466,1716,1522,1717,1569,1694,1607,1658,1635,1611,1655,1560,1673,1510,1684,1458,1688,1408,1313,1288,1355,1265,1406,1263,1454,1275,1499,1294,1562,1312,1602,1309,1641,1312,1676,1325,1693,1360,1523,1343,1523,1375,1524,1407,1524,1442,1457,1484,1483,1492,1510,1501,1533,1500,1556,1499,1357,1329,1387,1314,1420,1320,1445,1350,1413,1347,1381,1340,1568,1373,1596,1353,1626,1357,1647,1382,1624,1385,1594,1381,1394,1561,1441,1544,1483,1537,1507,1547,1530,1545,1556,1562,1576,1591,1547,1597,1519,1600,1495,1598,1469,1592,1432,1579,1410,1562,1479,1561,1504,1567,1526,1569,1563,1585,1523,1571,1500,1568,1476,1563
1377,h,1,1,1236,1176,1771,1711,45.9,1219,1341,1215,1406,1216,1471,1225,1534,1250,1594,1292,1641,1346,1675,1405,1701,1466,1716,1522,1717,1569,1694,1607,1658,1635,1611,1655,1560,1673,1510,1684,1458,1688,1408,1313,1288,1355,1265,1406,1263,1454,1275,1499,1294,1562,1312,1602,1309,1641,1312,1676,1325,1693,1360,1523,1343,1523,1375,1524,1407,1524,1442,1457,1484,1483,1492,1510,1501,1533,1500,1556,1499,1357,1329,1387,1314,1420,1320,1445,1350,1413,1347,1381,1340,1568,1373,1596,1353,1626,1357,1647,1382,1624,1385,1594,1381,1394,1561,1441,1544,1483,1537,1507,1547,1530,1545,1556,1562,1576,1591,1547,1597,1519,1600,1495,1598,1469,1592,1432,1579,1410,1562,1479,1561,1504,1567,1526,1569,1563,1585,1523,1571,1500,1568,1476,1563
1378,h,1,1,1277,1228,1723,1673,45.93333333333333,1217,1342,1212,1408,1212,1475,1218,1539,1240,1599,1282,1646,1337,1677,1397,1700,1458,1712,1515,1711,1563,1689,1604,1656,1632,1612,1652,1563,1669,1514,1680,1464,1685,1415,1310,1294,1353,1267,1404,1263,1454,1275,1499,1295,1563,1313,1601,1310,1640,1313,1676,1327,1693,1361,1524,1344,1524,1377,1524,1408,1525,1443,1455,1484,1481,1490,1508,1499,1532,1499,1555,1498,1358,1328,1388,1314,1419,1320,1444,1349,1413,1346,1382,1339,1567,1372,1596,1352,1625,1356,1644,1381,1622,1384,1593,1379,1391,1561,1437,1544,1479,1537,1503,1546,1528,1544,1552,1559,1568,1585,1543,1594,1515,1597,1490,1595,1464,1589,1427,1578,1405,1560,1474,1559,1499,1564,1524,1566,1557,1580,1521,1569,1496,1566,1471,1561
1379,h,1,1,1236,1176,1771,1711,45.96666666666667,1203,1351,1197,1416,1197,1483,1208,1547,1236,1607,1282,1652,1340,1683,1399,1709,1460,1723,1514,1721,1560,1698,1601,1664,1631,1617,1654,1567,1673,1517,1683,1466,1685,1417,1309,1290,1352,1267,1402,1265,1451,1275,1497,1295,1561,1313,1597,1311,1634,1314,1668,1325,1686,1355,1521,1345,1522,1378,1523,1408,1524,1442,1453,1485,1480,1493,1507,1503,1531,1502,1555,1500,1354,1330,1384,1315,1416,1320,1442,1350,1410,1346,1379,1340,1565,1373,1594,1353,1623,1357,1644,1382,1621,1384,1591,1379,1389,1564,1435,1546,1479,1539,1505,1548,1529,1546,1556,1562,1574,1592,1546,1600,1517,1605,1491,1604,1463,1598,1425,1584,1403,1564,1474,1565,1501,1572,1525,1573,1562,1587,1522,1574,1497,1572,1470,1567
1380,h,1,1,1236,1176,1771,1711,46.0,1208,1348,1200,1414,1200,1480,1210,1546,1237,1606,1283,1653,1340,1689,1398,1719,1460,1736,1515,1734,1561,1705,1601,1666,1631,1616,1654,1565,1674,1514,1686,1462,1688,1412,1312,1287,1354,1266,1403,1264,1451,1275,1496,1295,1557,1311,1595,1309,1633,1313,1668,1325,1687,1355,1519,1346,1519,1378,1520,1410,1521,1443,1451,1487,1478,1495,1505,1505,1530,1504,1554,1501,1353,1329,1383,1314,1415,1320,1439,1350,1409,1345,1377,1339,1566,1374,1593,1353,1623,1358,1645,1383,1621,1384,1591,1379,1387,1571,1429,1546,1474,1538,1502,1548,1528,1546,1558,1564,1574,1600,1548,1619,1517,1629,1489,1628,1458,1621,1419,1599,1403,1572,1470,1567,1499,1573,1524,1575,1560,1596,1521,1596,1495,1594,1466,1589
1381,h,1,1,1236,1176,1771,1711,46.03333333333333,1208,1348,1200,1414,1200,1480,1210,1546,1237,1606,1283,1653,1340,1689,1398,1719,1460,1736,1515,1734,1561,1705,1601,1666,1631,1616,1654,1565,1674,1514,1686,1462,1688,1412,1312,1287,1354,1266,1403,1264,1451,1275,1496,1295,1557,1311,1595,1309,1633,1313,1668,1325,1687,1355,1519,1346,1519,1378,1520,1410,1521,1443,1451,1487,1478,1495,1505,1505,1530,1504,1554,1501,1353,1329,1383,1314,1415,1320,1439,1350,1409,1345,1377,1339,1566,1374,1593,1353,1623,1358,1645,1383,1621,1384,1591,1379,1387,1571,1429,1546,1474,1538,1502,1548,1528,1546,1558,1564,1574,1600,1548,1619,1517,1629,1489,1628,1458,1621,1419,1599,1403,1572,1470,1567,1499,1573,1524,1575,1560,1596,1521,1596,1495,1594,1466,1589
1382,h,1,1,1236,1176,1771,1711,46.06666666666667,1200,1354,1194,1421,1196,1488,1208,1554,1239,1613,1287,1660,1344,1694,1400,1723,1460,1739,1513,1736,1558,1708,1598,1669,1630,1621,1654,1570,1675,1518,1686,1465,1687,1414,1309,1288,1352,1266,1402,1264,1450,1275,1496,1294,1557,1309,1594,1307,1632,1310,1667,1321,1685,1349,1519,1344,1520,1378,1521,1410,1522,1445,1450,1485,1477,1494,1505,1504,1531,1503,1556,1500,1353,1331,1383,1315,1416,1320,1441,1350,1409,1346,1378,1339,1564,1373,1592,1353,1623,1357,1643,1382,1620,1383,1591,1379,1386,1572,1426,1544,1473,1536,1501,1546,1527,1543,1558,1563,1573,1604,1547,1629,1515,1643,1486,1642,1456,1634,1416,1610,1402,1574,1469,1564,1498,1570,1523,1573,1559,1600,1519,1608,1493,1607,1464,1600
1383,h,1,1,1236,1176,1771,1711,46.1,1201,1354,1196,1421,1198,1488,1210,1553,1241,1613,1289,1659,1347,1692,1403,1722,1463,1737,1516,1734,1560,1705,1600,1667,1631,1619,1656,1568,1677,1516,1688,1463,1690,1411,1308,1290,1350,1267,1399,1264,1448,1275,1493,1295,1558,1309,1595,1307,1634,1311,1668,1323,1685,1354,1518,1344,1519,1378,1520,1410,1522,1445,1449,1484,1477,1494,1506,1505,1532,1503,1557,1499,1351,1330,1381,1315,1415,1320,1439,1351,1409,1347,1377,1340,1564,1374,1592,1353,1623,1357,1645,1382,1621,1384,1591,1380,1385,1573,1426,1545,1473,1536,1502,1546,1529,1544,1558,1563,1574,1603,1548,1626,1517,1639,1487,1638,1456,1631,1416,1609,1401,1574,1469,1563,1498,1568,1525,1571,1560,1599,1521,1605,1493,1604,1464,1598
1384,h,1,1,1236,1176,1771,1711,46.13333333333333,1201,1354,1196,1421,1198,1488,1210,1553,1241,1613,1289,1659,1347,1692,1403,1722,1463,1737,1516,1734,1560,1705,1600,1667,1631,1619,1656,1568,1677,1516,1688,1463,1690,1411,1308,1290,1350,1267,1399,1264,1448,1275,1493,1295,1558,1309,1595,1307,1634,1311,1668,1323,1685,1354,1518,1344,1519,1378,1520,1410,1522,1445,1449,1484,1477,1494,1506,1505,1532,1503,1557,1499,1351,1330,1381,1315,1415,1320,1439,1351,1409,1347,1377,1340,1564,1374,1592,1353,1623,1357,1645,1382,1621,1384,1591,1380,1385,1573,1426,1545,1473,1536,1502,1546,1529,1544,1558,1563,1574,1603,1548,1626,1517,1639,1487,1638,1456,1631,1416,1609,1401,1574,1469,1563,1498,1568,1525,1571,1560,1599,1521,1605,1493,1604,1464,1598
1385,h,1,1,1236,1176,1771,1711,46.166666666666664,1199,1356,1194,1422,1195,1489,1207,1553,1236,1612,1285,1657,1344,1689,1401,1718,1461,1734,1516,1731,1561,1703,1600,1665,1631,1617,1653,1566,1672,1516,1682,1464,1684,1415,1305,1294,1347,1269,1397,1265,1448,1275,1495,1294,1556,1309,1593,1308,1632,1311,1667,1323,1684,1353,1519,1344,1520,1378,1521,1410,1523,1445,1449,1484,1477,1494,1506,1505,1533,1503,1558,1499,1352,1330,1382,1314,1415,1319,1439,1350,1409,1346,1377,1340,1562,1373,1591,1352,1621,1356,1642,1382,1619,1383,1589,1379,1385,1571,1429,1545,1476,1537,1503,1547,1529,1544,1559,1563,1574,1600,1548,1620,1516,1630,1488,1629,1459,1623,1419,1603,1401,1572,1471,1563,1499,1568,1525,1571,1561,1596,1521,1599,1494,1597,1466,1592
1386,h,1,1,1277,1228,1723,1673,46.2,1213,1347,1210,1413,1212,1480,1219,1545,1243,1606,1286,1655,1341,1689,1400,1717,1462,1732,1519,1729,1567,1703,1606,1665,1634,1617,1654,1566,1672,1516,1683,1465,1687,1415,1307,1294,1349,1268,1399,1264,1449,1276,1495,1295,1557,1312,1596,1310,1635,1313,1670,1327,1688,1359,1520,1346,1520,1378,1521,1410,1522,1445,1450,1484,1478,1493,1506,1503,1531,1502,1556,1499,1353,1330,1383,1314,1415,1320,1440,1350,1409,1346,1377,1339,1565,1373,1592,1352,1622,1357,1643,1382,1620,1383,1591,1379,1386,1571,1428,1545,1474,1536,1501,1546,1528,1544,1557,1562,1573,1599,1548,1620,1516,1629,1488,1627,1458,1621,1418,1601,1401,1572,1469,1565,1498,1570,1524,1572,1560,1595,1521,1596,1494,1595,1465,1589
1387,h,1,1,1277,1228,1723,1673,46.233333333333334,1214,1345,1210,1412,1212,1478,1220,1543,1243,1604,1284,1654,1339,1689,1398,1718,1461,1732,1518,1729,1566,1703,1606,1666,1635,1617,1655,1566,1673,1515,1686,1463,1690,1412,1306,1296,1347,1269,1397,1265,1448,1276,1493,1295,1557,1311,1597,1309,1638,1312,1675,1327,1692,1361,1519,1346,1519,1379,1520,1411,1521,1445,1450,1485,1477,1494,1505,1503,1531,1502,1555,1500,1352,1330,1383,1315,1415,1320,1440,1350,1409,1346,1377,1340,1564,1373,1592,1352,1623,1357,1644,1382,1620,1383,1590,1379,1386,1571,1428,1545,1474,1537,1502,1547,1529,1545,1557,1563,1574,1599,1547,1620,1516,1630,1487,1628,1457,1622,1418,1602,1401,1572,1469,1564,1498,1569,1524,1571,1561,1595,1521,1598,1493,1597,1465,1591
1388,h,1,1,1277,1228,1723,1673,46.266666666666666,1214,1345,1210,1412,1212,1478,1220,1543,1243,1604,1284,1654,1339,1689,1398,1718,1461,1732,1518,1729,1566,1703,1606,1666,1635,1617,1655,1566,1673,1515,1686,1463,1690,1412,1306,1296,1347,1269,1397,1265,1448,1276,1493,1295,1557,1311,1597,1309,1638,1312,1675,1327,1692,1361,1519,1346,1519,1379,1520,1411,1521,1445,1450,1485,1477,1494,1505,1503,1531,1502,1555,1500,1352,1330,1383,1315,1415,1320,1440,1350,1409,1346,1377,1340,1564,1373,1592,1352,1623,1357,1644,1382,1620,1383,1590,1379,1386,1571,1428,1545,1474,1537,1502,1547,1529,1545,1557,1563,1574,1599,1547,1620,1516,1630,1487,1628,1457,1622,1418,1602,1401,1572,1469,1564,1498,1569,1524,1571,1561,1595,1521,1598,1493,1597,1465,1591
1389,h,1,1,1277,1228,1723,1673,46.3,1216,1346,1212,1412,1214,1478,1223,1542,1246,1603,1288,1652,1342,1687,1398,1715,1460,1730,1517,1727,1564,1701,1603,1664,1631,1615,1652,1564,1671,1515,1682,1465,1686,1416,1311,1291,1352,1267,1402,1264,1451,1275,1496,1294,1557,1310,1596,1308,1635,1312,1669,1326,1686,1359,1519,1347,1519,1379,1520,1410,1521,1444,1449,1485,1476,1493,1505,1503,1530,1501,1554,1499,1355,1333,1386,1320,1417,1325,1441,1352,1411,1348,1380,1342,1564,1375,1593,1359,1623,1364,1643,1386,1619,1387,1591,1382,1385,1571,1428,1545,1473,1537,1500,1547,1527,1544,1555,1563,1571,1599,1546,1621,1515,1631,1486,1629,1457,1623,1417,1603,1400,1572,1468,1565,1496,1570,1522,1572,1558,1595,1519,1598,1492,1596,1464,1591
1390,h,1,1,1277,1228,1723,1673,46.333333333333336,1213,1351,1209,1416,1211,1481,1219,1545,1244,1606,1287,1655,1342,1691,1400,1720,1463,1735,1520,1732,1567,1704,1606,1665,1634,1616,1654,1564,1672,1514,1683,1463,1687,1413,1304,1298,1347,1271,1397,1265,1448,1275,1495,1294,1553,1310,1594,1307,1636,1311,1672,1328,1689,1364,1517,1345,1518,1378,1519,1410,1520,1444,1449,1484,1476,1493,1504,1503,1530,1501,1554,1498,1351,1335,1383,1321,1415,1326,1439,1353,1409,1350,1377,1344,1561,1376,1590,1359,1620,1363,1640,1386,1617,1388,1588,1383,1385,1570,1427,1543,1472,1536,1500,1546,1526,1543,1556,1562,1572,1599,1547,1622,1516,1632,1487,1630,1456,1624,1417,1603,1400,1572,1468,1564,1496,1570,1522,1572,1559,1595,1520,1599,1492,1597,1463,1591
1391,h,1,1,1277,1228,1723,1673,46.36666666666667,1214,1348,1210,1414,1212,1479,1221,1543,1246,1602,1288,1649,1342,1684,1398,1713,1460,1727,1517,1726,1564,1700,1603,1664,1632,1615,1654,1563,1672,1513,1684,1460,1689,1408,1305,1295,1346,1268,1396,1264,1446,1275,1492,1295,1552,1310,1594,1306,1636,1310,1673,1325,1690,1362,1515,1344,1515,1377,1515,1409,1515,1443,1445,1483,1473,1492,1501,1501,1527,1500,1552,1498,1349,1333,1381,1319,1413,1324,1437,1352,1406,1348,1375,1342,1562,1375,1592,1356,1622,1361,1642,1384,1619,1386,1589,1381,1384,1569,1425,1543,1469,1535,1496,1545,1524,1543,1554,1562,1572,1598,1545,1617,1513,1626,1484,1624,1454,1617,1415,1597,1400,1570,1464,1563,1493,1569,1520,1571,1558,1594,1518,1594,1489,1592,1461,1585
1392,h,1,1,1277,1228,1723,1673,46.4,1214,1348,1210,1414,1212,1479,1221,1543,1246,1602,1288,1649,1342,1684,1398,1713,1460,1727,1517,1726,1564,1700,1603,1664,1632,1615,1654,1563,1672,1513,1684,1460,1689,1408,1305,1295,1346,1268,1396,1264,1446,1275,1492,1295,1552,1310,1594,1306,1636,1310,1673,1325,1690,1362,1515,1344,1515,1377,1515,1409,1515,1443,1445,1483,1473,1492,1501,1501,1527,1500,1552,1498,1349,1333,1381,1319,1413,1324,1437,1352,1406,1348,1375,1342,1562,1375,1592,1356,1622,1361,1642,1384,1619,1386,1589,1381,1384,1569,1425,1543,1469,1535,1496,1545,1524,1543,1554,1562,1572,1598,1545,1617,1513,1626,1484,1624,1454,1617,1415,1597,1400,1570,1464,1563,1493,1569,1520,1571,1558,1594,1518,1594,1489,1592,1461,1585
1393,h,1,1,1277,1228,1723,1673,46.43333333333333,1209,1346,1205,1410,1207,1474,1215,1538,1240,1597,1283,1644,1338,1677,1395,1706,1457,1721,1513,1719,1560,1694,1601,1659,1630,1612,1651,1562,1668,1512,1680,1462,1684,1412,1301,1294,1343,1268,1394,1265,1444,1275,1491,1294,1551,1311,1591,1308,1632,1311,1669,1326,1688,1360,1514,1345,1514,1377,1515,1408,1515,1441,1445,1482,1472,1490,1500,1500,1526,1499,1551,1498,1346,1332,1377,1320,1409,1325,1435,1352,1403,1348,1372,1341,1559,1375,1589,1357,1619,1362,1640,1384,1616,1385,1586,1380,1383,1563,1425,1541,1470,1534,1497,1544,1524,1542,1553,1559,1571,1593,1544,1612,1512,1620,1483,1618,1453,1612,1414,1593,1397,1565,1465,1561,1494,1567,1520,1569,1558,1589,1517,1588,1490,1586,1461,1580
1394,h,1,1,1277,1228,1723,1673,46.46666666666667,1214,1342,1210,1407,1211,1471,1218,1535,1240,1595,1282,1641,1336,1676,1393,1704,1454,1719,1510,1717,1559,1692,1600,1657,1630,1611,1650,1560,1668,1511,1680,1459,1685,1408,1302,1293,1343,1267,1394,1262,1444,1273,1491,1292,1552,1310,1592,1308,1634,1311,1671,1327,1687,1364,1514,1343,1513,1375,1514,1406,1514,1440,1444,1481,1471,1489,1498,1499,1524,1498,1549,1497,1347,1329,1378,1317,1409,1322,1435,1350,1403,1346,1372,1340,1560,1374,1589,1356,1619,1361,1640,1383,1615,1384,1586,1380,1381,1561,1423,1540,1468,1533,1496,1544,1523,1541,1551,1558,1569,1592,1541,1611,1509,1619,1480,1617,1450,1611,1412,1592,1396,1563,1463,1560,1492,1566,1518,1568,1556,1588,1514,1586,1487,1584,1458,1579
1395,h,1,1,1277,1228,1723,1673,46.5,1210,1348,1207,1412,1210,1477,1218,1540,1243,1599,1285,1645,1339,1677,1396,1704,1458,1718,1515,1716,1562,1691,1601,1658,1629,1612,1648,1562,1665,1513,1677,1463,1682,1414,1301,1294,1342,1267,1392,1263,1442,1273,1489,1291,1551,1308,1592,1307,1633,1311,1669,1327,1686,1363,1512,1342,1512,1374,1512,1406,1513,1439,1444,1481,1470,1488,1498,1498,1523,1497,1548,1496,1346,1329,1376,1316,1408,1321,1433,1350,1402,1346,1370,1339,1559,1373,1588,1355,1617,1359,1639,1382,1615,1384,1585,1379,1381,1563,1422,1540,1465,1533,1494,1543,1522,1540,1549,1558,1567,1592,1541,1609,1510,1617,1481,1616,1450,1609,1412,1591,1396,1564,1461,1559,1491,1565,1517,1567,1554,1587,1515,1585,1487,1583,1457,1578
1396,h,1,1,1277,1228,1723,1673,46.53333333333333,1210,1348,1207,1412,1210,1477,1218,1540,1243,1599,1285,1645,1339,1677,1396,1704,1458,1718,1515,1716,1562,1691,1601,1658,1629,1612,1648,1562,1665,1513,1677,1463,1682,1414,1301,1294,1342,1267,1392,1263,1442,1273,1489,1291,1551,1308,1592,1307,1633,1311,1669,1327,1686,1363,1512,1342,1512,1374,1512,1406,1513,1439,1444,1481,1470,1488,1498,1498,1523,1497,1548,1496,1346,1329,1376,1316,1408,1321,1433,1350,1402,1346,1370,1339,1559,1373,1588,1355,1617,1359,1639,1382,1615,1384,1585,1379,1381,1563,1422,1540,1465,1533,1494,1543,1522,1540,1549,1558,1567,1592,1541,1609,1510,1617,1481,1616,1450,1609,1412,1591,1396,1564,1461,1559,1491,1565,1517,1567,1554,1587,1515,1585,1487,1583,1457,1578
1397,h,1,1,1277,1228,1723,1673,46.56666666666667,1212,1345,1209,1409,1210,1474,1218,1537,1241,1596,1283,1642,1336,1675,1393,1702,1454,1716,1510,1714,1558,1690,1599,1655,1628,1609,1648,1559,1666,1510,1677,1460,1682,1409,1300,1292,1341,1265,1392,1262,1442,1272,1488,1291,1550,1308,1591,1306,1632,1310,1669,1325,1686,1361,1511,1343,1511,1375,1511,1406,1511,1439,1442,1480,1469,1488,1496,1498,1522,1497,1547,1495,1345,1329,1375,1315,1407,1321,1433,1350,1401,1346,1370,1340,1558,1374,1587,1354,1618,1359,1639,1383,1615,1384,1585,1379,1380,1560,1423,1539,1467,1532,1494,1543,1521,1540,1549,1557,1567,1590,1539,1606,1508,1614,1480,1612,1450,1605,1412,1587,1396,1561,1462,1559,1491,1565,1516,1567,1554,1586,1512,1582,1486,1580,1457,1574
1398,h,1,1,1277,1228,1723,1673,46.6,1210,1345,1206,1409,1207,1473,1215,1536,1238,1596,1279,1643,1333,1675,1390,1701,1452,1714,1509,1713,1557,1690,1598,1657,1627,1611,1647,1560,1664,1512,1677,1462,1682,1411,1297,1294,1338,1268,1389,1263,1440,1274,1486,1293,1547,1309,1589,1306,1631,1309,1668,1324,1686,1360,1509,1342,1509,1374,1510,1406,1510,1440,1440,1479,1467,1487,1495,1497,1521,1496,1547,1494,1342,1330,1373,1315,1405,1320,1431,1349,1399,1346,1367,1340,1556,1371,1585,1352,1615,1356,1636,1380,1612,1381,1583,1377,1379,1560,1422,1539,1466,1532,1494,1542,1520,1540,1548,1556,1566,1587,1539,1602,1508,1610,1480,1609,1451,1602,1412,1585,1395,1560,1461,1558,1490,1565,1516,1567,1553,1583,1513,1580,1486,1578,1458,1572
1399,h,1,1,1277,1228,1723,1673,46.63333333333333,1210,1345,1206,1409,1207,1473,1215,1536,1238,1596,1279,1643,1333,1675,1390,1701,1452,1714,1509,1713,1557,1690,1598,1657,1627,1611,1647,1560,1664,1512,1677,1462,1682,1411,1297,1294,1338,1268,1389,1263,1440,1274,1486,1293,1547,1309,1589,1306,1631,1309,1668,1324,1686,1360,1509,1342,1509,1374,1510,1406,1510,1440,1440,1479,1467,1487,1495,1497,1521,1496,1547,1494,1342,1330,1373,1315,1405,1320,1431,1349,1399,1346,1367,1340,1556,1371,1585,1352,1615,1356,1636,1380,1612,1381,1583,1377,1379,1560,1422,1539,1466,1532,1494,1542,1520,1540,1548,1556,1566,1587,1539,1602,1508,1610,1480,1609,1451,1602,1412,1585,1395,1560,1461,1558,1490,1565,1516,1567,1553,1583,1513,1580,1486,1578,1458,1572
1400,h,1,1,1277,1228,1723,1673,46.666666666666664,1212,1345,1208,1409,1209,1473,1217,1537,1239,1596,1280,1643,1334,1675,1391,1700,1452,1713,1508,1712,1556,1689,1597,1656,1626,1611,1646,1562,1663,1513,1676,1462,1680,1411,1297,1293,1339,1266,1390,1261,1441,1271,1486,1291,1547,1307,1588,1305,1630,1309,1667,1327,1684,1364,1509,1339,1509,1372,1509,1403,1509,1438,1440,1478,1467,1486,1494,1495,1520,1495,1545,1493,1343,1327,1373,1314,1405,1320,1430,1347,1398,1343,1367,1337,1556,1370,1584,1352,1613,1357,1635,1379,1610,1381,1582,1376,1378,1557,1422,1538,1464,1531,1492,1541,1518,1539,1545,1555,1565,1585,1536,1598,1506,1604,1478,1603,1448,1596,1411,1580,1394,1558,1459,1557,1488,1563,1514,1565,1552,1581,1510,1574,1484,1572,1456,1566
1401,h,1,1,1277,1228,1723,1673,46.7,1211,1347,1208,1411,1211,1475,1218,1537,1241,1595,1281,1640,1334,1672,1390,1697,1452,1710,1509,1709,1555,1687,1595,1655,1624,1610,1644,1561,1660,1513,1673,1463,1678,1411,1295,1294,1336,1265,1388,1259,1440,1269,1487,1289,1547,1304,1589,1301,1631,1307,1668,1325,1683,1365,1509,1339,1509,1371,1509,1402,1509,1436,1440,1477,1467,1485,1494,1494,1520,1493,1544,1492,1343,1326,1374,1313,1405,1318,1430,1347,1399,1343,1368,1336,1554,1369,1583,1350,1612,1355,1633,1379,1609,1380,1580,1375,1381,1556,1425,1538,1466,1531,1493,1541,1518,1539,1546,1555,1565,1584,1536,1594,1507,1599,1480,1597,1451,1590,1415,1576,1396,1557,1461,1556,1489,1563,1514,1564,1553,1580,1512,1570,1486,1568,1458,1563
1402,h,1,1,1277,1228,1723,1673,46.733333333333334,1212,1345,1208,1408,1210,1472,1218,1535,1241,1593,1281,1639,1332,1672,1387,1698,1449,1712,1506,1711,1553,1688,1593,1654,1622,1608,1643,1560,1660,1510,1671,1460,1676,1409,1298,1290,1339,1265,1389,1259,1439,1269,1484,1289,1546,1304,1585,1301,1624,1305,1658,1321,1675,1355,1508,1339,1508,1371,1509,1402,1509,1436,1440,1477,1466,1484,1494,1494,1519,1494,1544,1492,1343,1326,1373,1313,1405,1318,1430,1346,1399,1343,1367,1337,1553,1368,1582,1350,1611,1354,1632,1377,1608,1379,1579,1374,1380,1556,1424,1537,1466,1530,1492,1540,1518,1538,1545,1555,1565,1586,1536,1598,1505,1602,1478,1601,1450,1594,1414,1578,1395,1557,1461,1555,1488,1562,1513,1564,1553,1581,1510,1572,1484,1570,1457,1564
1403,h,1,1,1277,1228,1723,1673,46.766666666666666,1212,1345,1208,1408,1210,1472,1218,1535,1241,1593,1281,1639,1332,1672,1387,1698,1449,1712,1506,1711,1553,1688,1593,1654,1622,1608,1643,1560,1660,1510,1671,1460,1676,1409,1298,1290,1339,1265,1389,1259,1439,1269,1484,1289,1546,1304,1585,1301,1624,1305,1658,1321,1675,1355,1508,1339,1508,1371,1509,1402,1509,1436,1440,1477,1466,1484,1494,1494,1519,1494,1544,1492,1343,1326,1373,1313,1405,1318,1430,1346,1399,1343,1367,1337,1553,1368,1582,1350,1611,1354,1632,1377,1608,1379,1579,1374,1380,1556,1424,1537,1466,1530,1492,1540,1518,1538,1545,1555,1565,1586,1536,1598,1505,1602,1478,1601,1450,1594,1414,1578,1395,1557,1461,1555,1488,1562,1513,1564,1553,1581,1510,1572,1484,1570,1457,1564
1404,h,1,1,1277,1228,1723,1673,46.8,1207,1342,1203,1407,1205,1472,1213,1536,1236,1595,1277,1640,1330,1673,1387,1698,1448,1711,1504,1709,1551,1685,1590,1653,1620,1609,1642,1560,1659,1511,1671,1459,1675,1408,1298,1286,1340,1262,1390,1259,1439,1270,1484,1288,1545,1304,1583,1301,1621,1304,1656,1317,1674,1348,1506,1339,1507,1371,1508,1402,1509,1436,1438,1477,1465,1485,1493,1494,1518,1494,1542,1492,1341,1326,1372,1313,1403,1318,1428,1346,1397,1343,1366,1337,1551,1367,1580,1348,1610,1352,1630,1375,1607,1378,1578,1373,1378,1558,1422,1537,1464,1530,1490,1539,1515,1537,1541,1553,1558,1583,1532,1597,1503,1603,1476,1601,1448,1595,1412,1581,1394,1558,1459,1555,1486,1561,1511,1563,1546,1579,1508,1573,1482,1572,1455,1566
1405,h,1,1,1277,1228,1723,1673,46.833333333333336,1209,1345,1205,1410,1207,1475,1215,1538,1239,1597,1279,1643,1332,1677,1388,1702,1451,1715,1507,1713,1552,1691,1591,1658,1621,1613,1642,1564,1660,1515,1671,1465,1676,1414,1297,1287,1339,1263,1389,1259,1438,1270,1483,1289,1545,1305,1583,1303,1622,1306,1656,1319,1674,1351,1507,1338,1507,1371,1508,1402,1508,1436,1438,1478,1465,1485,1492,1495,1518,1494,1543,1492,1341,1326,1371,1313,1403,1318,1429,1346,1397,1342,1366,1336,1552,1368,1581,1349,1610,1353,1631,1377,1607,1378,1578,1373,1380,1559,1423,1537,1465,1530,1491,1540,1517,1538,1543,1553,1561,1585,1534,1597,1505,1604,1477,1602,1449,1595,1413,1580,1395,1558,1460,1556,1487,1562,1512,1563,1549,1580,1509,1574,1484,1572,1456,1566
1406,h,1,1,1228,1228,1673,1673,46.86666666666667,1201,1346,1195,1412,1194,1478,1199,1543,1222,1603,1266,1650,1324,1681,1384,1706,1448,1719,1505,1715,1551,1692,1591,1658,1620,1613,1640,1564,1657,1515,1667,1466,1671,1417,1294,1291,1336,1264,1388,1259,1439,1269,1484,1288,1545,1302,1584,1300,1622,1304,1656,1319,1672,1351,1508,1339,1509,1372,1509,1403,1510,1438,1438,1477,1466,1485,1493,1494,1519,1494,1542,1492,1341,1327,1372,1313,1402,1319,1427,1346,1398,1342,1367,1336,1552,1366,1581,1348,1609,1352,1629,1374,1607,1376,1579,1372,1376,1557,1422,1537,1464,1530,1490,1540,1518,1538,1544,1554,1560,1584,1534,1595,1505,1602,1476,1600,1448,1594,1412,1580,1392,1557,1460,1555,1486,1561,1513,1563,1548,1579,1510,1573,1482,1572,1455,1567
1407,h,1,1,1228,1228,1673,1673,46.9,1201,1346,1195,1412,1194,1478,1199,1543,1222,1603,1266,1650,1324,1681,1384,1706,1448,1719,1505,1715,1551,1692,1591,1658,1620,1613,1640,1564,1657,1515,1667,1466,1671,1417,1294,1291,1336,1264,1388,1259,1439,1269,1484,1288,1545,1302,1584,1300,1622,1304,1656,1319,1672,1351,1508,1339,1509,1372,1509,1403,1510,1438,1438,1477,1466,1485,1493,1494,1519,1494,1542,1492,1341,1327,1372,1313,1402,1319,1427,1346,1398,1342,1367,1336,1552,1366,1581,1348,1609,1352,1629,1374,1607,1376,1579,1372,1376,1557,1422,1537,1464,1530,1490,1540,1518,1538,1544,1554,1560,1584,1534,1595,1505,1602,1476,1600,1448,1594,1412,1580,1392,1557,1460,1555,1486,1561,1513,1563,1548,1579,1510,1573,1482,1572,1455,1567
1408,h,1,1,1228,1228,1673,1673,46.93333333333333,1203,1345,1196,1413,1195,1480,1201,1545,1225,1605,1268,1651,1324,1683,1384,1708,1447,1722,1504,1718,1552,1694,1594,1660,1623,1615,1644,1565,1660,1515,1669,1466,1673,1416,1296,1290,1337,1264,1387,1258,1437,1269,1482,1288,1544,1305,1582,1302,1621,1305,1656,1319,1672,1350,1507,1339,1506,1372,1507,1403,1508,1438,1437,1478,1464,1485,1491,1495,1517,1494,1540,1492,1341,1326,1372,1313,1402,1319,1427,1346,1397,1342,1367,1336,1552,1367,1581,1348,1608,1352,1629,1374,1606,1376,1579,1372,1375,1558,1419,1537,1461,1530,1487,1539,1515,1538,1542,1553,1559,1584,1532,1597,1502,1604,1473,1602,1445,1596,1408,1582,1390,1558,1457,1555,1483,1561,1511,1562,1547,1580,1507,1575,1479,1573,1452,1569
1409,h,1,1,1228,1228,1673,1673,46.96666666666667,1199,1341,1192,1408,1191,1475,1196,1541,1221,1601,1265,1648,1322,1681,1382,1708,1444,1723,1502,1719,1550,1694,1591,1660,1622,1614,1643,1564,1659,1512,1668,1462,1672,1411,1294,1290,1336,1264,1387,1261,1437,1272,1482,1292,1545,1307,1583,1303,1621,1306,1656,1319,1672,1349,1507,1340,1507,1372,1508,1404,1509,1438,1436,1477,1464,1485,1492,1495,1518,1494,1542,1492,1341,1326,1371,1313,1402,1319,1426,1346,1397,1343,1366,1337,1552,1367,1580,1348,1608,1352,1628,1374,1606,1377,1578,1373,1374,1558,1419,1538,1462,1530,1487,1540,1515,1538,1542,1554,1559,1585,1533,1601,1503,1608,1474,1607,1445,1600,1408,1584,1389,1559,1457,1556,1483,1561,1511,1563,1547,1581,1508,1580,1480,1578,1453,1573
1410,h,1,1,1228,1228,1673,1673,47.0,1205,1339,1199,1406,1198,1473,1205,1539,1229,1599,1271,1647,1326,1681,1383,1709,1444,1724,1499,1721,1547,1695,1589,1660,1620,1614,1642,1564,1660,1513,1671,1461,1676,1409,1298,1290,1338,1264,1388,1261,1437,1273,1481,1293,1546,1308,1584,1304,1622,1306,1655,1319,1671,1349,1508,1343,1508,1374,1508,1405,1508,1438,1437,1479,1465,1487,1491,1496,1517,1495,1540,1493,1341,1327,1372,1314,1403,1320,1427,1349,1397,1345,1366,1338,1552,1368,1580,1348,1609,1352,1629,1374,1608,1377,1579,1374,1374,1563,1417,1538,1460,1531,1486,1541,1514,1539,1542,1556,1558,1590,1532,1608,1501,1616,1472,1614,1443,1608,1406,1592,1389,1563,1456,1557,1482,1562,1510,1564,1545,1586,1506,1587,1477,1585,1451,1581
1411,h,1,1,1228,1228,1673,1673,47.03333333333333,1205,1339,1199,1406,1198,1473,1205,1539,1229,1599,1271,1647,1326,1681,1383,1709,1444,1724,1499,1721,1547,1695,1589,1660,1620,1614,1642,1564,1660,1513,1671,1461,1676,1409,1298,1290,1338,1264,1388,1261,1437,1273,1481,1293,1546,1308,1584,1304,1622,1306,1655,1319,1671,1349,1508,1343,1508,1374,1508,1405,1508,1438,1437,1479,1465,1487,1491,1496,1517,1495,1540,1493,1341,1327,1372,1314,1403,1320,1427,1349,1397,1345,1366,1338,1552,1368,1580,1348,1609,1352,1629,1374,1608,1377,1579,1374,1374,1563,1417,1538,1460,1531,1486,1541,1514,1539,1542,1556,1558,1590,1532,1608,1501,1616,1472,1614,1443,1608,1406,1592,1389,1563,1456,1557,1482,1562,1510,1564,1545,1586,1506,1587,1477,1585,1451,1581
1412,h,1,1,1228,1228,1673,1673,47.06666666666667,1197,1344,1189,1413,1189,1481,1196,1548,1219,1610,1262,1661,1317,1698,1375,1728,1438,1744,1496,1740,1544,1712,1587,1673,1617,1626,1641,1574,1661,1522,1672,1469,1677,1416,1297,1289,1340,1264,1389,1261,1438,1272,1482,1291,1544,1306,1581,1303,1619,1306,1652,1318,1670,1348,1506,1341,1506,1373,1506,1405,1506,1438,1436,1480,1463,1488,1489,1498,1515,1497,1538,1495,1340,1326,1371,1312,1402,1318,1426,1347,1396,1343,1365,1336,1552,1367,1580,1347,1608,1351,1628,1374,1607,1376,1579,1373,1368,1570,1411,1541,1456,1533,1482,1543,1511,1541,1541,1558,1556,1596,1531,1621,1498,1630,1468,1629,1439,1623,1400,1604,1382,1571,1451,1559,1478,1564,1507,1566,1544,1593,1503,1601,1474,1598,1446,1593
1413,h,1,1,1176,1176,1711,1711,47.1,1195,1349,1187,1415,1187,1482,1195,1547,1220,1609,1264,1659,1321,1694,1379,1725,1441,1741,1499,1736,1548,1707,1592,1668,1624,1620,1647,1568,1666,1516,1677,1464,1680,1413,1297,1288,1339,1264,1386,1261,1435,1271,1478,1291,1543,1306,1580,1303,1619,1304,1654,1315,1675,1343,1505,1341,1505,1373,1505,1403,1506,1437,1434,1480,1462,1489,1489,1498,1515,1498,1539,1495,1339,1327,1369,1311,1402,1317,1425,1347,1396,1343,1364,1337,1551,1368,1580,1346,1610,1350,1630,1375,1608,1376,1579,1373,1367,1574,1409,1543,1455,1533,1482,1543,1512,1541,1543,1560,1558,1599,1533,1624,1500,1635,1468,1633,1439,1627,1398,1608,1381,1574,1451,1561,1478,1565,1507,1568,1546,1596,1504,1605,1474,1603,1446,1599
1414,h,1,1,1176,1176,1711,1711,47.13333333333333,1195,1349,1187,1415,1187,1482,1195,1547,1220,1609,1264,1659,1321,1694,1379,1725,1441,1741,1499,1736,1548,1707,1592,1668,1624,1620,1647,1568,1666,1516,1677,1464,1680,1413,1297,1288,1339,1264,1386,1261,1435,1271,1478,1291,1543,1306,1580,1303,1619,1304,1654,1315,1675,1343,1505,1341,1505,1373,1505,1403,1506,1437,1434,1480,1462,1489,1489,1498,1515,1498,1539,1495,1339,1327,1369,1311,1402,1317,1425,1347,1396,1343,1364,1337,1551,1368,1580,1346,1610,1350,1630,1375,1608,1376,1579,1373,1367,1574,1409,1543,1455,1533,1482,1543,1512,1541,1543,1560,1558,1599,1533,1624,1500,1635,1468,1633,1439,1627,1398,1608,1381,1574,1451,1561,1478,1565,1507,1568,1546,1596,1504,1605,1474,1603,1446,1599
1415,h,1,1,1228,1228,1673,1673,47.166666666666664,1194,1348,1187,1416,1186,1486,1194,1551,1219,1613,1262,1663,1318,1699,1377,1728,1439,1743,1496,1738,1542,1712,1583,1674,1614,1627,1637,1575,1656,1523,1666,1470,1670,1418,1295,1292,1337,1265,1387,1260,1438,1271,1482,1290,1540,1305,1577,1301,1615,1304,1648,1319,1664,1350,1505,1340,1505,1372,1506,1404,1507,1438,1436,1480,1463,1488,1490,1497,1516,1497,1540,1495,1338,1327,1369,1313,1400,1319,1424,1347,1395,1343,1364,1337,1550,1367,1578,1347,1607,1351,1626,1373,1605,1375,1577,1372,1367,1574,1410,1543,1457,1533,1484,1543,1513,1540,1543,1559,1556,1598,1532,1624,1500,1635,1469,1635,1440,1629,1399,1610,1382,1574,1453,1560,1480,1565,1509,1567,1545,1595,1505,1603,1475,1602,1447,1597
1416,h,1,1,1176,1176,1711,1711,47.2,1194,1348,1187,1415,1186,1483,1194,1548,1221,1609,1266,1658,1323,1690,1380,1718,1442,1734,1498,1730,1546,1703,1589,1666,1621,1618,1645,1566,1666,1515,1677,1463,1679,1412,1294,1289,1337,1265,1386,1261,1435,1272,1479,1292,1541,1306,1580,1303,1619,1305,1654,1318,1673,1348,1504,1342,1504,1373,1505,1403,1505,1436,1433,1479,1462,1488,1489,1497,1515,1497,1540,1495,1337,1328,1368,1312,1401,1318,1425,1349,1396,1344,1363,1338,1550,1370,1580,1347,1610,1351,1630,1376,1608,1377,1578,1374,1366,1573,1410,1541,1456,1532,1483,1542,1513,1540,1543,1559,1558,1599,1533,1621,1500,1632,1469,1631,1438,1624,1398,1606,1380,1573,1452,1559,1480,1564,1508,1566,1546,1594,1505,1601,1475,1600,1446,1595
1417,h,1,1,1228,1228,1673,1673,47.233333333333334,1198,1347,1191,1415,1191,1482,1197,1548,1221,1610,1264,1659,1318,1692,1375,1721,1439,1737,1499,1734,1547,1708,1589,1671,1620,1625,1642,1573,1661,1521,1671,1469,1676,1418,1293,1290,1335,1263,1385,1259,1435,1270,1479,1290,1542,1304,1581,1301,1619,1304,1654,1318,1670,1349,1504,1339,1504,1371,1504,1402,1504,1435,1433,1479,1461,1486,1489,1496,1515,1495,1539,1494,1338,1325,1369,1310,1400,1316,1424,1346,1395,1342,1364,1335,1550,1366,1579,1345,1608,1349,1628,1373,1606,1375,1577,1371,1368,1569,1411,1540,1455,1532,1483,1542,1512,1539,1542,1557,1558,1596,1532,1616,1499,1624,1469,1623,1439,1617,1400,1600,1383,1570,1451,1558,1479,1564,1508,1566,1546,1592,1504,1595,1475,1593,1446,1588
1418,h,1,1,1228,1228,1673,1673,47.266666666666666,1198,1347,1191,1415,1191,1482,1197,1548,1221,1610,1264,1659,1318,1692,1375,1721,1439,1737,1499,1734,1547,1708,1589,1671,1620,1625,1642,1573,1661,1521,1671,1469,1676,1418,1293,1290,1335,1263,1385,1259,1435,1270,1479,1290,1542,1304,1581,1301,1619,1304,1654,1318,1670,1349,1504,1339,1504,1371,1504,1402,1504,1435,1433,1479,1461,1486,1489,1496,1515,1495,1539,1494,1338,1325,1369,1310,1400,1316,1424,1346,1395,1342,1364,1335,1550,1366,1579,1345,1608,1349,1628,1373,1606,1375,1577,1371,1368,1569,1411,1540,1455,1532,1483,1542,1512,1539,1542,1557,1558,1596,1532,1616,1499,1624,1469,1623,1439,1617,1400,1600,1383,1570,1451,1558,1479,1564,1508,1566,1546,1592,1504,1595,1475,1593,1446,1588
1419,h,1,1,1228,1228,1673,1673,47.3,1196,1348,1189,1415,1189,1483,1195,1549,1219,1609,1263,1657,1320,1689,1377,1716,1440,1731,1498,1728,1547,1703,1590,1667,1620,1620,1642,1569,1660,1518,1671,1468,1675,1417,1293,1290,1335,1264,1385,1258,1434,1268,1479,1287,1542,1302,1581,1299,1620,1303,1654,1318,1670,1350,1504,1339,1504,1371,1504,1402,1505,1436,1435,1478,1461,1486,1489,1496,1515,1495,1539,1492,1338,1325,1368,1310,1400,1316,1423,1345,1394,1341,1363,1334,1549,1365,1578,1345,1607,1349,1626,1373,1605,1374,1577,1371,1369,1567,1412,1539,1457,1531,1484,1540,1512,1538,1542,1556,1559,1593,1532,1611,1500,1619,1470,1618,1441,1612,1402,1596,1384,1567,1453,1557,1480,1563,1508,1565,1547,1589,1504,1590,1476,1588,1448,1583
1420,h,1,1,1228,1228,1673,1673,47.333333333333336,1193,1348,1188,1415,1188,1482,1195,1548,1219,1608,1264,1656,1319,1688,1377,1715,1440,1730,1497,1727,1545,1702,1588,1666,1618,1620,1640,1569,1658,1518,1669,1466,1672,1414,1291,1288,1334,1263,1384,1258,1435,1269,1479,1288,1543,1304,1581,1301,1620,1305,1654,1318,1670,1349,1505,1340,1505,1372,1506,1402,1507,1436,1435,1478,1462,1486,1489,1495,1515,1494,1538,1493,1336,1325,1368,1310,1399,1317,1424,1347,1393,1342,1362,1336,1549,1368,1578,1347,1607,1351,1627,1375,1605,1377,1576,1373,1368,1565,1413,1539,1458,1531,1484,1540,1513,1539,1542,1556,1558,1593,1531,1612,1499,1619,1469,1617,1440,1611,1401,1595,1382,1566,1453,1557,1480,1562,1508,1564,1546,1589,1504,1589,1475,1587,1448,1583
1421,h,1,1,1228,1228,1673,1673,47.36666666666667,1200,1345,1195,1413,1195,1480,1201,1545,1225,1606,1268,1653,1321,1687,1377,1715,1440,1730,1498,1728,1547,1704,1589,1668,1620,1623,1642,1571,1660,1519,1671,1466,1675,1413,1294,1290,1335,1264,1384,1259,1433,1269,1477,1288,1542,1303,1581,1299,1619,1303,1653,1317,1669,1349,1504,1338,1504,1371,1504,1402,1505,1436,1433,1478,1461,1486,1489,1496,1515,1494,1539,1493,1338,1326,1368,1312,1399,1318,1424,1346,1394,1342,1363,1335,1549,1366,1578,1346,1606,1350,1626,1373,1604,1375,1576,1372,1369,1565,1411,1539,1456,1530,1483,1540,1512,1538,1542,1556,1558,1593,1532,1610,1499,1617,1469,1616,1440,1610,1401,1593,1383,1566,1452,1557,1479,1563,1508,1564,1546,1588,1504,1587,1475,1585,1447,1580
1422,h,1,1,1228,1228,1673,1673,47.4,1200,1345,1195,1413,1195,1480,1201,1545,1225,1606,1268,1653,1321,1687,1377,1715,1440,1730,1498,1728,1547,1704,1589,1668,1620,1623,1642,1571,1660,1519,1671,1466,1675,1413,1294,1290,1335,1264,1384,1259,1433,1269,1477,1288,1542,1303,1581,1299,1619,1303,1653,1317,1669,1349,1504,1338,1504,1371,1504,1402,1505,1436,1433,1478,1461,1486,1489,1496,1515,1494,1539,1493,1338,1326,1368,1312,1399,1318,1424,1346,1394,1342,1363,1335,1549,1366,1578,1346,1606,1350,1626,1373,1604,1375,1576,1372,1369,1565,1411,1539,1456,1530,1483,1540,1512,1538,1542,1556,1558,1593,1532,1610,1499,1617,1469,1616,1440,1610,1401,1593,1383,1566,1452,1557,1479,1563,1508,1564,1546,1588,1504,1587,1475,1585,1447,1580
1423,h,1,1,1228,1228,1673,1673,47.43333333333333,1200,1343,1194,1410,1195,1478,1201,1544,1224,1604,1267,1652,1323,1686,1381,1712,1443,1726,1500,1724,1550,1700,1592,1665,1622,1620,1644,1570,1660,1518,1670,1466,1675,1414,1293,1289,1335,1264,1385,1260,1434,1270,1478,1289,1542,1304,1580,1301,1619,1305,1653,1319,1670,1349,1504,1338,1504,1370,1504,1402,1505,1436,1434,1478,1461,1486,1489,1495,1515,1494,1538,1493,1338,1324,1369,1310,1401,1316,1425,1345,1395,1341,1364,1335,1549,1366,1578,1346,1607,1350,1627,1373,1605,1375,1577,1372,1368,1564,1412,1539,1456,1530,1483,1540,1512,1538,1542,1556,1561,1592,1532,1608,1499,1614,1469,1613,1440,1606,1402,1591,1383,1564,1452,1558,1479,1563,1507,1565,1548,1588,1504,1584,1475,1582,1448,1577
1424,h,1,1,1228,1228,1673,1673,47.46666666666667,1200,1341,1194,1410,1194,1478,1200,1544,1224,1604,1267,1652,1321,1686,1378,1714,1440,1729,1498,1727,1546,1702,1588,1665,1619,1619,1642,1568,1659,1515,1669,1462,1673,1410,1293,1291,1334,1264,1384,1259,1434,1269,1478,1289,1541,1303,1580,1300,1618,1303,1652,1318,1668,1350,1504,1339,1504,1371,1505,1403,1505,1437,1434,1478,1462,1486,1490,1495,1515,1494,1538,1492,1339,1324,1370,1310,1401,1316,1425,1345,1395,1341,1364,1334,1549,1365,1578,1345,1606,1350,1626,1372,1604,1374,1576,1371,1370,1563,1414,1538,1458,1530,1484,1540,1513,1538,1542,1556,1559,1591,1532,1607,1500,1613,1470,1612,1442,1606,1404,1590,1385,1564,1453,1557,1480,1562,1508,1564,1547,1587,1505,1583,1476,1581,1449,1577
1425,h,1,1,1228,1228,1673,1673,47.5,1198,1346,1192,1413,1192,1481,1198,1547,1222,1607,1265,1654,1321,1687,1379,1713,1442,1728,1499,1726,1549,1701,1591,1666,1622,1619,1643,1569,1660,1517,1670,1465,1674,1414,1293,1291,1334,1264,1384,1259,1434,1269,1478,1287,1542,1302,1581,1300,1619,1304,1653,1320,1668,1353,1504,1338,1503,1370,1503,1401,1504,1435,1434,1478,1461,1486,1489,1495,1515,1494,1539,1493,1338,1325,1368,1311,1399,1317,1423,1345,1394,1341,1363,1334,1549,1366,1578,1346,1606,1351,1626,1374,1604,1375,1576,1371,1368,1563,1412,1538,1456,1529,1483,1539,1512,1537,1542,1555,1560,1591,1532,1606,1500,1613,1470,1611,1441,1605,1402,1589,1384,1563,1452,1556,1480,1562,1508,1564,1548,1586,1505,1583,1476,1581,1448,1576
1426,h,1,1,1228,1228,1673,1673,47.53333333333333,1198,1346,1192,1413,1192,1481,1198,1547,1222,1607,1265,1654,1321,1687,1379,1713,1442,1728,1499,1726,1549,1701,1591,1666,1622,1619,1643,1569,1660,1517,1670,1465,1674,1414,1293,1291,1334,1264,1384,1259,1434,1269,1478,1287,1542,1302,1581,1300,1619,1304,1653,1320,1668,1353,1504,1338,1503,1370,1503,1401,1504,1435,1434,1478,1461,1486,1489,1495,1515,1494,1539,1493,1338,1325,1368,1311,1399,1317,1423,1345,1394,1341,1363,1334,1549,1366,1578,1346,1606,1351,1626,1374,1604,1375,1576,1371,1368,1563,1412,1538,1456,1529,1483,1539,1512,1537,1542,1555,1560,1591,1532,1606,1500,1613,1470,1611,1441,1605,1402,1589,1384,1563,1452,1556,1480,1562,1508,1564,1548,1586,1505,1583,1476,1581,1448,1576
1427,h,1,1,1228,1228,1673,1673,47.56666666666667,1200,1343,1195,1411,1195,1479,1201,1545,1224,1605,1267,1652,1321,1685,1378,1712,1442,1727,1500,1725,1548,1700,1590,1664,1619,1618,1641,1568,1658,1516,1668,1465,1673,1413,1293,1287,1334,1262,1384,1259,1432,1270,1475,1289,1542,1304,1580,1301,1619,1303,1652,1317,1669,1347,1503,1338,1503,1370,1503,1402,1504,1435,1434,1477,1461,1485,1489,1494,1514,1493,1538,1492,1337,1324,1368,1310,1399,1316,1423,1345,1394,1340,1363,1334,1549,1366,1577,1345,1606,1349,1626,1372,1604,1374,1576,1371,1368,1563,1413,1537,1458,1529,1483,1538,1511,1537,1541,1555,1559,1591,1531,1606,1499,1613,1469,1611,1441,1605,1402,1589,1384,1564,1453,1556,1479,1561,1507,1564,1547,1587,1504,1583,1475,1580,1449,1576
1428,h,1,1,1228,1228,1673,1673,47.6,1191,1349,1186,1416,1186,1484,1193,1549,1217,1608,1261,1654,1318,1686,1377,1711,1439,1725,1496,1723,1544,1700,1585,1666,1614,1621,1636,1572,1653,1520,1663,1468,1668,1417,1292,1288,1335,1262,1384,1258,1434,1268,1479,1286,1542,1301,1580,1297,1618,1301,1651,1315,1666,1348,1504,1338,1503,1370,1503,1401,1504,1435,1433,1476,1461,1484,1488,1493,1514,1492,1538,1491,1337,1324,1368,1310,1398,1316,1422,1345,1393,1340,1362,1334,1548,1366,1577,1345,1605,1349,1624,1372,1603,1374,1575,1370,1367,1562,1413,1537,1457,1529,1483,1538,1511,1537,1541,1554,1558,1590,1531,1605,1499,1612,1469,1610,1442,1604,1403,1588,1383,1562,1453,1555,1479,1560,1507,1563,1546,1585,1504,1583,1475,1580,1448,1575
1429,h,1,1,1228,1228,1673,1673,47.63333333333333,1191,1349,1186,1416,1186,1484,1193,1549,1217,1608,1261,1654,1318,1686,1377,1711,1439,1725,1496,1723,1544,1700,1585,1666,1614,1621,1636,1572,1653,1520,1663,1468,1668,1417,1292,1288,1335,1262,1384,1258,1434,1268,1479,1286,1542,1301,1580,1297,1618,1301,1651,1315,1666,1348,1504,1338,1503,1370,1503,1401,1504,1435,1433,1476,1461,1484,1488,1493,1514,1492,1538,1491,1337,1324,1368,1310,1398,1316,1422,1345,1393,1340,1362,1334,1548,1366,1577,1345,1605,1349,1624,1372,1603,1374,1575,1370,1367,1562,1413,1537,1457,1529,1483,1538,1511,1537,1541,1554,1558,1590,1531,1605,1499,1612,1469,1610,1442,1604,1403,1588,1383,1562,1453,1555,1479,1560,1507,1563,1546,1585,1504,1583,1475,1580,1448,1575
1430,h,1,1,1176,1176,1711,1711,47.666666666666664,1199,1345,1194,1410,1196,1476,1202,1541,1227,1599,1272,1645,1327,1677,1383,1703,1444,1717,1498,1715,1548,1691,1590,1657,1620,1611,1643,1561,1661,1510,1672,1458,1675,1407,1294,1288,1335,1261,1383,1256,1432,1267,1477,1286,1539,1300,1578,1298,1618,1302,1653,1317,1671,1349,1502,1339,1502,1370,1502,1399,1503,1432,1432,1475,1460,1483,1488,1492,1514,1491,1539,1490,1337,1324,1367,1310,1400,1316,1423,1346,1394,1342,1362,1336,1549,1369,1578,1347,1608,1351,1629,1376,1606,1378,1577,1374,1369,1562,1413,1536,1458,1528,1484,1537,1512,1536,1542,1553,1560,1591,1532,1605,1499,1611,1469,1609,1441,1602,1402,1587,1384,1562,1454,1556,1480,1561,1508,1563,1547,1585,1504,1581,1475,1579,1449,1574
1431,h,1,1,1228,1228,1673,1673,47.7,1198,1344,1192,1411,1192,1479,1197,1544,1221,1605,1264,1651,1320,1684,1378,1709,1439,1723,1496,1722,1545,1699,1586,1665,1617,1620,1639,1570,1656,1518,1666,1465,1671,1413,1293,1286,1335,1260,1384,1256,1433,1267,1476,1286,1541,1301,1579,1298,1617,1302,1651,1316,1667,1348,1502,1337,1502,1369,1502,1400,1502,1433,1432,1476,1460,1483,1487,1492,1513,1491,1537,1490,1337,1323,1367,1309,1398,1315,1422,1344,1392,1339,1361,1332,1547,1365,1576,1345,1604,1349,1625,1372,1602,1374,1574,1370,1366,1561,1411,1536,1456,1528,1482,1537,1511,1536,1541,1554,1559,1589,1530,1604,1498,1611,1468,1610,1439,1603,1400,1588,1381,1561,1451,1554,1478,1559,1506,1562,1546,1585,1503,1582,1474,1579,1446,1575
1432,h,1,1,1228,1228,1673,1673,47.733333333333334,1197,1344,1192,1413,1192,1481,1198,1546,1222,1606,1266,1652,1321,1685,1380,1710,1442,1725,1500,1722,1550,1698,1592,1663,1621,1617,1643,1567,1660,1516,1670,1463,1674,1410,1291,1291,1331,1263,1381,1258,1431,1269,1476,1288,1539,1303,1577,1300,1616,1302,1651,1316,1668,1348,1500,1338,1500,1371,1501,1402,1501,1436,1431,1477,1459,1485,1486,1494,1512,1493,1536,1492,1336,1325,1366,1312,1397,1318,1422,1346,1392,1342,1361,1336,1546,1367,1575,1347,1604,1351,1624,1374,1602,1376,1574,1372,1367,1564,1411,1538,1455,1530,1481,1539,1510,1537,1539,1555,1558,1590,1530,1606,1498,1612,1468,1611,1440,1604,1401,1589,1382,1564,1451,1556,1477,1562,1506,1564,1546,1586,1502,1583,1474,1581,1446,1576
1433,h,1,1,1228,1228,1673,1673,47.766666666666666,1197,1344,1192,1413,1192,1481,1198,1546,1222,1606,1266,1652,1321,1685,1380,1710,1442,1725,1500,1722,1550,1698,1592,1663,1621,1617,1643,1567,1660,1516,1670,1463,1674,1410,1291,1291,1331,1263,1381,1258,1431,1269,1476,1288,1539,1303,1577,1300,1616,1302,1651,1316,1668,1348,1500,1338,1500,1371,1501,1402,1501,1436,1431,1477,1459,1485,1486,1494,1512,1493,1536,1492,1336,1325,1366,1312,1397,1318,1422,1346,1392,1342,1361,1336,1546,1367,1575,1347,1604,1351,1624,1374,1602,1376,1574,1372,1367,1564,1411,1538,1455,1530,1481,1539,1510,1537,1539,1555,1558,1590,1530,1606,1498,1612,1468,1611,1440,1604,1401,1589,1382,1564,1451,1556,1477,1562,1506,1564,1546,1586,1502,1583,1474,1581,1446,1576
1434,h,1,1,1228,1228,1673,1673,47.8,1193,1352,1188,1420,1188,1488,1196,1553,1220,1612,1263,1659,1319,1691,1377,1716,1440,1731,1498,1728,1548,1705,1591,1671,1621,1624,1643,1573,1661,1520,1670,1466,1674,1413,1289,1293,1330,1266,1380,1261,1431,1270,1475,1289,1538,1303,1577,1300,1616,1304,1650,1319,1666,1351,1500,1339,1500,1372,1501,1404,1502,1438,1430,1480,1458,1488,1486,1497,1512,1496,1536,1494,1335,1328,1365,1313,1396,1319,1420,1348,1391,1344,1360,1338,1546,1368,1575,1347,1604,1352,1624,1375,1602,1377,1574,1374,1367,1567,1411,1541,1455,1533,1481,1542,1510,1540,1539,1558,1558,1592,1529,1609,1498,1615,1468,1614,1440,1608,1401,1592,1382,1566,1451,1559,1477,1565,1505,1566,1545,1588,1502,1586,1474,1584,1447,1579
1435,h,1,1,1228,1228,1673,1673,47.833333333333336,1200,1348,1195,1415,1196,1482,1203,1547,1227,1606,1269,1652,1324,1684,1381,1709,1442,1723,1499,1721,1548,1698,1591,1665,1621,1621,1642,1571,1659,1519,1669,1467,1674,1415,1289,1295,1330,1268,1380,1263,1430,1274,1476,1294,1538,1308,1577,1305,1617,1308,1652,1322,1668,1355,1501,1343,1501,1375,1501,1406,1502,1440,1430,1481,1458,1489,1486,1498,1513,1497,1537,1496,1335,1331,1365,1317,1397,1322,1422,1352,1391,1348,1359,1342,1546,1372,1575,1351,1604,1355,1625,1378,1602,1380,1573,1377,1367,1565,1411,1542,1454,1534,1480,1543,1508,1541,1538,1559,1557,1592,1529,1609,1497,1616,1467,1615,1439,1609,1401,1593,1382,1565,1450,1560,1476,1565,1504,1568,1544,1589,1502,1585,1473,1583,1446,1579
1436,h,1,1,1228,1228,1673,1673,47.86666666666667,1197,1348,1192,1414,1193,1481,1198,1546,1221,1606,1263,1652,1319,1684,1377,1710,1439,1725,1496,1723,1546,1701,1589,1668,1619,1623,1641,1573,1658,1522,1669,1469,1674,1415,1288,1297,1329,1270,1379,1264,1429,1274,1474,1293,1539,1307,1578,1304,1618,1308,1652,1323,1667,1356,1501,1344,1501,1376,1501,1407,1501,1441,1430,1482,1458,1490,1486,1500,1513,1499,1537,1497,1335,1330,1366,1316,1397,1322,1421,1351,1391,1348,1360,1341,1546,1372,1575,1351,1604,1355,1624,1378,1602,1381,1574,1377,1367,1567,1411,1543,1454,1535,1480,1544,1509,1542,1538,1559,1556,1593,1529,1609,1498,1615,1468,1614,1440,1608,1401,1593,1382,1567,1450,1561,1476,1566,1505,1568,1544,1589,1502,1586,1473,1584,1447,1580
1437,h,1,1,1228,1228,1673,1673,47.9,1197,1348,1192,1414,1193,1481,1198,1546,1221,1606,1263,1652,1319,1684,1377,1710,1439,1725,1496,1723,1546,1701,1589,1668,1619,1623,1641,1573,1658,1522,1669,1469,1674,1415,1288,1297,1329,1270,1379,1264,1429,1274,1474,1293,1539,1307,1578,1304,1618,1308,1652,1323,1667,1356,1501,1344,1501,1376,1501,1407,1501,1441,1430,1482,1458,1490,1486,1500,1513,1499,1537,1497,1335,1330,1366,1316,1397,1322,1421,1351,1391,1348,1360,1341,1546,1372,1575,1351,1604,1355,1624,1378,1602,1381,1574,1377,1367,1567,1411,1543,1454,1535,1480,1544,1509,1542,1538,1559,1556,1593,1529,1609,1498,1615,1468,1614,1440,1608,1401,1593,1382,1567,1450,1561,1476,1566,1505,1568,1544,1589,1502,1586,1473,1584,1447,1580
1438,h,1,1,1228,1228,1673,1673,47.93333333333333,1195,1354,1189,1420,1189,1486,1195,1551,1219,1610,1263,1656,1319,1686,1377,1712,1439,1727,1496,1725,1545,1703,1588,1670,1620,1625,1642,1575,1658,1523,1669,1471,1674,1419,1287,1297,1329,1270,1380,1263,1431,1273,1477,1293,1539,1307,1579,1304,1619,1309,1655,1326,1671,1361,1502,1344,1502,1376,1503,1407,1503,1441,1432,1482,1459,1490,1487,1499,1513,1498,1538,1497,1334,1332,1365,1317,1397,1322,1422,1352,1392,1348,1360,1342,1546,1373,1576,1352,1605,1357,1626,1381,1604,1382,1575,1378,1367,1565,1412,1544,1456,1536,1482,1545,1510,1543,1540,1560,1558,1593,1531,1609,1499,1616,1470,1614,1442,1608,1403,1592,1384,1566,1452,1561,1478,1566,1506,1568,1545,1590,1504,1587,1475,1584,1449,1579
1439,h,1,1,1176,1176,1711,1711,47.96666666666667,1192,1353,1186,1419,1185,1486,1193,1551,1220,1610,1268,1655,1326,1686,1383,1713,1444,1728,1499,1724,1545,1698,1587,1663,1619,1618,1643,1569,1660,1517,1668,1465,1672,1414,1289,1296,1331,1268,1381,1264,1432,1274,1478,1292,1539,1305,1579,1305,1618,1310,1652,1322,1668,1355,1502,1344,1503,1376,1504,1407,1505,1440,1432,1483,1460,1490,1489,1500,1515,1499,1539,1497,1336,1331,1365,1317,1397,1323,1421,1352,1392,1347,1360,1341,1549,1373,1577,1352,1606,1356,1626,1380,1604,1382,1576,1378,1372,1568,1417,1544,1461,1534,1485,1543,1512,1542,1542,1560,1560,1593,1532,1607,1501,1614,1472,1613,1446,1607,1408,1593,1388,1567,1457,1562,1482,1567,1508,1569,1547,1588,1505,1585,1478,1583,1453,1579
1440,h,1,1,1228,1228,1673,1673,48.0,1198,1343,1190,1409,1189,1475,1193,1540,1215,1602,1258,1650,1315,1683,1374,1710,1436,1726,1493,1723,1540,1700,1582,1666,1613,1622,1636,1572,1653,1520,1662,1469,1666,1419,1293,1293,1336,1267,1385,1264,1436,1274,1480,1294,1543,1310,1579,1306,1617,1310,1650,1324,1666,1355,1505,1343,1505,1375,1506,1407,1507,1441,1436,1481,1463,1488,1490,1498,1516,1497,1539,1495,1339,1329,1369,1315,1400,1321,1424,1349,1394,1344,1364,1338,1549,1369,1578,1350,1606,1354,1625,1377,1603,1379,1576,1375,1373,1560,1420,1541,1463,1533,1487,1542,1513,1541,1541,1558,1558,1588,1530,1603,1500,1610,1471,1609,1445,1603,1408,1587,1389,1561,1458,1559,1482,1564,1509,1566,1546,1584,1505,1581,1478,1579,1453,1574
1441,h,1,1,1228,1228,1673,1673,48.03333333333333,1198,1343,1190,1409,1189,1475,1193,1540,1215,1602,1258,1650,1315,1683,1374,1710,1436,1726,1493,1723,1540,1700,1582,1666,1613,1622,1636,1572,1653,1520,1662,1469,1666,1419,1293,1293,1336,1267,1385,1264,1436,1274,1480,1294,1543,1310,1579,1306,1617,1310,1650,1324,1666,1355,1505,1343,1505,1375,1506,1407,1507,1441,1436,1481,1463,1488,1490,1498,1516,1497,1539,1495,1339,1329,1369,1315,1400,1321,1424,1349,1394,1344,1364,1338,1549,1369,1578,1350,1606,1354,1625,1377,1603,1379,1576,1375,1373,1560,1420,1541,1463,1533,1487,1542,1513,1541,1541,1558,1558,1588,1530,1603,1500,1610,1471,1609,1445,1603,1408,1587,1389,1561,1458,1559,1482,1564,1509,1566,1546,1584,1505,1581,1478,1579,1453,1574
1442,h,1,1,1176,1176,1711,1711,48.06666666666667,1194,1353,1186,1420,1186,1488,1194,1552,1219,1612,1265,1659,1323,1691,1383,1717,1444,1730,1500,1725,1545,1699,1586,1663,1617,1618,1640,1568,1656,1517,1665,1466,1668,1417,1293,1293,1337,1266,1387,1263,1437,1274,1482,1293,1543,1309,1580,1306,1617,1309,1650,1322,1666,1352,1507,1343,1507,1376,1508,1407,1510,1441,1437,1482,1465,1490,1493,1498,1517,1498,1540,1496,1338,1330,1369,1315,1400,1321,1423,1350,1394,1346,1364,1339,1551,1370,1578,1349,1607,1353,1626,1376,1605,1379,1577,1375,1375,1565,1422,1542,1466,1533,1489,1542,1515,1541,1542,1558,1559,1589,1532,1602,1503,1608,1475,1606,1450,1601,1412,1588,1391,1564,1462,1561,1485,1566,1511,1568,1547,1585,1507,1578,1481,1576,1457,1571
1443,h,1,1,1277,1228,1723,1673,48.1,1210,1341,1205,1405,1205,1471,1213,1535,1236,1596,1275,1644,1327,1678,1383,1705,1443,1719,1500,1718,1547,1695,1588,1661,1619,1615,1641,1565,1660,1515,1673,1464,1680,1412,1295,1292,1336,1266,1386,1261,1436,1272,1482,1291,1547,1309,1587,1306,1629,1309,1665,1325,1684,1360,1505,1342,1505,1374,1505,1405,1505,1439,1439,1480,1464,1487,1491,1495,1516,1495,1540,1493,1340,1329,1370,1314,1402,1319,1427,1348,1396,1345,1364,1340,1554,1370,1582,1351,1611,1355,1632,1379,1608,1382,1579,1377,1382,1566,1424,1543,1466,1533,1490,1541,1513,1539,1539,1556,1556,1587,1530,1600,1501,1607,1476,1606,1450,1600,1414,1587,1397,1565,1461,1559,1486,1564,1509,1565,1544,1582,1506,1577,1483,1575,1457,1571
1444,h,1,1,1277,1228,1723,1673,48.13333333333333,1210,1343,1206,1409,1206,1476,1215,1541,1238,1600,1278,1648,1330,1682,1386,1708,1448,1722,1504,1721,1551,1696,1591,1661,1620,1615,1642,1564,1660,1514,1672,1462,1678,1410,1297,1293,1338,1266,1388,1262,1438,1273,1485,1291,1548,1309,1588,1307,1628,1311,1664,1326,1682,1362,1508,1340,1508,1373,1508,1405,1509,1440,1441,1481,1467,1488,1494,1497,1519,1496,1543,1493,1342,1328,1372,1314,1404,1319,1428,1347,1398,1344,1366,1338,1555,1370,1583,1352,1612,1356,1633,1379,1609,1382,1580,1376,1382,1565,1425,1542,1467,1534,1492,1543,1516,1541,1541,1557,1558,1587,1533,1602,1504,1609,1478,1608,1452,1602,1415,1587,1398,1564,1462,1560,1488,1566,1511,1567,1546,1582,1509,1579,1485,1577,1459,1572
1445,h,1,1,1277,1228,1723,1673,48.166666666666664,1210,1343,1206,1409,1206,1476,1215,1541,1238,1600,1278,1648,1330,1682,1386,1708,1448,1722,1504,1721,1551,1696,1591,1661,1620,1615,1642,1564,1660,1514,1672,1462,1678,1410,1297,1293,1338,1266,1388,1262,1438,1273,1485,1291,1548,1309,1588,1307,1628,1311,1664,1326,1682,1362,1508,1340,1508,1373,1508,1405,1509,1440,1441,1481,1467,1488,1494,1497,1519,1496,1543,1493,1342,1328,1372,1314,1404,1319,1428,1347,1398,1344,1366,1338,1555,1370,1583,1352,1612,1356,1633,1379,1609,1382,1580,1376,1382,1565,1425,1542,1467,1534,1492,1543,1516,1541,1541,1557,1558,1587,1533,1602,1504,1609,1478,1608,1452,1602,1415,1587,1398,1564,1462,1560,1488,1566,1511,1567,1546,1582,1509,1579,1485,1577,1459,1572
1446,h,1,1,1277,1228,1723,1673,48.2,1212,1341,1206,1406,1205,1472,1212,1537,1236,1598,1276,1645,1330,1679,1386,1707,1447,1721,1504,1721,1551,1697,1591,1662,1622,1615,1643,1565,1662,1514,1674,1463,1680,1412,1300,1292,1341,1267,1391,1262,1441,1273,1487,1292,1548,1309,1588,1307,1630,1311,1666,1327,1684,1362,1509,1341,1509,1374,1509,1406,1510,1441,1442,1480,1467,1488,1494,1497,1520,1497,1544,1494,1344,1328,1374,1314,1406,1319,1430,1348,1399,1345,1368,1338,1556,1371,1585,1352,1614,1357,1634,1380,1611,1383,1581,1377,1383,1564,1426,1542,1468,1535,1493,1543,1517,1541,1543,1557,1560,1588,1535,1601,1506,1608,1479,1607,1452,1600,1416,1585,1399,1563,1463,1560,1489,1566,1513,1568,1549,1583,1511,1578,1486,1577,1460,1571
1447,h,1,1,1277,1228,1723,1673,48.233333333333334,1209,1343,1203,1407,1202,1472,1209,1535,1231,1595,1273,1642,1329,1675,1388,1702,1451,1717,1509,1715,1556,1692,1596,1659,1625,1612,1646,1562,1664,1513,1676,1463,1681,1412,1298,1295,1339,1267,1390,1261,1441,1272,1488,1291,1548,1308,1589,1306,1632,1310,1669,1328,1686,1366,1511,1342,1511,1375,1511,1406,1512,1440,1442,1480,1468,1488,1496,1497,1521,1497,1545,1494,1344,1327,1375,1313,1407,1318,1432,1348,1400,1344,1369,1338,1557,1371,1586,1351,1615,1356,1636,1380,1612,1382,1583,1377,1384,1564,1427,1542,1469,1534,1495,1543,1519,1541,1546,1557,1563,1589,1537,1601,1507,1607,1481,1605,1453,1599,1417,1584,1399,1563,1464,1561,1491,1566,1515,1568,1551,1584,1512,1577,1487,1576,1461,1570
1448,h,1,1,1277,1228,1723,1673,48.266666666666666,1209,1343,1203,1407,1202,1472,1209,1535,1231,1595,1273,1642,1329,1675,1388,1702,1451,1717,1509,1715,1556,1692,1596,1659,1625,1612,1646,1562,1664,1513,1676,1463,1681,1412,1298,1295,1339,1267,1390,1261,1441,1272,1488,1291,1548,1308,1589,1306,1632,1310,1669,1328,1686,1366,1511,1342,1511,1375,1511,1406,1512,1440,1442,1480,1468,1488,1496,1497,1521,1497,1545,1494,1344,1327,1375,1313,1407,1318,1432,1348,1400,1344,1369,1338,1557,1371,1586,1351,1615,1356,1636,1380,1612,1382,1583,1377,1384,1564,1427,1542,1469,1534,1495,1543,1519,1541,1546,1557,1563,1589,1537,1601,1507,1607,1481,1605,1453,1599,1417,1584,1399,1563,1464,1561,1491,1566,1515,1568,1551,1584,1512,1577,1487,1576,1461,1570
1449,h,1,1,1277,1228,1723,1673,48.3,1212,1340,1206,1405,1205,1470,1211,1535,1233,1595,1275,1643,1331,1676,1390,1703,1454,1717,1513,1716,1560,1691,1601,1657,1630,1610,1649,1560,1666,1511,1677,1461,1682,1410,1302,1294,1342,1267,1393,1261,1443,1272,1490,1291,1552,1310,1592,1307,1633,1310,1670,1326,1687,1363,1514,1342,1514,1375,1514,1406,1514,1441,1445,1481,1471,1489,1499,1499,1524,1497,1548,1495,1347,1326,1377,1312,1409,1318,1434,1347,1403,1343,1371,1337,1560,1370,1589,1351,1617,1355,1638,1379,1614,1381,1585,1376,1385,1563,1428,1542,1471,1534,1496,1544,1520,1542,1547,1558,1565,1589,1538,1601,1509,1608,1483,1606,1455,1599,1418,1583,1399,1562,1466,1561,1492,1567,1516,1568,1553,1584,1514,1578,1489,1576,1463,1571
1450,h,1,1,1277,1228,1723,1673,48.333333333333336,1212,1345,1207,1410,1208,1475,1215,1538,1238,1597,1280,1644,1335,1676,1393,1701,1454,1715,1511,1714,1558,1692,1599,1659,1628,1614,1648,1564,1665,1515,1678,1467,1683,1418,1305,1291,1347,1265,1398,1261,1448,1271,1494,1290,1555,1308,1595,1305,1637,1310,1672,1327,1689,1363,1517,1341,1517,1373,1518,1405,1518,1438,1448,1478,1474,1486,1501,1496,1526,1496,1549,1494,1350,1326,1381,1312,1412,1317,1437,1346,1406,1343,1375,1336,1562,1371,1591,1351,1620,1356,1640,1381,1616,1382,1587,1377,1387,1561,1429,1539,1472,1532,1497,1541,1522,1540,1548,1556,1564,1588,1538,1602,1510,1608,1483,1606,1456,1599,1419,1583,1401,1561,1467,1556,1493,1562,1518,1564,1553,1583,1515,1580,1490,1578,1463,1573
1451,h,1,1,1277,1228,1723,1673,48.36666666666667,1219,1339,1214,1405,1214,1470,1221,1535,1244,1595,1284,1643,1337,1677,1394,1705,1456,1720,1513,1720,1560,1697,1600,1662,1629,1615,1650,1564,1668,1514,1680,1464,1684,1413,1310,1290,1351,1264,1400,1260,1450,1271,1496,1290,1557,1307,1597,1306,1638,1310,1673,1327,1690,1364,1518,1340,1518,1372,1518,1402,1518,1436,1448,1476,1474,1485,1502,1495,1528,1494,1553,1492,1354,1323,1384,1311,1415,1316,1439,1344,1409,1340,1379,1334,1565,1369,1594,1352,1622,1357,1642,1381,1618,1381,1590,1376,1390,1559,1431,1536,1473,1530,1499,1540,1525,1538,1552,1555,1568,1590,1543,1605,1514,1611,1486,1609,1457,1601,1421,1583,1405,1559,1468,1554,1495,1561,1521,1563,1556,1585,1519,1583,1492,1580,1465,1574
1452,h,1,1,1277,1228,1723,1673,48.4,1219,1339,1214,1405,1214,1470,1221,1535,1244,1595,1284,1643,1337,1677,1394,1705,1456,1720,1513,1720,1560,1697,1600,1662,1629,1615,1650,1564,1668,1514,1680,1464,1684,1413,1310,1290,1351,1264,1400,1260,1450,1271,1496,1290,1557,1307,1597,1306,1638,1310,1673,1327,1690,1364,1518,1340,1518,1372,1518,1402,1518,1436,1448,1476,1474,1485,1502,1495,1528,1494,1553,1492,1354,1323,1384,1311,1415,1316,1439,1344,1409,1340,1379,1334,1565,1369,1594,1352,1622,1357,1642,1381,1618,1381,1590,1376,1390,1559,1431,1536,1473,1530,1499,1540,1525,1538,1552,1555,1568,1590,1543,1605,1514,1611,1486,1609,1457,1601,1421,1583,1405,1559,1468,1554,1495,1561,1521,1563,1556,1585,1519,1583,1492,1580,1465,1574
1453,h,1,1,1277,1228,1723,1673,48.43333333333333,1215,1346,1212,1411,1215,1476,1223,1540,1247,1599,1290,1645,1345,1678,1402,1706,1464,1721,1520,1720,1566,1697,1605,1662,1632,1615,1652,1564,1670,1515,1681,1464,1686,1414,1308,1291,1349,1264,1400,1259,1451,1270,1498,1288,1558,1305,1599,1303,1641,1307,1677,1325,1692,1363,1521,1339,1522,1371,1523,1401,1524,1435,1453,1476,1479,1484,1507,1494,1532,1493,1555,1492,1353,1324,1384,1310,1416,1315,1439,1344,1409,1340,1378,1334,1567,1369,1596,1350,1626,1355,1645,1380,1622,1381,1593,1375,1393,1560,1433,1534,1475,1527,1502,1537,1529,1536,1556,1554,1571,1591,1547,1606,1518,1614,1489,1612,1460,1604,1423,1585,1408,1560,1471,1553,1498,1559,1525,1561,1558,1585,1523,1584,1495,1581,1467,1575
1454,h,1,1,1277,1228,1723,1673,48.46666666666667,1217,1344,1213,1409,1216,1473,1223,1536,1246,1596,1287,1643,1342,1676,1398,1704,1460,1720,1518,1720,1566,1696,1606,1660,1634,1613,1654,1562,1672,1512,1685,1461,1689,1411,1313,1290,1353,1263,1403,1259,1452,1269,1497,1287,1559,1304,1599,1303,1640,1308,1675,1325,1692,1360,1522,1339,1522,1370,1523,1401,1524,1435,1453,1475,1479,1483,1507,1493,1532,1493,1555,1491,1356,1324,1386,1309,1418,1314,1442,1344,1412,1340,1381,1333,1567,1369,1596,1349,1626,1354,1646,1379,1622,1380,1593,1375,1389,1560,1430,1534,1474,1527,1501,1537,1528,1535,1555,1553,1570,1592,1546,1609,1515,1618,1487,1615,1458,1608,1420,1589,1404,1561,1469,1554,1497,1560,1523,1562,1558,1586,1520,1587,1493,1585,1465,1579
1455,h,1,1,1277,1228,1723,1673,48.5,1215,1350,1213,1415,1215,1481,1224,1545,1248,1604,1290,1651,1344,1685,1401,1711,1462,1726,1518,1725,1564,1702,1603,1665,1631,1618,1651,1568,1671,1518,1683,1467,1687,1417,1310,1290,1351,1262,1402,1257,1453,1267,1498,1287,1559,1304,1600,1302,1640,1306,1676,1323,1692,1359,1522,1338,1523,1369,1524,1400,1525,1434,1454,1476,1481,1483,1508,1493,1533,1493,1556,1492,1355,1324,1385,1308,1417,1313,1442,1344,1411,1340,1379,1333,1567,1368,1596,1348,1627,1352,1646,1378,1623,1379,1594,1374,1388,1564,1429,1535,1475,1526,1503,1537,1530,1535,1558,1555,1570,1595,1547,1615,1517,1625,1487,1623,1457,1616,1417,1595,1402,1565,1470,1553,1499,1559,1525,1562,1559,1590,1521,1593,1494,1592,1465,1586
1456,h,1,1,1277,1228,1723,1673,48.53333333333333,1215,1350,1213,1415,1215,1481,1224,1545,1248,1604,1290,1651,1344,1685,1401,1711,1462,1726,1518,1725,1564,1702,1603,1665,1631,1618,1651,1568,1671,1518,1683,1467,1687,1417,1310,1290,1351,1262,1402,1257,1453,1267,1498,1287,1559,1304,1600,1302,1640,1306,1676,1323,1692,1359,1522,1338,1523,1369,1524,1400,1525,1434,1454,1476,1481,1483,1508,1493,1533,1493,1556,1492,1355,1324,1385,1308,1417,1313,1442,1344,1411,1340,1379,1333,1567,1368,1596,1348,1627,1352,1646,1378,1623,1379,1594,1374,1388,1564,1429,1535,1475,1526,1503,1537,1530,1535,1558,1555,1570,1595,1547,1615,1517,1625,1487,1623,1457,1616,1417,1595,1402,1565,1470,1553,1499,1559,1525,1562,1559,1590,1521,1593,1494,1592,1465,1586
1457,h,1,1,1277,1228,1723,1673,48.56666666666667,1218,1348,1216,1412,1218,1478,1227,1541,1250,1601,1292,1650,1346,1684,1403,1711,1464,1726,1520,1725,1568,1701,1607,1665,1635,1617,1655,1567,1674,1517,1687,1466,1692,1416,1313,1292,1353,1263,1404,1257,1455,1268,1502,1287,1560,1305,1601,1303,1642,1307,1679,1326,1694,1364,1524,1339,1524,1371,1525,1402,1525,1436,1455,1476,1481,1484,1509,1494,1534,1494,1558,1493,1359,1324,1389,1308,1421,1314,1444,1345,1414,1341,1383,1334,1569,1370,1597,1349,1627,1353,1647,1380,1624,1381,1595,1376,1391,1565,1431,1536,1476,1528,1504,1538,1531,1536,1559,1557,1571,1598,1548,1617,1517,1625,1488,1623,1458,1615,1420,1595,1406,1565,1471,1555,1499,1561,1526,1564,1559,1592,1522,1594,1494,1592,1466,1586
1458,h,1,1,1277,1228,1723,1673,48.6,1221,1344,1218,1410,1220,1476,1228,1539,1252,1599,1293,1647,1347,1681,1404,1708,1465,1723,1522,1721,1569,1696,1608,1659,1635,1612,1656,1562,1674,1513,1686,1462,1691,1412,1315,1291,1355,1263,1406,1258,1457,1269,1503,1288,1561,1306,1602,1304,1643,1308,1680,1325,1695,1362,1525,1341,1525,1373,1525,1403,1526,1436,1455,1477,1482,1485,1509,1495,1535,1494,1558,1493,1359,1325,1390,1309,1422,1315,1446,1347,1415,1342,1384,1335,1570,1370,1599,1350,1629,1354,1648,1380,1625,1381,1596,1376,1390,1565,1431,1537,1476,1528,1504,1539,1531,1537,1560,1556,1572,1596,1549,1618,1518,1626,1489,1624,1459,1617,1419,1597,1405,1565,1471,1555,1500,1561,1526,1564,1560,1591,1523,1595,1495,1592,1467,1586
1459,h,1,1,1277,1228,1723,1673,48.63333333333333,1222,1348,1219,1414,1222,1479,1231,1543,1254,1601,1296,1648,1349,1682,1405,1710,1465,1725,1521,1724,1568,1700,1607,1664,1635,1616,1656,1566,1675,1517,1687,1466,1692,1414,1314,1293,1354,1263,1406,1258,1457,1269,1504,1288,1561,1306,1603,1303,1644,1307,1681,1324,1696,1362,1525,1340,1525,1372,1525,1402,1526,1436,1454,1476,1481,1484,1509,1494,1535,1494,1560,1492,1359,1326,1389,1309,1422,1314,1446,1346,1415,1342,1383,1336,1569,1370,1598,1349,1629,1353,1648,1380,1625,1381,1596,1376,1391,1565,1432,1536,1477,1528,1504,1538,1532,1537,1561,1556,1574,1596,1551,1615,1519,1624,1490,1622,1460,1614,1421,1595,1406,1565,1472,1555,1500,1561,1527,1564,1562,1591,1524,1592,1496,1590,1468,1583
1460,h,1,1,1277,1228,1723,1673,48.666666666666664,1222,1348,1219,1414,1222,1479,1231,1543,1254,1601,1296,1648,1349,1682,1405,1710,1465,1725,1521,1724,1568,1700,1607,1664,1635,1616,1656,1566,1675,1517,1687,1466,1692,1414,1314,1293,1354,1263,1406,1258,1457,1269,1504,1288,1561,1306,1603,1303,1644,1307,1681,1324,1696,1362,1525,1340,1525,1372,1525,1402,1526,1436,1454,1476,1481,1484,1509,1494,1535,1494,1560,1492,1359,1326,1389,1309,1422,1314,1446,1346,1415,1342,1383,1336,1569,1370,1598,1349,1629,1353,1648,1380,1625,1381,1596,1376,1391,1565,1432,1536,1477,1528,1504,1538,1532,1537,1561,1556,1574,1596,1551,1615,1519,1624,1490,1622,1460,1614,1421,1595,1406,1565,1472,1555,1500,1561,1527,1564,1562,1591,1524,1592,1496,1590,1468,1583
1461,h,1,1,1277,1228,1723,1673,48.7,1217,1351,1214,1416,1216,1482,1224,1547,1249,1607,1292,1653,1347,1686,1404,1711,1465,1725,1521,1724,1567,1701,1606,1664,1634,1616,1656,1566,1674,1516,1685,1465,1689,1415,1317,1286,1359,1261,1409,1258,1459,1269,1503,1288,1563,1306,1600,1304,1637,1307,1671,1320,1688,1352,1526,1340,1526,1371,1528,1401,1529,1434,1456,1477,1483,1485,1511,1494,1537,1494,1560,1493,1360,1324,1391,1310,1422,1315,1446,1346,1416,1342,1385,1334,1569,1370,1598,1349,1628,1354,1647,1379,1625,1380,1596,1375,1390,1564,1433,1536,1479,1527,1506,1537,1534,1536,1562,1555,1574,1595,1551,1613,1520,1621,1490,1618,1461,1611,1422,1593,1405,1564,1474,1555,1502,1561,1529,1564,1563,1590,1525,1590,1497,1588,1469,1582
1462,h,1,1,1277,1228,1723,1673,48.733333333333334,1219,1347,1216,1412,1219,1478,1227,1542,1250,1602,1293,1648,1348,1680,1405,1707,1466,1722,1522,1721,1569,1697,1608,1661,1634,1613,1654,1564,1673,1515,1685,1464,1690,1414,1315,1288,1357,1262,1407,1258,1457,1268,1503,1287,1562,1304,1602,1303,1643,1308,1678,1326,1694,1362,1525,1339,1525,1370,1526,1400,1528,1433,1456,1475,1484,1483,1511,1492,1536,1492,1560,1491,1360,1325,1390,1311,1421,1316,1445,1345,1415,1341,1385,1334,1569,1369,1598,1351,1627,1356,1647,1381,1623,1381,1595,1375,1391,1562,1433,1535,1478,1527,1506,1537,1534,1536,1561,1555,1574,1593,1551,1611,1520,1618,1490,1615,1460,1608,1422,1590,1406,1562,1473,1552,1502,1558,1529,1561,1563,1587,1525,1588,1497,1585,1468,1579
1463,h,1,1,1277,1228,1723,1673,48.766666666666666,1219,1347,1216,1412,1219,1478,1227,1542,1250,1602,1293,1648,1348,1680,1405,1707,1466,1722,1522,1721,1569,1697,1608,1661,1634,1613,1654,1564,1673,1515,1685,1464,1690,1414,1315,1288,1357,1262,1407,1258,1457,1268,1503,1287,1562,1304,1602,1303,1643,1308,1678,1326,1694,1362,1525,1339,1525,1370,1526,1400,1528,1433,1456,1475,1484,1483,1511,1492,1536,1492,1560,1491,1360,1325,1390,1311,1421,1316,1445,1345,1415,1341,1385,1334,1569,1369,1598,1351,1627,1356,1647,1381,1623,1381,1595,1375,1391,1562,1433,1535,1478,1527,1506,1537,1534,1536,1561,1555,1574,1593,1551,1611,1520,1618,1490,1615,1460,1608,1422,1590,1406,1562,1473,1552,1502,1558,1529,1561,1563,1587,1525,1588,1497,1585,1468,1579
1464,h,1,1,1277,1228,1723,1673,48.8,1224,1343,1219,1409,1220,1474,1227,1539,1249,1600,1291,1648,1346,1681,1402,1709,1464,1723,1520,1722,1567,1699,1605,1663,1633,1616,1655,1566,1674,1517,1686,1466,1691,1416,1316,1293,1356,1264,1408,1259,1459,1270,1505,1289,1563,1307,1604,1305,1645,1309,1681,1327,1695,1364,1527,1340,1527,1371,1528,1400,1529,1433,1457,1474,1484,1482,1511,1492,1536,1492,1560,1491,1363,1327,1394,1314,1426,1319,1449,1346,1420,1343,1388,1337,1569,1371,1599,1355,1628,1360,1647,1384,1624,1384,1596,1379,1393,1561,1436,1534,1480,1526,1507,1536,1534,1535,1561,1554,1575,1592,1551,1609,1520,1616,1491,1613,1463,1606,1424,1589,1408,1561,1475,1553,1503,1559,1529,1562,1563,1586,1525,1585,1498,1582,1470,1576
1465,h,1,1,1277,1228,1723,1673,48.833333333333336,1225,1338,1220,1403,1220,1470,1226,1535,1248,1596,1289,1645,1343,1680,1400,1708,1462,1722,1518,1722,1566,1700,1605,1665,1634,1617,1656,1567,1675,1517,1688,1465,1693,1414,1321,1288,1362,1262,1412,1258,1461,1270,1506,1289,1564,1307,1604,1305,1644,1309,1679,1326,1695,1361,1527,1341,1527,1371,1527,1400,1528,1432,1456,1474,1482,1483,1510,1492,1536,1492,1560,1490,1365,1328,1396,1317,1426,1322,1450,1346,1421,1344,1391,1338,1571,1371,1601,1358,1629,1364,1648,1385,1624,1385,1597,1379,1394,1561,1435,1533,1479,1526,1505,1536,1532,1534,1560,1553,1573,1591,1550,1608,1519,1614,1490,1612,1462,1605,1424,1589,1409,1561,1474,1553,1501,1559,1527,1561,1562,1585,1523,1584,1497,1581,1470,1575
1466,h,1,1,1277,1228,1723,1673,48.86666666666667,1222,1342,1219,1408,1222,1475,1229,1539,1252,1600,1293,1647,1348,1679,1404,1707,1467,1722,1524,1723,1573,1699,1613,1663,1642,1614,1661,1563,1679,1513,1691,1460,1695,1408,1315,1292,1355,1263,1406,1258,1458,1269,1505,1288,1563,1306,1605,1304,1646,1308,1682,1326,1696,1364,1526,1339,1527,1370,1528,1400,1528,1432,1456,1474,1484,1482,1512,1492,1538,1491,1562,1490,1362,1327,1394,1316,1424,1321,1448,1346,1419,1343,1388,1336,1571,1370,1601,1356,1629,1361,1648,1383,1625,1382,1597,1377,1393,1560,1436,1533,1480,1526,1507,1536,1535,1534,1563,1553,1580,1591,1554,1608,1522,1614,1493,1611,1463,1604,1425,1587,1409,1560,1475,1552,1503,1558,1530,1560,1568,1586,1527,1584,1499,1582,1470,1576
1467,h,1,1,1277,1228,1723,1673,48.9,1222,1342,1219,1408,1222,1475,1229,1539,1252,1600,1293,1647,1348,1679,1404,1707,1467,1722,1524,1723,1573,1699,1613,1663,1642,1614,1661,1563,1679,1513,1691,1460,1695,1408,1315,1292,1355,1263,1406,1258,1458,1269,1505,1288,1563,1306,1605,1304,1646,1308,1682,1326,1696,1364,1526,1339,1527,1370,1528,1400,1528,1432,1456,1474,1484,1482,1512,1492,1538,1491,1562,1490,1362,1327,1394,1316,1424,1321,1448,1346,1419,1343,1388,1336,1571,1370,1601,1356,1629,1361,1648,1383,1625,1382,1597,1377,1393,1560,1436,1533,1480,1526,1507,1536,1535,1534,1563,1553,1580,1591,1554,1608,1522,1614,1493,1611,1463,1604,1425,1587,1409,1560,1475,1552,1503,1558,1530,1560,1568,1586,1527,1584,1499,1582,1470,1576
1468,h,1,1,1277,1228,1723,1673,48.93333333333333,1219,1344,1215,1410,1217,1476,1224,1540,1248,1600,1289,1646,1344,1678,1401,1706,1464,1720,1521,1719,1568,1696,1608,1661,1636,1613,1656,1564,1674,1515,1685,1464,1690,1413,1312,1293,1353,1264,1405,1259,1456,1269,1504,1288,1562,1305,1604,1303,1645,1309,1680,1327,1694,1365,1525,1339,1525,1371,1526,1401,1526,1434,1454,1475,1481,1484,1509,1493,1535,1493,1560,1492,1359,1328,1390,1317,1421,1321,1445,1347,1415,1344,1385,1337,1569,1372,1600,1356,1629,1362,1648,1384,1624,1384,1595,1378,1392,1560,1434,1535,1478,1527,1506,1538,1533,1536,1560,1554,1574,1591,1550,1606,1520,1611,1490,1609,1461,1603,1423,1586,1407,1560,1473,1553,1501,1559,1528,1562,1563,1585,1525,1582,1497,1580,1468,1574
1469,h,1,1,1277,1228,1723,1673,48.96666666666667,1221,1345,1217,1411,1219,1477,1226,1540,1248,1599,1289,1646,1344,1678,1402,1704,1465,1717,1522,1716,1570,1694,1610,1660,1637,1613,1656,1563,1674,1515,1685,1464,1690,1413,1313,1292,1354,1265,1404,1261,1454,1271,1501,1288,1560,1306,1601,1305,1640,1310,1676,1328,1691,1364,1523,1340,1523,1371,1523,1402,1524,1435,1454,1476,1481,1485,1508,1494,1534,1493,1558,1492,1359,1328,1390,1316,1421,1320,1445,1347,1415,1344,1384,1337,1568,1371,1598,1355,1626,1361,1645,1383,1622,1383,1594,1378,1392,1560,1434,1535,1477,1528,1505,1538,1533,1537,1560,1555,1575,1592,1550,1607,1519,1612,1490,1610,1460,1603,1422,1586,1407,1561,1473,1554,1501,1560,1528,1562,1563,1586,1524,1582,1496,1579,1468,1573
1470,h,1,1,1277,1228,1723,1673,49.0,1217,1346,1213,1411,1214,1476,1220,1540,1243,1600,1285,1647,1340,1680,1398,1707,1461,1721,1518,1721,1566,1699,1606,1665,1635,1618,1655,1567,1672,1518,1684,1467,1689,1417,1313,1292,1355,1265,1406,1261,1456,1272,1502,1291,1561,1309,1601,1307,1641,1311,1677,1327,1693,1364,1524,1344,1524,1374,1525,1404,1525,1437,1453,1479,1480,1487,1508,1496,1534,1496,1558,1495,1359,1329,1390,1316,1421,1321,1445,1350,1415,1346,1384,1339,1567,1374,1597,1356,1627,1361,1646,1384,1623,1385,1594,1380,1390,1562,1433,1537,1477,1530,1504,1540,1531,1538,1558,1557,1573,1592,1549,1607,1518,1613,1489,1610,1460,1604,1422,1587,1405,1562,1472,1557,1500,1563,1526,1565,1562,1587,1523,1582,1495,1580,1467,1574
1471,h,1,1,1277,1228,1723,1673,49.03333333333333,1217,1346,1213,1411,1214,1476,1220,1540,1243,1600,1285,1647,1340,1680,1398,1707,1461,1721,1518,1721,1566,1699,1606,1665,1635,1618,1655,1567,1672,1518,1684,1467,1689,1417,1313,1292,1355,1265,1406,1261,1456,1272,1502,1291,1561,1309,1601,1307,1641,1311,1677,1327,1693,1364,1524,1344,1524,1374,1525,1404,1525,1437,1453,1479,1480,1487,1508,1496,1534,1496,1558,1495,1359,1329,1390,1316,1421,1321,1445,1350,1415,1346,1384,1339,1567,1374,1597,1356,1627,1361,1646,1384,1623,1385,1594,1380,1390,1562,1433,1537,1477,1530,1504,1540,1531,1538,1558,1557,1573,1592,1549,1607,1518,1613,1489,1610,1460,1604,1422,1587,1405,1562,1472,1557,1500,1563,1526,1565,1562,1587,1523,1582,1495,1580,1467,1574
1472,h,1,1,1277,1228,1723,1673,49.06666666666667,1222,1342,1218,1408,1219,1474,1226,1538,1248,1598,1288,1645,1342,1678,1399,1706,1461,1721,1519,1719,1567,1695,1607,1661,1636,1615,1656,1565,1673,1516,1686,1465,1691,1414,1312,1294,1354,1266,1404,1263,1454,1275,1500,1294,1563,1312,1604,1310,1644,1314,1680,1330,1695,1367,1524,1345,1524,1375,1524,1405,1524,1438,1454,1478,1481,1486,1508,1496,1532,1495,1556,1494,1359,1328,1390,1314,1421,1320,1445,1350,1414,1346,1383,1339,1569,1374,1597,1355,1626,1360,1646,1384,1623,1386,1595,1381,1392,1561,1435,1538,1478,1531,1504,1541,1531,1540,1557,1558,1574,1591,1548,1605,1518,1611,1490,1608,1462,1602,1424,1585,1407,1561,1474,1556,1500,1563,1526,1565,1562,1586,1523,1582,1496,1579,1469,1574
1473,h,1,1,1277,1228,1723,1673,49.1,1214,1353,1210,1418,1212,1484,1220,1548,1244,1606,1288,1651,1344,1682,1401,1707,1462,1721,1517,1720,1564,1697,1603,1663,1631,1618,1651,1568,1668,1519,1679,1469,1684,1419,1311,1295,1352,1267,1403,1262,1454,1273,1500,1292,1560,1310,1600,1308,1640,1312,1676,1330,1689,1367,1524,1344,1524,1375,1525,1404,1526,1437,1454,1478,1481,1486,1509,1495,1533,1495,1556,1494,1357,1329,1389,1315,1420,1321,1444,1350,1414,1345,1383,1339,1566,1374,1596,1355,1625,1360,1644,1384,1622,1385,1593,1380,1391,1558,1435,1538,1479,1530,1505,1540,1530,1539,1557,1557,1574,1589,1548,1604,1518,1610,1491,1607,1463,1601,1425,1584,1406,1559,1474,1555,1501,1561,1526,1564,1562,1584,1523,1581,1497,1579,1470,1573
1474,h,1,1,1277,1228,1723,1673,49.13333333333333,1217,1345,1214,1410,1215,1475,1222,1538,1244,1597,1285,1643,1340,1676,1398,1704,1462,1718,1519,1717,1567,1693,1607,1658,1636,1611,1656,1561,1673,1511,1684,1461,1689,1411,1309,1294,1350,1265,1402,1261,1453,1272,1500,1291,1562,1308,1602,1307,1643,1311,1679,1326,1694,1363,1523,1343,1522,1374,1523,1404,1524,1438,1454,1479,1480,1487,1508,1496,1532,1495,1556,1494,1356,1329,1387,1316,1419,1321,1443,1349,1413,1346,1381,1339,1568,1373,1597,1355,1626,1359,1646,1382,1623,1383,1595,1378,1391,1558,1435,1538,1479,1531,1505,1541,1532,1539,1558,1556,1574,1587,1548,1600,1519,1606,1491,1604,1463,1597,1425,1582,1407,1558,1474,1557,1501,1563,1527,1565,1563,1582,1524,1578,1497,1575,1470,1570
1475,h,1,1,1277,1228,1723,1673,49.166666666666664,1217,1345,1214,1410,1215,1475,1222,1538,1244,1597,1285,1643,1340,1676,1398,1704,1462,1718,1519,1717,1567,1693,1607,1658,1636,1611,1656,1561,1673,1511,1684,1461,1689,1411,1309,1294,1350,1265,1402,1261,1453,1272,1500,1291,1562,1308,1602,1307,1643,1311,1679,1326,1694,1363,1523,1343,1522,1374,1523,1404,1524,1438,1454,1479,1480,1487,1508,1496,1532,1495,1556,1494,1356,1329,1387,1316,1419,1321,1443,1349,1413,1346,1381,1339,1568,1373,1597,1355,1626,1359,1646,1382,1623,1383,1595,1378,1391,1558,1435,1538,1479,1531,1505,1541,1532,1539,1558,1556,1574,1587,1548,1600,1519,1606,1491,1604,1463,1597,1425,1582,1407,1558,1474,1557,1501,1563,1527,1565,1563,1582,1524,1578,1497,1575,1470,1570
1476,h,1,1,1277,1228,1723,1673,49.2,1215,1345,1210,1411,1210,1478,1216,1543,1240,1603,1283,1649,1340,1682,1398,1707,1461,1721,1517,1720,1564,1697,1605,1664,1634,1618,1655,1569,1673,1519,1685,1468,1691,1419,1311,1293,1352,1265,1403,1261,1453,1272,1499,1291,1563,1309,1603,1307,1644,1311,1680,1328,1695,1365,1524,1343,1524,1374,1524,1405,1524,1438,1453,1478,1479,1486,1507,1495,1532,1495,1555,1495,1357,1328,1388,1314,1419,1320,1444,1349,1413,1345,1382,1338,1569,1373,1598,1355,1627,1359,1647,1383,1623,1384,1595,1379,1392,1559,1436,1537,1479,1531,1505,1541,1531,1539,1557,1556,1574,1587,1547,1597,1518,1602,1490,1600,1462,1593,1425,1578,1406,1558,1474,1556,1501,1562,1527,1564,1563,1582,1523,1574,1497,1572,1470,1566
1477,h,1,1,1277,1228,1723,1673,49.233333333333334,1219,1346,1215,1411,1216,1477,1222,1540,1246,1600,1286,1646,1340,1678,1397,1704,1459,1719,1517,1719,1565,1698,1606,1665,1636,1619,1657,1570,1675,1520,1687,1469,1693,1419,1310,1295,1351,1266,1402,1261,1453,1272,1500,1291,1560,1309,1601,1306,1642,1311,1679,1329,1695,1366,1522,1343,1521,1374,1521,1405,1521,1438,1452,1479,1478,1487,1505,1497,1531,1496,1556,1495,1355,1329,1387,1316,1418,1322,1443,1349,1412,1346,1381,1339,1568,1374,1597,1356,1626,1361,1647,1384,1623,1385,1594,1380,1392,1559,1435,1538,1477,1532,1503,1542,1530,1540,1556,1556,1573,1587,1546,1597,1517,1601,1489,1599,1461,1592,1425,1578,1406,1558,1472,1556,1499,1562,1525,1565,1562,1582,1522,1575,1496,1572,1468,1566
1478,h,1,1,1277,1228,1723,1673,49.266666666666666,1219,1346,1215,1411,1216,1477,1222,1540,1246,1600,1286,1646,1340,1678,1397,1704,1459,1719,1517,1719,1565,1698,1606,1665,1636,1619,1657,1570,1675,1520,1687,1469,1693,1419,1310,1295,1351,1266,1402,1261,1453,1272,1500,1291,1560,1309,1601,1306,1642,1311,1679,1329,1695,1366,1522,1343,1521,1374,1521,1405,1521,1438,1452,1479,1478,1487,1505,1497,1531,1496,1556,1495,1355,1329,1387,1316,1418,1322,1443,1349,1412,1346,1381,1339,1568,1374,1597,1356,1626,1361,1647,1384,1623,1385,1594,1380,1392,1559,1435,1538,1477,1532,1503,1542,1530,1540,1556,1556,1573,1587,1546,1597,1517,1601,1489,1599,1461,1592,1425,1578,1406,1558,1472,1556,1499,1562,1525,1565,1562,1582,1522,1575,1496,1572,1468,1566
1479,h,1,1,1277,1228,1723,1673,49.3,1222,1348,1218,1413,1219,1479,1226,1543,1248,1603,1289,1649,1343,1680,1400,1706,1461,1721,1518,1720,1566,1698,1606,1664,1634,1618,1655,1568,1672,1519,1683,1469,1688,1419,1311,1294,1352,1266,1404,1261,1454,1273,1499,1292,1560,1310,1600,1308,1640,1313,1675,1330,1691,1366,1523,1343,1523,1375,1523,1405,1524,1439,1453,1479,1479,1488,1507,1497,1532,1497,1556,1496,1357,1327,1388,1314,1419,1319,1444,1349,1413,1345,1382,1338,1567,1373,1596,1354,1625,1359,1646,1383,1622,1385,1593,1380,1392,1558,1435,1538,1477,1533,1503,1543,1529,1542,1556,1558,1573,1590,1547,1602,1517,1607,1489,1604,1461,1597,1424,1580,1406,1558,1472,1557,1499,1563,1525,1565,1562,1584,1522,1579,1496,1577,1468,1570
1480,h,1,1,1277,1228,1723,1673,49.333333333333336,1216,1351,1212,1416,1214,1481,1220,1544,1242,1604,1284,1650,1339,1682,1396,1709,1458,1725,1515,1725,1565,1702,1606,1667,1636,1620,1656,1569,1673,1519,1685,1468,1690,1419,1310,1295,1351,1267,1403,1262,1454,1273,1502,1291,1561,1310,1601,1308,1642,1313,1677,1331,1692,1368,1523,1344,1523,1375,1523,1406,1523,1439,1451,1479,1479,1488,1507,1498,1533,1497,1558,1496,1357,1328,1388,1314,1419,1320,1444,1349,1413,1345,1382,1338,1568,1374,1597,1356,1627,1361,1647,1385,1624,1386,1594,1381,1388,1559,1432,1538,1476,1532,1503,1542,1531,1541,1559,1559,1576,1593,1549,1608,1517,1614,1488,1611,1459,1603,1421,1585,1403,1559,1471,1555,1499,1562,1526,1565,1564,1588,1523,1586,1494,1583,1466,1576
1481,h,1,1,1277,1228,1723,1673,49.36666666666667,1217,1344,1213,1410,1214,1477,1221,1542,1244,1602,1286,1649,1341,1681,1397,1708,1456,1723,1512,1723,1559,1700,1601,1666,1631,1619,1653,1569,1672,1518,1684,1467,1688,1416,1313,1291,1356,1266,1406,1263,1456,1274,1502,1294,1561,1312,1599,1310,1638,1313,1673,1328,1689,1362,1524,1346,1524,1377,1524,1407,1524,1440,1452,1480,1479,1489,1507,1499,1533,1498,1557,1497,1358,1329,1389,1316,1420,1322,1445,1351,1414,1347,1383,1340,1567,1375,1597,1356,1626,1361,1646,1385,1623,1386,1594,1381,1388,1563,1431,1539,1476,1533,1503,1543,1531,1541,1558,1559,1572,1595,1548,1612,1517,1619,1488,1616,1458,1609,1420,1590,1402,1563,1471,1558,1499,1564,1526,1567,1560,1591,1522,1590,1494,1586,1466,1580
1482,h,1,1,1277,1228,1723,1673,49.4,1217,1344,1213,1410,1214,1477,1221,1542,1244,1602,1286,1649,1341,1681,1397,1708,1456,1723,1512,1723,1559,1700,1601,1666,1631,1619,1653,1569,1672,1518,1684,1467,1688,1416,1313,1291,1356,1266,1406,1263,1456,1274,1502,1294,1561,1312,1599,1310,1638,1313,1673,1328,1689,1362,1524,1346,1524,1377,1524,1407,1524,1440,1452,1480,1479,1489,1507,1499,1533,1498,1557,1497,1358,1329,1389,1316,1420,1322,1445,1351,1414,1347,1383,1340,1567,1375,1597,1356,1626,1361,1646,1385,1623,1386,1594,1381,1388,1563,1431,1539,1476,1533,1503,1543,1531,1541,1558,1559,1572,1595,1548,1612,1517,1619,1488,1616,1458,1609,1420,1590,1402,1563,1471,1558,1499,1564,1526,1567,1560,1591,1522,1590,1494,1586,1466,1580
1483,h,1,1,1236,1176,1771,1711,49.43333333333333,1207,1351,1201,1418,1201,1486,1210,1551,1238,1611,1286,1656,1345,1685,1403,1713,1463,1729,1516,1728,1564,1703,1604,1666,1635,1618,1658,1566,1677,1516,1689,1463,1693,1412,1314,1291,1356,1266,1406,1263,1456,1274,1503,1293,1561,1311,1599,1309,1639,1313,1674,1328,1690,1362,1524,1345,1525,1376,1526,1406,1527,1439,1454,1480,1482,1490,1509,1500,1535,1500,1559,1498,1358,1329,1389,1316,1420,1321,1444,1351,1414,1346,1383,1339,1569,1375,1597,1356,1627,1361,1648,1386,1624,1386,1595,1381,1386,1568,1429,1540,1476,1533,1504,1544,1532,1543,1561,1562,1576,1601,1550,1620,1519,1628,1489,1625,1459,1618,1419,1598,1400,1569,1472,1559,1501,1565,1527,1569,1563,1596,1524,1600,1496,1596,1467,1590
1484,h,1,1,1236,1176,1771,1711,49.46666666666667,1215,1347,1210,1414,1212,1481,1221,1545,1248,1606,1293,1652,1348,1684,1402,1713,1460,1729,1513,1730,1560,1705,1601,1668,1633,1621,1658,1571,1679,1520,1692,1465,1696,1413,1313,1292,1354,1266,1404,1263,1454,1274,1500,1294,1561,1312,1600,1308,1641,1311,1679,1326,1696,1363,1521,1343,1521,1376,1522,1406,1523,1440,1453,1481,1480,1490,1508,1500,1533,1500,1558,1498,1357,1329,1387,1314,1420,1320,1444,1351,1413,1347,1381,1339,1569,1375,1598,1354,1628,1359,1649,1385,1625,1386,1595,1381,1387,1569,1430,1541,1476,1534,1505,1544,1532,1543,1560,1562,1576,1602,1549,1623,1517,1633,1488,1631,1457,1623,1418,1602,1401,1570,1472,1558,1501,1565,1527,1568,1562,1597,1522,1602,1494,1599,1465,1593
1485,h,1,1,1236,1176,1771,1711,49.5,1209,1350,1203,1417,1204,1485,1215,1551,1244,1611,1291,1656,1347,1689,1402,1717,1461,1734,1514,1733,1559,1708,1599,1671,1632,1623,1657,1572,1678,1521,1689,1467,1692,1416,1317,1285,1360,1263,1410,1263,1459,1275,1504,1295,1562,1314,1599,1310,1637,1312,1672,1323,1690,1352,1526,1345,1526,1377,1528,1408,1529,1440,1455,1482,1483,1491,1510,1501,1535,1501,1559,1499,1359,1328,1389,1315,1421,1320,1446,1351,1415,1346,1383,1338,1569,1375,1598,1356,1628,1360,1648,1385,1625,1386,1596,1381,1388,1571,1431,1543,1478,1534,1505,1545,1533,1544,1560,1563,1574,1603,1548,1624,1517,1634,1488,1632,1459,1624,1419,1603,1402,1572,1473,1560,1501,1566,1527,1570,1561,1598,1523,1603,1495,1601,1467,1595
1486,h,1,1,1236,1176,1771,1711,49.53333333333333,1209,1350,1203,1417,1204,1485,1215,1551,1244,1611,1291,1656,1347,1689,1402,1717,1461,1734,1514,1733,1559,1708,1599,1671,1632,1623,1657,1572,1678,1521,1689,1467,1692,1416,1317,1285,1360,1263,1410,1263,1459,1275,1504,1295,1562,1314,1599,1310,1637,1312,1672,1323,1690,1352,1526,1345,1526,1377,1528,1408,1529,1440,1455,1482,1483,1491,1510,1501,1535,1501,1559,1499,1359,1328,1389,1315,1421,1320,1446,1351,1415,1346,1383,1338,1569,1375,1598,1356,1628,1360,1648,1385,1625,1386,1596,1381,1388,1571,1431,1543,1478,1534,1505,1545,1533,1544,1560,1563,1574,1603,1548,1624,1517,1634,1488,1632,1459,1624,1419,1603,1402,1572,1473,1560,1501,1566,1527,1570,1561,1598,1523,1603,1495,1601,1467,1595
1487,h,1,1,1236,1176,1771,1711,49.56666666666667,1212,1351,1208,1417,1210,1485,1219,1550,1247,1610,1292,1656,1349,1688,1404,1718,1463,1733,1516,1732,1562,1706,1601,1668,1631,1620,1655,1570,1675,1520,1687,1468,1690,1417,1315,1293,1357,1267,1408,1264,1458,1276,1503,1296,1565,1311,1603,1308,1642,1312,1677,1328,1691,1361,1525,1345,1525,1377,1527,1407,1528,1440,1454,1481,1482,1490,1510,1501,1536,1500,1560,1499,1358,1330,1389,1315,1422,1320,1446,1351,1416,1347,1383,1340,1569,1375,1599,1354,1629,1359,1648,1385,1626,1386,1596,1381,1390,1572,1431,1543,1478,1534,1505,1545,1533,1544,1561,1563,1575,1604,1550,1625,1518,1635,1489,1633,1460,1626,1420,1606,1404,1573,1473,1560,1501,1566,1528,1569,1562,1598,1524,1604,1496,1601,1468,1596
1488,h,1,1,1236,1176,1771,1711,49.6,1214,1350,1210,1417,1212,1485,1222,1549,1249,1609,1295,1655,1350,1687,1405,1716,1464,1732,1518,1731,1565,1705,1605,1668,1635,1619,1659,1569,1679,1518,1691,1466,1696,1414,1315,1291,1357,1266,1407,1263,1457,1276,1503,1295,1564,1312,1605,1309,1646,1312,1683,1327,1698,1364,1525,1346,1525,1377,1526,1408,1527,1441,1454,1482,1482,1491,1510,1501,1536,1501,1560,1499,1358,1330,1389,1316,1422,1321,1446,1351,1415,1347,1383,1340,1570,1376,1599,1356,1629,1361,1649,1386,1626,1386,1597,1382,1389,1570,1432,1542,1479,1534,1505,1545,1533,1544,1561,1564,1575,1604,1550,1627,1518,1636,1489,1634,1460,1626,1420,1605,1404,1571,1474,1559,1501,1565,1528,1569,1562,1599,1524,1606,1496,1603,1468,1597
1489,h,1,1,1236,1176,1771,1711,49.63333333333333,1206,1351,1201,1418,1201,1486,1210,1552,1239,1612,1287,1657,1345,1690,1403,1720,1462,1736,1515,1735,1560,1708,1600,1670,1631,1621,1655,1571,1675,1520,1687,1467,1691,1417,1315,1292,1359,1268,1410,1265,1460,1277,1507,1296,1564,1313,1602,1310,1641,1315,1675,1330,1691,1362,1528,1346,1529,1378,1530,1409,1530,1443,1456,1483,1484,1492,1512,1503,1538,1503,1562,1501,1360,1331,1392,1316,1424,1322,1449,1353,1418,1348,1386,1341,1571,1377,1600,1357,1630,1362,1649,1388,1627,1388,1598,1383,1389,1572,1433,1545,1480,1536,1507,1547,1534,1545,1562,1565,1576,1605,1551,1627,1520,1635,1491,1633,1462,1626,1422,1605,1403,1574,1476,1562,1503,1568,1529,1571,1564,1600,1525,1606,1498,1603,1470,1597
1490,h,1,1,1236,1176,1771,1711,49.666666666666664,1206,1351,1201,1418,1201,1486,1210,1552,1239,1612,1287,1657,1345,1690,1403,1720,1462,1736,1515,1735,1560,1708,1600,1670,1631,1621,1655,1571,1675,1520,1687,1467,1691,1417,1315,1292,1359,1268,1410,1265,1460,1277,1507,1296,1564,1313,1602,1310,1641,1315,1675,1330,1691,1362,1528,1346,1529,1378,1530,1409,1530,1443,1456,1483,1484,1492,1512,1503,1538,1503,1562,1501,1360,1331,1392,1316,1424,1322,1449,1353,1418,1348,1386,1341,1571,1377,1600,1357,1630,1362,1649,1388,1627,1388,1598,1383,1389,1572,1433,1545,1480,1536,1507,1547,1534,1545,1562,1565,1576,1605,1551,1627,1520,1635,1491,1633,1462,1626,1422,1605,1403,1574,1476,1562,1503,1568,1529,1571,1564,1600,1525,1606,1498,1603,1470,1597
1491,h,1,1,1236,1176,1771,1711,49.7,1207,1348,1201,1416,1201,1485,1212,1551,1242,1611,1291,1656,1349,1688,1406,1717,1466,1733,1518,1732,1564,1706,1603,1668,1634,1619,1657,1568,1676,1517,1686,1465,1689,1415,1318,1291,1362,1267,1413,1264,1463,1277,1509,1298,1566,1314,1604,1311,1643,1315,1678,1331,1692,1364,1529,1347,1530,1379,1531,1410,1532,1443,1457,1483,1486,1493,1515,1503,1540,1503,1564,1501,1361,1330,1392,1315,1425,1321,1449,1353,1418,1347,1387,1340,1572,1377,1602,1358,1631,1363,1650,1388,1627,1388,1599,1383,1391,1571,1435,1544,1482,1537,1509,1547,1537,1546,1564,1566,1578,1603,1553,1625,1523,1633,1494,1631,1464,1623,1424,1603,1405,1572,1477,1562,1505,1569,1531,1572,1566,1599,1528,1604,1500,1601,1472,1595
1492,h,1,1,1236,1176,1771,1711,49.733333333333334,1216,1353,1212,1419,1214,1487,1224,1551,1252,1610,1298,1654,1354,1687,1409,1715,1468,1731,1520,1729,1566,1704,1606,1666,1636,1619,1660,1568,1679,1518,1690,1466,1693,1415,1322,1288,1366,1266,1415,1264,1464,1277,1508,1296,1568,1313,1605,1311,1643,1315,1676,1329,1692,1360,1529,1347,1530,1379,1531,1409,1533,1442,1459,1483,1487,1492,1514,1503,1540,1503,1564,1501,1363,1330,1394,1316,1426,1322,1450,1352,1419,1347,1388,1340,1573,1378,1602,1358,1631,1363,1651,1388,1628,1388,1600,1384,1391,1569,1435,1543,1482,1536,1509,1547,1537,1546,1565,1565,1580,1603,1554,1623,1523,1631,1493,1628,1464,1621,1424,1600,1405,1571,1477,1561,1505,1567,1532,1571,1567,1598,1529,1601,1501,1598,1472,1592
1493,h,1,1,1236,1176,1771,1711,49.766666666666666,1216,1353,1212,1419,1214,1487,1224,1551,1252,1610,1298,1654,1354,1687,1409,1715,1468,1731,1520,1729,1566,1704,1606,1666,1636,1619,1660,1568,1679,1518,1690,1466,1693,1415,1322,1288,1366,1266,1415,1264,1464,1277,1508,1296,1568,1313,1605,1311,1643,1315,1676,1329,1692,1360,1529,1347,1530,1379,1531,1409,1533,1442,1459,1483,1487,1492,1514,1503,1540,1503,1564,1501,1363,1330,1394,1316,1426,1322,1450,1352,1419,1347,1388,1340,1573,1378,1602,1358,1631,1363,1651,1388,1628,1388,1600,1384,1391,1569,1435,1543,1482,1536,1509,1547,1537,1546,1565,1565,1580,1603,1554,1623,1523,1631,1493,1628,1464,1621,1424,1600,1405,1571,1477,1561,1505,1567,1532,1571,1567,1598,1529,1601,1501,1598,1472,1592
1494,h,1,1,1236,1176,1771,1711,49.8,1209,1353,1204,1420,1206,1488,1217,1553,1245,1611,1292,1654,1350,1684,1407,1712,1467,1727,1520,1728,1566,1703,1604,1667,1634,1620,1658,1570,1678,1520,1688,1468,1691,1418,1319,1289,1363,1266,1413,1264,1463,1276,1509,1296,1568,1314,1604,1312,1642,1316,1676,1329,1692,1359,1531,1346,1532,1378,1533,1408,1535,1441,1459,1481,1487,1491,1516,1502,1542,1502,1566,1500,1361,1330,1392,1315,1425,1321,1449,1352,1418,1347,1386,1340,1574,1377,1603,1357,1633,1362,1652,1388,1629,1388,1600,1383,1391,1567,1437,1542,1483,1534,1511,1545,1538,1543,1565,1563,1581,1602,1554,1620,1524,1628,1495,1626,1466,1618,1425,1599,1405,1569,1478,1561,1506,1567,1532,1571,1567,1598,1529,1598,1502,1595,1474,1588
1495,h,1,1,1236,1176,1771,1711,49.833333333333336,1210,1353,1204,1421,1203,1489,1212,1556,1241,1616,1290,1659,1350,1688,1407,1714,1466,1729,1517,1728,1564,1706,1605,1670,1634,1624,1659,1574,1679,1524,1689,1472,1693,1423,1324,1291,1366,1266,1416,1264,1466,1275,1511,1296,1569,1313,1607,1311,1646,1316,1680,1332,1694,1365,1533,1346,1533,1377,1535,1407,1536,1440,1460,1481,1489,1490,1517,1501,1543,1501,1567,1499,1365,1329,1396,1314,1427,1320,1451,1351,1421,1345,1390,1338,1575,1376,1604,1356,1632,1362,1652,1388,1629,1387,1601,1382,1393,1568,1438,1541,1485,1533,1512,1544,1539,1543,1567,1563,1582,1602,1555,1617,1524,1624,1495,1621,1467,1614,1427,1596,1407,1569,1480,1560,1507,1566,1533,1569,1570,1596,1530,1595,1502,1592,1475,1586
1496,h,1,1,1236,1176,1771,1711,49.86666666666667,1221,1352,1216,1418,1217,1485,1227,1550,1255,1610,1300,1654,1356,1684,1412,1711,1471,1726,1523,1726,1569,1701,1609,1665,1638,1618,1662,1568,1681,1518,1692,1466,1694,1416,1327,1286,1369,1266,1419,1265,1467,1276,1511,1296,1568,1313,1605,1312,1643,1317,1677,1331,1692,1362,1533,1345,1534,1377,1535,1408,1537,1441,1461,1481,1489,1491,1518,1501,1544,1501,1568,1500,1366,1329,1397,1316,1429,1322,1453,1352,1422,1346,1391,1339,1574,1377,1604,1358,1633,1363,1652,1388,1629,1388,1600,1383,1394,1565,1438,1541,1485,1534,1512,1544,1539,1543,1567,1562,1582,1600,1556,1617,1525,1625,1496,1622,1467,1615,1427,1596,1409,1567,1480,1559,1508,1565,1534,1568,1570,1595,1531,1594,1503,1590,1475,1585
1497,h,1,1,1236,1176,1771,1711,49.9,1221,1352,1216,1418,1217,1485,1227,1550,1255,1610,1300,1654,1356,1684,1412,1711,1471,1726,1523,1726,1569,1701,1609,1665,1638,1618,1662,1568,1681,1518,1692,1466,1694,1416,1327,1286,1369,1266,1419,1265,1467,1276,1511,1296,1568,1313,1605,1312,1643,1317,1677,1331,1692,1362,1533,1345,1534,1377,1535,1408,1537,1441,1461,1481,1489,1491,1518,1501,1544,1501,1568,1500,1366,1329,1397,1316,1429,1322,1453,1352,1422,1346,1391,1339,1574,1377,1604,1358,1633,1363,1652,1388,1629,1388,1600,1383,1394,1565,1438,1541,1485,1534,1512,1544,1539,1543,1567,1562,1582,1600,1556,1617,1525,1625,1496,1622,1467,1615,1427,1596,1409,1567,1480,1559,1508,1565,1534,1568,1570,1595,1531,1594,1503,1590,1475,1585
1498,h,1,1,1236,1176,1771,1711,49.93333333333333,1212,1354,1206,1421,1207,1490,1218,1555,1247,1614,1296,1657,1355,1686,1412,1712,1470,1728,1522,1728,1568,1705,1609,1669,1638,1621,1661,1570,1681,1520,1692,1469,1694,1419,1322,1291,1365,1267,1416,1264,1466,1276,1511,1297,1571,1313,1609,1313,1646,1318,1680,1334,1693,1367,1534,1348,1535,1379,1536,1409,1537,1441,1462,1481,1490,1491,1518,1502,1544,1502,1567,1501,1365,1329,1396,1315,1428,1321,1452,1352,1422,1346,1390,1339,1576,1378,1604,1358,1634,1364,1653,1389,1630,1389,1601,1384,1396,1566,1440,1541,1485,1533,1513,1544,1540,1542,1568,1562,1583,1601,1557,1616,1527,1623,1498,1620,1469,1613,1429,1595,1411,1568,1481,1559,1509,1565,1535,1569,1570,1595,1532,1593,1505,1590,1477,1584
1499,h,1,1,1236,1176,1771,1711,49.96666666666667,1222,1352,1216,1417,1216,1483,1226,1547,1254,1605,1300,1650,1356,1681,1412,1709,1470,1725,1523,1724,1569,1700,1609,1666,1639,1619,1664,1569,1682,1520,1692,1468,1694,1419,1328,1288,1371,1266,1421,1264,1469,1275,1512,1295,1570,1312,1608,1310,1645,1315,1679,1327,1693,1359,1533,1348,1533,1380,1534,1410,1535,1442,1461,1482,1489,1492,1517,1503,1543,1503,1567,1501,1368,1329,1398,1315,1430,1322,1453,1353,1423,1347,1392,1339,1576,1378,1605,1358,1633,1363,1652,1387,1630,1388,1602,1383,1397,1566,1440,1542,1485,1535,1512,1546,1539,1545,1568,1564,1583,1601,1557,1616,1526,1622,1497,1620,1468,1612,1429,1593,1413,1567,1480,1560,1508,1567,1534,1570,1572,1595,1531,1593,1504,1589,1476,1583
1500,h,1,1,1236,1176,1771,1711,50.0,1225,1347,1219,1413,1220,1480,1229,1544,1256,1603,1301,1648,1357,1680,1413,1707,1472,1723,1524,1721,1571,1697,1610,1662,1639,1616,1662,1567,1680,1517,1690,1465,1694,1415,1329,1287,1373,1266,1422,1265,1470,1277,1513,1297,1572,1313,1609,1312,1647,1318,1680,1333,1694,1364,1534,1351,1535,1381,1536,1412,1537,1444,1462,1483,1490,1493,1518,1504,1544,1504,1568,1502,1369,1330,1399,1316,1431,1323,1454,1355,1424,1350,1393,1342,1576,1380,1605,1361,1634,1365,1654,1390,1631,1392,1603,1387,1396,1566,1441,1543,1487,1536,1513,1547,1539,1546,1567,1565,1583,1601,1557,1616,1526,1623,1498,1621,1470,1613,1430,1595,1412,1567,1482,1563,1508,1570,1534,1573,1571,1596,1531,1592,1504,1589,1478,1583
1501,h,1,1,1236,1176,1771,1711,50.03333333333333,1225,1347,1219,1413,1220,1480,1229,1544,1256,1603,1301,1648,1357,1680,1413,1707,1472,1723,1524,1721,1571,1697,1610,1662,1639,1616,1662,1567,1680,1517,1690,1465,1694,1415,1329,1287,1373,1266,1422,1265,1470,1277,1513,1297,1572,1313,1609,1312,1647,1318,1680,1333,1694,1364,1534,1351,1535,1381,1536,1412,1537,1444,1462,1483,1490,1493,1518,1504,1544,1504,1568,1502,1369,1330,1399,1316,1431,1323,1454,1355,1424,1350,1393,1342,1576,1380,1605,1361,1634,1365,1654,1390,1631,1392,1603,1387,1396,1566,1441,1543,1487,1536,1513,1547,1539,1546,1567,1565,1583,1601,1557,1616,1526,1623,1498,1621,1470,1613,1430,1595,1412,1567,1482,1563,1508,1570,1534,1573,1571,1596,1531,1592,1504,1589,1478,1583
1502,h,1,1,1236,1176,1771,1711,50.06666666666667,1211,1358,1205,1425,1206,1492,1215,1556,1245,1615,1294,1658,1353,1688,1410,1713,1470,1727,1522,1726,1569,1701,1609,1665,1638,1619,1662,1569,1680,1520,1689,1469,1692,1421,1323,1293,1365,1269,1416,1266,1466,1278,1511,1298,1572,1317,1609,1317,1647,1321,1679,1337,1692,1371,1533,1351,1534,1382,1535,1412,1537,1444,1462,1486,1490,1495,1518,1505,1543,1506,1567,1505,1365,1332,1396,1318,1428,1325,1452,1356,1421,1351,1390,1343,1575,1383,1604,1363,1633,1367,1653,1392,1630,1393,1601,1389,1392,1566,1439,1544,1485,1538,1513,1549,1541,1547,1568,1566,1583,1602,1557,1617,1527,1624,1498,1621,1468,1614,1428,1597,1407,1568,1481,1564,1509,1570,1536,1574,1571,1597,1533,1593,1505,1590,1476,1585
1503,h,1,1,1236,1176,1771,1711,50.1,1219,1353,1213,1420,1213,1487,1224,1552,1252,1612,1300,1657,1358,1689,1415,1716,1473,1730,1525,1729,1572,1702,1611,1664,1642,1617,1666,1566,1685,1517,1697,1465,1700,1414,1321,1295,1363,1269,1413,1266,1464,1277,1509,1297,1572,1315,1611,1314,1650,1318,1684,1335,1698,1370,1532,1348,1533,1381,1534,1412,1535,1445,1462,1486,1490,1496,1518,1506,1543,1506,1567,1504,1365,1332,1396,1319,1428,1325,1452,1355,1422,1351,1390,1343,1575,1381,1605,1362,1634,1367,1654,1391,1632,1392,1602,1388,1392,1565,1438,1544,1484,1538,1513,1550,1541,1548,1569,1567,1585,1603,1558,1621,1527,1628,1497,1625,1466,1617,1426,1598,1408,1568,1480,1564,1509,1572,1536,1575,1572,1598,1532,1594,1503,1591,1474,1585
1504,h,1,1,1236,1176,1771,1711,50.13333333333333,1217,1353,1211,1419,1212,1484,1220,1548,1246,1608,1294,1653,1352,1683,1410,1709,1471,1724,1523,1724,1569,1699,1608,1664,1637,1618,1660,1569,1678,1521,1689,1472,1691,1423,1322,1293,1365,1270,1416,1268,1466,1280,1511,1299,1569,1316,1608,1316,1646,1320,1679,1336,1694,1370,1532,1350,1532,1381,1533,1412,1534,1445,1460,1485,1488,1495,1516,1506,1542,1506,1566,1504,1365,1332,1395,1318,1427,1324,1451,1354,1421,1349,1390,1342,1574,1381,1603,1362,1632,1367,1652,1391,1629,1392,1601,1387,1393,1568,1438,1545,1485,1539,1512,1550,1540,1549,1568,1567,1583,1603,1556,1616,1525,1621,1496,1618,1467,1611,1427,1593,1408,1568,1480,1564,1508,1571,1535,1574,1571,1597,1531,1591,1503,1587,1475,1582
1505,h,1,1,1236,1176,1771,1711,50.166666666666664,1217,1353,1211,1419,1212,1484,1220,1548,1246,1608,1294,1653,1352,1683,1410,1709,1471,1724,1523,1724,1569,1699,1608,1664,1637,1618,1660,1569,1678,1521,1689,1472,1691,1423,1322,1293,1365,1270,1416,1268,1466,1280,1511,1299,1569,1316,1608,1316,1646,1320,1679,1336,1694,1370,1532,1350,1532,1381,1533,1412,1534,1445,1460,1485,1488,1495,1516,1506,1542,1506,1566,1504,1365,1332,1395,1318,1427,1324,1451,1354,1421,1349,1390,1342,1574,1381,1603,1362,1632,1367,1652,1391,1629,1392,1601,1387,1393,1568,1438,1545,1485,1539,1512,1550,1540,1549,1568,1567,1583,1603,1556,1616,1525,1621,1496,1618,1467,1611,1427,1593,1408,1568,1480,1564,1508,1571,1535,1574,1571,1597,1531,1591,1503,1587,1475,1582
1506,h,1,1,1236,1176,1771,1711,50.2,1215,1355,1209,1420,1209,1487,1217,1552,1244,1611,1292,1655,1350,1685,1406,1711,1464,1726,1515,1728,1562,1704,1603,1669,1634,1623,1659,1574,1679,1524,1689,1474,1691,1426,1323,1292,1366,1269,1416,1267,1465,1279,1511,1297,1570,1317,1608,1317,1646,1321,1679,1337,1693,1370,1531,1350,1531,1382,1532,1412,1532,1445,1459,1485,1487,1496,1515,1506,1541,1506,1566,1505,1365,1331,1395,1318,1426,1325,1451,1355,1420,1349,1389,1341,1574,1382,1603,1364,1633,1368,1652,1393,1630,1393,1601,1388,1391,1563,1438,1544,1484,1538,1511,1550,1538,1548,1566,1567,1582,1601,1555,1613,1524,1619,1495,1616,1466,1609,1426,1591,1406,1565,1479,1563,1507,1570,1534,1574,1570,1596,1530,1590,1502,1586,1474,1581
1507,h,1,1,1277,1228,1723,1673,50.233333333333334,1224,1352,1219,1417,1219,1483,1226,1547,1250,1606,1294,1652,1350,1683,1407,1708,1467,1722,1522,1721,1568,1699,1606,1665,1634,1622,1656,1573,1674,1524,1685,1475,1690,1427,1321,1294,1363,1270,1415,1266,1464,1278,1509,1298,1572,1316,1612,1316,1651,1321,1684,1338,1698,1373,1533,1351,1533,1382,1533,1413,1534,1446,1460,1485,1488,1493,1516,1504,1541,1504,1564,1503,1366,1331,1397,1317,1428,1323,1452,1354,1422,1349,1390,1342,1575,1381,1604,1361,1633,1366,1653,1391,1630,1392,1601,1387,1394,1562,1440,1543,1485,1537,1510,1548,1537,1547,1564,1566,1580,1597,1554,1611,1524,1616,1495,1614,1467,1606,1428,1588,1410,1564,1480,1563,1506,1571,1532,1573,1567,1593,1529,1587,1502,1583,1475,1577
1508,h,1,1,1277,1228,1723,1673,50.266666666666666,1224,1352,1219,1417,1219,1483,1226,1547,1250,1606,1294,1652,1350,1683,1407,1708,1467,1722,1522,1721,1568,1699,1606,1665,1634,1622,1656,1573,1674,1524,1685,1475,1690,1427,1321,1294,1363,1270,1415,1266,1464,1278,1509,1298,1572,1316,1612,1316,1651,1321,1684,1338,1698,1373,1533,1351,1533,1382,1533,1413,1534,1446,1460,1485,1488,1493,1516,1504,1541,1504,1564,1503,1366,1331,1397,1317,1428,1323,1452,1354,1422,1349,1390,1342,1575,1381,1604,1361,1633,1366,1653,1391,1630,1392,1601,1387,1394,1562,1440,1543,1485,1537,1510,1548,1537,1547,1564,1566,1580,1597,1554,1611,1524,1616,1495,1614,1467,1606,1428,1588,1410,1564,1480,1563,1506,1571,1532,1573,1567,1593,1529,1587,1502,1583,1475,1577
1509,h,1,1,1236,1176,1771,1711,50.3,1218,1351,1211,1416,1210,1481,1217,1545,1245,1604,1292,1649,1349,1680,1405,1706,1466,1722,1519,1721,1565,1697,1604,1662,1635,1617,1659,1569,1678,1520,1688,1470,1690,1421,1324,1291,1367,1268,1418,1266,1468,1278,1513,1297,1570,1312,1609,1313,1647,1319,1680,1336,1693,1371,1532,1351,1532,1382,1532,1412,1532,1445,1459,1485,1487,1495,1515,1506,1541,1506,1566,1504,1366,1331,1396,1318,1428,1325,1452,1355,1421,1350,1390,1343,1574,1382,1603,1362,1633,1367,1652,1392,1630,1393,1601,1389,1394,1563,1440,1542,1486,1537,1512,1549,1540,1546,1568,1565,1585,1599,1557,1612,1526,1617,1497,1614,1468,1607,1429,1589,1410,1564,1481,1563,1508,1571,1535,1574,1572,1594,1531,1587,1503,1584,1476,1578
1510,h,1,1,1277,1228,1723,1673,50.333333333333336,1223,1352,1217,1417,1216,1484,1224,1548,1248,1608,1293,1654,1351,1686,1409,1712,1469,1726,1523,1725,1569,1702,1608,1670,1636,1626,1659,1578,1678,1530,1689,1481,1694,1433,1322,1293,1364,1269,1416,1266,1466,1278,1511,1297,1571,1313,1613,1313,1653,1319,1687,1338,1701,1375,1533,1351,1533,1382,1533,1412,1534,1445,1461,1485,1488,1494,1516,1504,1541,1504,1565,1503,1366,1331,1397,1318,1428,1324,1452,1354,1421,1349,1390,1341,1576,1380,1605,1361,1634,1367,1654,1391,1631,1391,1602,1386,1395,1563,1440,1543,1486,1537,1512,1548,1539,1546,1567,1564,1582,1598,1556,1612,1525,1617,1496,1614,1468,1607,1429,1589,1411,1564,1481,1562,1508,1569,1534,1572,1570,1593,1530,1587,1503,1584,1476,1578
1511,h,1,1,1277,1228,1723,1673,50.36666666666667,1219,1351,1213,1417,1212,1483,1217,1548,1240,1609,1285,1655,1342,1685,1401,1711,1462,1725,1518,1726,1564,1704,1604,1671,1633,1627,1656,1579,1674,1529,1686,1480,1691,1431,1319,1296,1361,1271,1413,1267,1463,1279,1509,1298,1572,1317,1611,1316,1650,1320,1684,1337,1698,1373,1533,1351,1533,1382,1534,1412,1534,1445,1461,1485,1487,1494,1515,1504,1540,1504,1564,1503,1364,1332,1395,1318,1426,1325,1450,1354,1420,1349,1389,1342,1576,1380,1604,1361,1633,1366,1652,1391,1630,1391,1601,1386,1392,1561,1439,1543,1485,1538,1511,1549,1538,1547,1565,1564,1581,1597,1555,1611,1524,1616,1495,1613,1466,1606,1426,1589,1407,1562,1479,1564,1507,1571,1533,1574,1569,1592,1529,1587,1502,1584,1475,1577
1512,h,1,1,1277,1228,1723,1673,50.4,1219,1351,1213,1417,1212,1483,1217,1548,1240,1609,1285,1655,1342,1685,1401,1711,1462,1725,1518,1726,1564,1704,1604,1671,1633,1627,1656,1579,1674,1529,1686,1480,1691,1431,1319,1296,1361,1271,1413,1267,1463,1279,1509,1298,1572,1317,1611,1316,1650,1320,1684,1337,1698,1373,1533,1351,1533,1382,1534,1412,1534,1445,1461,1485,1487,1494,1515,1504,1540,1504,1564,1503,1364,1332,1395,1318,1426,1325,1450,1354,1420,1349,1389,1342,1576,1380,1604,1361,1633,1366,1652,1391,1630,1391,1601,1386,1392,1561,1439,1543,1485,1538,1511,1549,1538,1547,1565,1564,1581,1597,1555,1611,1524,1616,1495,1613,1466,1606,1426,1589,1407,1562,1479,1564,1507,1571,1533,1574,1569,1592,1529,1587,1502,1584,1475,1577
1513,h,1,1,1277,1228,1723,1673,50.43333333333333,1218,1351,1212,1418,1211,1485,1217,1550,1241,1611,1286,1657,1344,1687,1403,1712,1465,1726,1520,1726,1567,1703,1608,1670,1638,1625,1659,1576,1676,1526,1687,1476,1691,1427,1318,1298,1360,1271,1413,1267,1464,1278,1510,1298,1571,1315,1611,1315,1652,1319,1687,1338,1701,1377,1533,1351,1533,1383,1533,1413,1533,1446,1461,1486,1488,1495,1516,1505,1541,1505,1564,1504,1364,1332,1395,1318,1427,1325,1451,1354,1421,1349,1389,1342,1575,1380,1604,1361,1632,1366,1652,1391,1630,1392,1601,1387,1392,1561,1439,1544,1484,1538,1511,1549,1537,1548,1565,1566,1582,1597,1554,1609,1523,1614,1495,1611,1466,1604,1427,1587,1407,1562,1479,1563,1507,1570,1533,1573,1570,1592,1529,1586,1502,1583,1474,1577
1514,h,1,1,1236,1176,1771,1711,50.46666666666667,1221,1344,1214,1408,1212,1473,1219,1538,1245,1598,1292,1643,1350,1673,1407,1701,1468,1716,1521,1715,1568,1692,1608,1658,1640,1615,1663,1566,1681,1516,1693,1465,1696,1415,1321,1295,1365,1271,1416,1269,1465,1281,1511,1299,1570,1316,1610,1315,1650,1319,1684,1336,1699,1371,1533,1352,1533,1383,1533,1413,1534,1446,1460,1487,1488,1496,1516,1506,1541,1506,1565,1504,1365,1332,1396,1319,1427,1326,1451,1356,1420,1351,1389,1343,1575,1381,1604,1362,1633,1366,1652,1391,1630,1393,1601,1388,1396,1565,1441,1545,1487,1540,1513,1550,1540,1549,1569,1566,1588,1597,1558,1608,1527,1613,1498,1611,1470,1603,1431,1587,1411,1564,1481,1566,1509,1573,1535,1575,1575,1591,1532,1584,1505,1581,1478,1575
1515,h,1,1,1236,1176,1771,1711,50.5,1222,1350,1214,1413,1212,1477,1218,1541,1243,1602,1289,1647,1347,1679,1404,1707,1465,1723,1520,1723,1566,1699,1607,1665,1637,1620,1659,1571,1677,1521,1688,1471,1692,1423,1323,1294,1366,1270,1416,1269,1465,1281,1509,1300,1570,1318,1610,1317,1649,1321,1683,1338,1697,1373,1532,1351,1532,1383,1533,1413,1533,1447,1460,1486,1487,1495,1516,1506,1541,1506,1565,1504,1366,1333,1396,1319,1427,1325,1452,1355,1421,1350,1389,1343,1575,1381,1604,1361,1633,1366,1652,1391,1630,1392,1601,1387,1397,1566,1441,1545,1486,1539,1513,1551,1539,1549,1568,1566,1585,1597,1557,1607,1526,1613,1498,1610,1469,1604,1431,1587,1412,1565,1481,1566,1509,1573,1535,1575,1573,1591,1531,1585,1505,1582,1477,1576
1516,h,1,1,1236,1176,1771,1711,50.53333333333333,1222,1350,1214,1413,1212,1477,1218,1541,1243,1602,1289,1647,1347,1679,1404,1707,1465,1723,1520,1723,1566,1699,1607,1665,1637,1620,1659,1571,1677,1521,1688,1471,1692,1423,1323,1294,1366,1270,1416,1269,1465,1281,1509,1300,1570,1318,1610,1317,1649,1321,1683,1338,1697,1373,1532,1351,1532,1383,1533,1413,1533,1447,1460,1486,1487,1495,1516,1506,1541,1506,1565,1504,1366,1333,1396,1319,1427,1325,1452,1355,1421,1350,1389,1343,1575,1381,1604,1361,1633,1366,1652,1391,1630,1392,1601,1387,1397,1566,1441,1545,1486,1539,1513,1551,1539,1549,1568,1566,1585,1597,1557,1607,1526,1613,1498,1610,1469,1604,1431,1587,1412,1565,1481,1566,1509,1573,1535,1575,1573,1591,1531,1585,1505,1582,1477,1576
1517,h,1,1,1236,1176,1771,1711,50.56666666666667,1220,1353,1214,1417,1214,1482,1221,1546,1246,1605,1292,1649,1348,1679,1404,1706,1463,1722,1517,1723,1564,1700,1603,1666,1634,1622,1657,1573,1676,1524,1687,1474,1690,1426,1320,1297,1362,1272,1413,1269,1463,1280,1509,1300,1571,1317,1610,1317,1648,1321,1681,1338,1695,1374,1531,1353,1531,1384,1532,1413,1532,1446,1460,1485,1487,1495,1515,1506,1540,1505,1564,1504,1364,1332,1394,1319,1426,1325,1451,1355,1420,1350,1388,1343,1575,1381,1604,1363,1633,1368,1652,1393,1630,1394,1601,1389,1396,1564,1442,1544,1487,1538,1513,1549,1540,1547,1568,1565,1585,1598,1557,1609,1526,1615,1498,1613,1469,1605,1431,1588,1412,1564,1482,1565,1509,1572,1535,1574,1573,1592,1531,1585,1505,1582,1478,1576
1518,h,1,1,1236,1176,1771,1711,50.6,1215,1356,1206,1419,1204,1483,1210,1547,1236,1606,1284,1649,1343,1680,1401,1708,1461,1723,1514,1724,1562,1701,1603,1668,1634,1623,1659,1574,1677,1525,1687,1475,1690,1427,1321,1290,1366,1268,1416,1267,1465,1279,1511,1298,1570,1318,1608,1316,1645,1321,1679,1333,1696,1363,1533,1352,1533,1383,1533,1413,1534,1446,1460,1486,1487,1496,1515,1507,1540,1506,1564,1505,1364,1332,1395,1320,1427,1326,1452,1355,1421,1350,1389,1343,1575,1381,1605,1363,1634,1368,1653,1393,1631,1393,1602,1388,1396,1563,1443,1544,1488,1538,1513,1549,1538,1547,1565,1565,1583,1596,1554,1606,1524,1612,1496,1610,1469,1603,1432,1586,1412,1564,1482,1565,1508,1573,1533,1575,1571,1591,1530,1583,1504,1580,1478,1574
1519,h,1,1,1277,1228,1723,1673,50.63333333333333,1222,1351,1217,1416,1216,1483,1221,1548,1244,1609,1287,1657,1343,1689,1402,1716,1464,1731,1521,1729,1568,1705,1609,1671,1638,1627,1660,1578,1678,1529,1688,1479,1693,1430,1319,1299,1361,1271,1413,1267,1464,1278,1510,1298,1572,1315,1613,1315,1653,1320,1687,1339,1700,1377,1533,1352,1533,1383,1533,1413,1532,1446,1460,1486,1487,1495,1515,1505,1540,1505,1563,1504,1365,1332,1396,1318,1428,1324,1452,1355,1421,1351,1390,1343,1576,1381,1605,1361,1634,1366,1653,1392,1631,1393,1602,1388,1394,1564,1440,1545,1485,1540,1510,1550,1537,1549,1564,1565,1579,1597,1553,1609,1523,1614,1495,1611,1467,1605,1429,1589,1408,1564,1480,1566,1506,1572,1532,1574,1568,1592,1529,1586,1502,1583,1475,1577
1520,h,1,1,1277,1228,1723,1673,50.666666666666664,1222,1351,1217,1416,1216,1483,1221,1548,1244,1609,1287,1657,1343,1689,1402,1716,1464,1731,1521,1729,1568,1705,1609,1671,1638,1627,1660,1578,1678,1529,1688,1479,1693,1430,1319,1299,1361,1271,1413,1267,1464,1278,1510,1298,1572,1315,1613,1315,1653,1320,1687,1339,1700,1377,1533,1352,1533,1383,1533,1413,1532,1446,1460,1486,1487,1495,1515,1505,1540,1505,1563,1504,1365,1332,1396,1318,1428,1324,1452,1355,1421,1351,1390,1343,1576,1381,1605,1361,1634,1366,1653,1392,1631,1393,1602,1388,1394,1564,1440,1545,1485,1540,1510,1550,1537,1549,1564,1565,1579,1597,1553,1609,1523,1614,1495,1611,1467,1605,1429,1589,1408,1564,1480,1566,1506,1572,1532,1574,1568,1592,1529,1586,1502,1583,1475,1577
1521,h,1,1,1236,1176,1771,1711,50.7,1213,1358,1207,1422,1208,1488,1215,1553,1242,1613,1289,1657,1347,1688,1404,1714,1465,1731,1519,1730,1565,1706,1606,1671,1637,1624,1660,1574,1680,1524,1691,1473,1694,1425,1321,1294,1363,1269,1414,1266,1464,1277,1509,1297,1569,1314,1608,1314,1647,1319,1680,1333,1695,1366,1532,1349,1532,1381,1534,1412,1535,1445,1461,1487,1489,1496,1517,1507,1542,1507,1565,1505,1364,1332,1394,1318,1427,1324,1451,1355,1420,1350,1389,1343,1576,1380,1604,1360,1634,1365,1653,1391,1631,1392,1602,1387,1396,1571,1440,1547,1485,1540,1512,1551,1539,1550,1566,1568,1581,1603,1554,1613,1524,1619,1497,1617,1468,1610,1430,1593,1411,1571,1480,1567,1508,1573,1533,1576,1569,1597,1530,1591,1504,1588,1476,1582
1522,h,1,1,1236,1176,1771,1711,50.733333333333334,1211,1357,1204,1422,1203,1488,1212,1553,1239,1612,1287,1656,1345,1687,1403,1713,1464,1728,1517,1729,1563,1706,1603,1671,1634,1624,1658,1573,1677,1523,1687,1473,1691,1426,1318,1292,1362,1269,1413,1267,1462,1278,1509,1296,1571,1316,1609,1316,1646,1320,1678,1333,1694,1363,1532,1350,1532,1381,1533,1412,1534,1445,1461,1487,1488,1496,1516,1507,1540,1506,1564,1504,1361,1334,1393,1319,1426,1324,1450,1356,1419,1352,1387,1345,1574,1381,1604,1360,1634,1365,1653,1391,1631,1393,1601,1388,1394,1571,1439,1548,1486,1540,1513,1551,1539,1549,1566,1568,1582,1604,1555,1616,1524,1621,1496,1619,1467,1612,1428,1594,1409,1571,1480,1568,1508,1574,1534,1577,1570,1598,1530,1592,1503,1589,1476,1583
1523,h,1,1,1236,1176,1771,1711,50.766666666666666,1211,1357,1204,1422,1203,1488,1212,1553,1239,1612,1287,1656,1345,1687,1403,1713,1464,1728,1517,1729,1563,1706,1603,1671,1634,1624,1658,1573,1677,1523,1687,1473,1691,1426,1318,1292,1362,1269,1413,1267,1462,1278,1509,1296,1571,1316,1609,1316,1646,1320,1678,1333,1694,1363,1532,1350,1532,1381,1533,1412,1534,1445,1461,1487,1488,1496,1516,1507,1540,1506,1564,1504,1361,1334,1393,1319,1426,1324,1450,1356,1419,1352,1387,1345,1574,1381,1604,1360,1634,1365,1653,1391,1631,1393,1601,1388,1394,1571,1439,1548,1486,1540,1513,1551,1539,1549,1566,1568,1582,1604,1555,1616,1524,1621,1496,1619,1467,1612,1428,1594,1409,1571,1480,1568,1508,1574,1534,1577,1570,1598,1530,1592,1503,1589,1476,1583
1524,h,1,1,1236,1176,1771,1711,50.8,1221,1347,1214,1412,1213,1479,1221,1543,1247,1603,1292,1650,1347,1682,1403,1711,1463,1727,1516,1727,1561,1703,1602,1669,1633,1624,1657,1575,1678,1526,1690,1476,1695,1426,1320,1292,1363,1269,1413,1267,1463,1278,1508,1297,1569,1315,1609,1314,1649,1319,1684,1335,1698,1371,1531,1349,1531,1381,1531,1412,1532,1446,1459,1486,1486,1495,1514,1506,1540,1505,1564,1504,1365,1331,1394,1318,1426,1324,1449,1353,1420,1349,1389,1342,1576,1379,1604,1360,1633,1366,1653,1391,1630,1392,1601,1387,1394,1568,1438,1545,1484,1539,1510,1549,1538,1548,1564,1566,1581,1599,1554,1613,1523,1620,1495,1617,1466,1610,1427,1591,1409,1567,1479,1566,1506,1573,1532,1575,1568,1593,1529,1590,1502,1587,1474,1580
1525,h,1,1,1277,1228,1723,1673,50.833333333333336,1221,1353,1215,1419,1214,1485,1220,1551,1243,1611,1287,1657,1343,1690,1401,1716,1462,1731,1518,1730,1564,1707,1604,1674,1633,1629,1654,1580,1673,1531,1685,1482,1691,1433,1317,1298,1360,1270,1412,1266,1463,1278,1509,1298,1570,1316,1611,1316,1652,1321,1687,1340,1700,1378,1532,1351,1532,1382,1532,1412,1532,1446,1458,1485,1485,1494,1513,1505,1538,1504,1561,1503,1364,1331,1394,1317,1426,1324,1450,1353,1420,1349,1388,1342,1575,1380,1604,1361,1633,1367,1653,1393,1630,1393,1601,1387,1392,1568,1436,1545,1481,1539,1507,1549,1535,1548,1562,1566,1578,1599,1552,1610,1521,1615,1492,1612,1464,1605,1425,1588,1406,1567,1476,1564,1503,1571,1530,1573,1566,1593,1527,1586,1499,1583,1472,1577
1526,h,1,1,1277,1228,1723,1673,50.86666666666667,1217,1352,1212,1418,1212,1484,1218,1549,1241,1609,1284,1655,1340,1687,1398,1713,1459,1727,1514,1727,1560,1705,1599,1673,1628,1629,1650,1580,1669,1531,1682,1482,1687,1433,1313,1297,1356,1271,1409,1267,1460,1279,1506,1298,1570,1317,1608,1316,1647,1321,1681,1340,1695,1375,1531,1351,1530,1382,1530,1413,1531,1446,1458,1486,1484,1494,1512,1504,1537,1504,1560,1503,1361,1332,1392,1318,1424,1324,1449,1354,1418,1349,1386,1342,1572,1380,1601,1361,1630,1367,1650,1392,1627,1392,1598,1386,1393,1564,1438,1544,1482,1539,1508,1549,1534,1548,1561,1564,1577,1596,1551,1607,1521,1612,1492,1610,1464,1602,1426,1586,1408,1564,1477,1565,1503,1572,1529,1574,1566,1591,1526,1584,1500,1580,1473,1574
1527,h,1,1,1277,1228,1723,1673,50.9,1217,1352,1212,1418,1212,1484,1218,1549,1241,1609,1284,1655,1340,1687,1398,1713,1459,1727,1514,1727,1560,1705,1599,1673,1628,1629,1650,1580,1669,1531,1682,1482,1687,1433,1313,1297,1356,1271,1409,1267,1460,1279,1506,1298,1570,1317,1608,1316,1647,1321,1681,1340,1695,1375,1531,1351,1530,1382,1530,1413,1531,1446,1458,1486,1484,1494,1512,1504,1537,1504,1560,1503,1361,1332,1392,1318,1424,1324,1449,1354,1418,1349,1386,1342,1572,1380,1601,1361,1630,1367,1650,1392,1627,1392,1598,1386,1393,1564,1438,1544,1482,1539,1508,1549,1534,1548,1561,1564,1577,1596,1551,1607,1521,1612,1492,1610,1464,1602,1426,1586,1408,1564,1477,1565,1503,1572,1529,1574,1566,1591,1526,1584,1500,1580,1473,1574
1528,h,1,1,1277,1228,1723,1673,50.93333333333333,1222,1349,1217,1415,1217,1481,1223,1546,1245,1606,1286,1652,1342,1685,1399,1711,1460,1726,1516,1725,1564,1703,1603,1669,1631,1625,1653,1576,1671,1527,1683,1476,1688,1427,1313,1297,1355,1270,1407,1265,1458,1276,1504,1296,1565,1314,1606,1313,1647,1318,1682,1337,1696,1374,1527,1350,1527,1382,1527,1412,1527,1446,1456,1487,1482,1495,1510,1505,1535,1504,1558,1503,1359,1331,1390,1317,1422,1324,1447,1354,1415,1350,1384,1342,1570,1380,1600,1361,1629,1366,1649,1391,1626,1392,1597,1387,1391,1564,1435,1544,1480,1538,1506,1549,1532,1547,1559,1564,1576,1596,1549,1607,1519,1611,1490,1609,1462,1602,1424,1586,1405,1565,1474,1565,1502,1571,1527,1573,1564,1590,1524,1582,1497,1580,1470,1574
1529,h,1,1,1277,1228,1723,1673,50.96666666666667,1222,1349,1218,1415,1218,1482,1224,1546,1245,1606,1286,1653,1340,1686,1397,1711,1459,1725,1515,1726,1562,1704,1602,1671,1631,1626,1652,1577,1670,1528,1684,1478,1690,1428,1313,1297,1355,1271,1406,1266,1457,1278,1502,1297,1567,1316,1608,1315,1648,1319,1683,1337,1698,1374,1526,1349,1526,1382,1526,1413,1526,1446,1454,1486,1481,1495,1509,1505,1534,1505,1558,1503,1359,1332,1390,1319,1422,1325,1446,1354,1415,1349,1384,1343,1571,1380,1600,1361,1630,1366,1650,1391,1627,1392,1598,1387,1390,1566,1434,1545,1478,1539,1505,1550,1532,1548,1559,1566,1575,1599,1548,1610,1518,1615,1489,1612,1460,1605,1422,1588,1405,1566,1473,1566,1500,1573,1527,1575,1563,1593,1523,1585,1496,1582,1468,1576
1530,h,1,1,1277,1228,1723,1673,51.0,1224,1345,1218,1410,1219,1477,1226,1541,1247,1602,1288,1651,1341,1686,1398,1713,1460,1727,1516,1728,1563,1706,1602,1671,1631,1626,1653,1576,1671,1527,1683,1476,1689,1425,1314,1295,1357,1269,1408,1265,1458,1277,1504,1297,1566,1315,1607,1314,1647,1318,1681,1336,1696,1372,1527,1349,1527,1381,1526,1412,1527,1446,1455,1487,1482,1495,1510,1506,1535,1505,1559,1504,1360,1332,1391,1318,1423,1324,1447,1354,1416,1350,1385,1343,1571,1379,1600,1360,1629,1366,1649,1391,1626,1392,1597,1387,1391,1569,1434,1546,1478,1539,1505,1551,1532,1549,1559,1567,1575,1601,1548,1613,1518,1618,1489,1615,1460,1608,1422,1591,1405,1569,1473,1567,1500,1574,1527,1576,1562,1595,1524,1588,1496,1585,1469,1579
1531,h,1,1,1277,1228,1723,1673,51.03333333333333,1224,1345,1218,1410,1219,1477,1226,1541,1247,1602,1288,1651,1341,1686,1398,1713,1460,1727,1516,1728,1563,1706,1602,1671,1631,1626,1653,1576,1671,1527,1683,1476,1689,1425,1314,1295,1357,1269,1408,1265,1458,1277,1504,1297,1566,1315,1607,1314,1647,1318,1681,1336,1696,1372,1527,1349,1527,1381,1526,1412,1527,1446,1455,1487,1482,1495,1510,1506,1535,1505,1559,1504,1360,1332,1391,1318,1423,1324,1447,1354,1416,1350,1385,1343,1571,1379,1600,1360,1629,1366,1649,1391,1626,1392,1597,1387,1391,1569,1434,1546,1478,1539,1505,1551,1532,1549,1559,1567,1575,1601,1548,1613,1518,1618,1489,1615,1460,1608,1422,1591,1405,1569,1473,1567,1500,1574,1527,1576,1562,1595,1524,1588,1496,1585,1469,1579
1532,h,1,1,1277,1228,1723,1673,51.06666666666667,1213,1351,1208,1417,1208,1484,1215,1549,1239,1610,1282,1656,1337,1690,1395,1718,1457,1734,1513,1733,1559,1709,1599,1674,1630,1628,1653,1577,1672,1526,1685,1475,1690,1424,1314,1293,1357,1269,1406,1267,1455,1279,1500,1299,1563,1316,1602,1315,1640,1318,1674,1333,1690,1366,1524,1348,1524,1381,1524,1412,1524,1446,1452,1486,1478,1495,1506,1505,1532,1505,1556,1503,1358,1331,1388,1317,1420,1322,1443,1351,1414,1348,1382,1341,1568,1377,1597,1358,1626,1363,1646,1389,1623,1390,1594,1384,1391,1570,1433,1546,1477,1539,1503,1550,1530,1548,1557,1566,1572,1602,1546,1616,1516,1622,1488,1620,1459,1613,1422,1595,1405,1571,1472,1566,1498,1573,1525,1575,1560,1597,1522,1592,1495,1590,1468,1584
1533,h,1,1,1277,1228,1723,1673,51.1,1210,1350,1204,1416,1203,1484,1209,1550,1233,1612,1277,1659,1332,1693,1390,1722,1452,1738,1508,1738,1554,1712,1594,1677,1626,1630,1650,1579,1670,1527,1683,1474,1689,1422,1313,1293,1356,1270,1406,1267,1456,1279,1502,1298,1562,1316,1601,1315,1639,1318,1673,1331,1690,1364,1524,1348,1524,1381,1524,1412,1525,1446,1452,1486,1479,1495,1507,1506,1532,1505,1555,1503,1357,1332,1388,1318,1420,1324,1443,1353,1413,1349,1382,1342,1567,1378,1596,1359,1625,1364,1645,1388,1622,1389,1593,1384,1385,1573,1430,1548,1475,1540,1502,1550,1529,1548,1556,1566,1570,1602,1545,1618,1515,1626,1486,1624,1457,1617,1418,1600,1400,1573,1469,1567,1497,1573,1524,1575,1558,1597,1521,1595,1493,1593,1465,1587
1534,h,1,1,1277,1228,1723,1673,51.13333333333333,1214,1347,1207,1413,1206,1481,1212,1547,1236,1609,1279,1657,1334,1692,1390,1722,1451,1738,1507,1737,1553,1712,1593,1676,1625,1630,1649,1579,1669,1526,1682,1474,1688,1421,1313,1293,1357,1270,1406,1268,1456,1280,1501,1299,1564,1317,1602,1315,1639,1318,1673,1332,1689,1363,1524,1350,1524,1382,1524,1413,1524,1446,1452,1486,1478,1494,1506,1505,1531,1505,1554,1503,1358,1332,1389,1318,1420,1324,1443,1353,1414,1348,1383,1342,1568,1378,1597,1359,1626,1364,1645,1388,1622,1389,1594,1384,1387,1572,1430,1547,1474,1539,1501,1549,1528,1547,1554,1565,1568,1602,1544,1618,1514,1625,1485,1623,1456,1616,1418,1599,1402,1572,1469,1566,1496,1572,1523,1574,1557,1597,1519,1595,1492,1593,1464,1587
1535,h,1,1,1277,1228,1723,1673,51.166666666666664,1214,1347,1207,1413,1206,1481,1212,1547,1236,1609,1279,1657,1334,1692,1390,1722,1451,1738,1507,1737,1553,1712,1593,1676,1625,1630,1649,1579,1669,1526,1682,1474,1688,1421,1313,1293,1357,1270,1406,1268,1456,1280,1501,1299,1564,1317,1602,1315,1639,1318,1673,1332,1689,1363,1524,1350,1524,1382,1524,1413,1524,1446,1452,1486,1478,1494,1506,1505,1531,1505,1554,1503,1358,1332,1389,1318,1420,1324,1443,1353,1414,1348,1383,1342,1568,1378,1597,1359,1626,1364,1645,1388,1622,1389,1594,1384,1387,1572,1430,1547,1474,1539,1501,1549,1528,1547,1554,1565,1568,1602,1544,1618,1514,1625,1485,1623,1456,1616,1418,1599,1402,1572,1469,1566,1496,1572,1523,1574,1557,1597,1519,1595,1492,1593,1464,1587
1536,h,1,1,1277,1228,1723,1673,51.2,1211,1348,1204,1414,1204,1482,1211,1548,1235,1609,1278,1656,1333,1690,1391,1719,1453,1734,1508,1734,1555,1709,1594,1674,1625,1627,1647,1576,1668,1525,1680,1473,1686,1421,1312,1292,1356,1270,1406,1268,1455,1280,1500,1299,1563,1316,1602,1315,1640,1319,1673,1332,1689,1363,1524,1350,1524,1382,1525,1413,1526,1446,1451,1486,1479,1495,1507,1505,1532,1504,1556,1502,1356,1333,1387,1318,1419,1324,1442,1353,1412,1349,1381,1342,1568,1378,1597,1359,1626,1364,1645,1389,1623,1390,1594,1385,1385,1573,1429,1547,1475,1539,1502,1550,1528,1547,1555,1566,1568,1602,1545,1618,1515,1626,1486,1623,1457,1616,1418,1599,1400,1573,1469,1566,1497,1572,1523,1575,1557,1597,1520,1595,1493,1593,1465,1587
1537,h,1,1,1277,1228,1723,1673,51.233333333333334,1209,1353,1202,1418,1200,1484,1207,1550,1231,1610,1275,1658,1331,1691,1389,1718,1450,1734,1506,1734,1553,1712,1593,1677,1625,1632,1648,1582,1667,1531,1680,1479,1686,1428,1311,1291,1356,1269,1406,1267,1455,1279,1500,1298,1563,1316,1601,1315,1639,1318,1672,1332,1689,1364,1523,1351,1523,1382,1523,1413,1524,1446,1451,1486,1478,1495,1506,1505,1531,1504,1554,1503,1355,1332,1386,1318,1417,1324,1441,1354,1411,1349,1379,1342,1567,1378,1596,1359,1625,1364,1644,1389,1622,1390,1593,1384,1386,1571,1429,1547,1473,1539,1500,1550,1528,1548,1555,1566,1569,1602,1544,1618,1514,1625,1486,1622,1456,1615,1418,1598,1401,1571,1468,1565,1496,1571,1523,1574,1558,1597,1520,1596,1492,1593,1465,1587
1538,h,1,1,1277,1228,1723,1673,51.266666666666666,1209,1353,1202,1418,1200,1484,1207,1550,1231,1610,1275,1658,1331,1691,1389,1718,1450,1734,1506,1734,1553,1712,1593,1677,1625,1632,1648,1582,1667,1531,1680,1479,1686,1428,1311,1291,1356,1269,1406,1267,1455,1279,1500,1298,1563,1316,1601,1315,1639,1318,1672,1332,1689,1364,1523,1351,1523,1382,1523,1413,1524,1446,1451,1486,1478,1495,1506,1505,1531,1504,1554,1503,1355,1332,1386,1318,1417,1324,1441,1354,1411,1349,1379,1342,1567,1378,1596,1359,1625,1364,1644,1389,1622,1390,1593,1384,1386,1571,1429,1547,1473,1539,1500,1550,1528,1548,1555,1566,1569,1602,1544,1618,1514,1625,1486,1622,1456,1615,1418,1598,1401,1571,1468,1565,1496,1571,1523,1574,1558,1597,1520,1596,1492,1593,1465,1587
1539,h,1,1,1277,1228,1723,1673,51.3,1217,1346,1211,1411,1210,1478,1216,1543,1241,1604,1283,1652,1337,1688,1393,1717,1452,1732,1507,1731,1551,1706,1591,1672,1622,1627,1646,1578,1667,1528,1681,1476,1687,1424,1311,1296,1354,1271,1405,1268,1454,1280,1500,1298,1562,1316,1602,1315,1642,1319,1677,1333,1693,1368,1522,1350,1522,1382,1522,1413,1522,1447,1449,1487,1476,1495,1504,1505,1530,1505,1555,1503,1356,1332,1387,1318,1419,1323,1442,1354,1412,1349,1380,1342,1567,1378,1596,1358,1626,1363,1645,1389,1622,1390,1593,1385,1387,1570,1429,1547,1473,1539,1500,1550,1527,1548,1554,1566,1569,1601,1544,1618,1513,1626,1484,1624,1455,1617,1417,1598,1402,1571,1468,1566,1495,1572,1522,1574,1557,1597,1519,1595,1491,1593,1463,1586
1540,h,1,1,1277,1228,1723,1673,51.333333333333336,1216,1349,1210,1415,1210,1481,1217,1547,1240,1607,1282,1654,1336,1689,1391,1718,1452,1734,1508,1735,1555,1710,1595,1674,1626,1626,1649,1575,1669,1524,1682,1472,1687,1422,1311,1295,1354,1270,1404,1267,1453,1279,1498,1299,1562,1317,1601,1315,1640,1318,1675,1333,1692,1368,1521,1350,1521,1382,1521,1413,1521,1447,1449,1486,1476,1495,1504,1505,1530,1505,1554,1503,1354,1333,1385,1318,1417,1324,1441,1354,1410,1350,1378,1343,1567,1379,1596,1360,1626,1365,1646,1390,1622,1391,1593,1386,1386,1573,1428,1547,1472,1539,1499,1550,1526,1548,1553,1568,1569,1605,1543,1620,1512,1627,1484,1624,1454,1617,1417,1598,1401,1573,1466,1568,1494,1574,1521,1576,1557,1599,1518,1595,1491,1593,1462,1586
1541,h,1,1,1236,1176,1771,1711,51.36666666666667,1208,1351,1202,1417,1202,1483,1212,1547,1240,1607,1287,1652,1343,1686,1398,1716,1456,1732,1510,1731,1557,1704,1597,1669,1629,1621,1653,1571,1674,1521,1685,1469,1688,1417,1310,1293,1351,1269,1401,1267,1451,1279,1497,1296,1560,1315,1598,1314,1636,1319,1670,1332,1687,1364,1520,1349,1520,1381,1521,1413,1521,1446,1449,1488,1476,1497,1505,1507,1530,1507,1555,1505,1353,1333,1384,1318,1416,1324,1440,1354,1409,1349,1378,1342,1565,1379,1594,1359,1624,1364,1645,1389,1621,1390,1591,1385,1385,1570,1427,1548,1473,1541,1501,1552,1527,1550,1555,1568,1572,1602,1545,1619,1514,1628,1486,1625,1456,1618,1417,1599,1400,1571,1468,1567,1497,1574,1523,1576,1559,1598,1519,1597,1492,1594,1464,1589
1542,h,1,1,1236,1176,1771,1711,51.4,1208,1351,1202,1417,1202,1483,1212,1547,1240,1607,1287,1652,1343,1686,1398,1716,1456,1732,1510,1731,1557,1704,1597,1669,1629,1621,1653,1571,1674,1521,1685,1469,1688,1417,1310,1293,1351,1269,1401,1267,1451,1279,1497,1296,1560,1315,1598,1314,1636,1319,1670,1332,1687,1364,1520,1349,1520,1381,1521,1413,1521,1446,1449,1488,1476,1497,1505,1507,1530,1507,1555,1505,1353,1333,1384,1318,1416,1324,1440,1354,1409,1349,1378,1342,1565,1379,1594,1359,1624,1364,1645,1389,1621,1390,1591,1385,1385,1570,1427,1548,1473,1541,1501,1552,1527,1550,1555,1568,1572,1602,1545,1619,1514,1628,1486,1625,1456,1618,1417,1599,1400,1571,1468,1567,1497,1574,1523,1576,1559,1598,1519,1597,1492,1594,1464,1589
1543,h,1,1,1236,1176,1771,1711,51.43333333333333,1210,1348,1204,1414,1203,1480,1212,1545,1240,1604,1286,1650,1342,1684,1397,1714,1456,1730,1510,1730,1556,1703,1597,1666,1629,1619,1654,1567,1674,1517,1687,1464,1691,1412,1309,1297,1351,1272,1402,1269,1451,1280,1498,1297,1560,1316,1599,1315,1640,1319,1676,1333,1695,1368,1520,1349,1520,1382,1520,1413,1520,1446,1449,1488,1476,1497,1504,1507,1529,1507,1554,1505,1354,1333,1384,1318,1417,1324,1441,1354,1410,1350,1379,1343,1565,1379,1594,1359,1624,1364,1645,1389,1621,1390,1591,1385,1386,1571,1426,1549,1471,1541,1500,1552,1526,1550,1555,1568,1571,1604,1545,1620,1513,1628,1485,1625,1455,1618,1416,1599,1401,1572,1467,1567,1496,1573,1522,1576,1558,1599,1518,1597,1491,1594,1462,1588
1544,h,1,1,1277,1228,1723,1673,51.46666666666667,1216,1349,1210,1414,1210,1480,1217,1545,1241,1605,1283,1653,1337,1688,1393,1717,1453,1733,1509,1733,1556,1706,1597,1670,1627,1624,1649,1573,1668,1522,1681,1471,1686,1420,1308,1299,1351,1272,1402,1270,1453,1282,1499,1301,1560,1318,1600,1317,1640,1320,1676,1336,1692,1373,1520,1351,1520,1383,1519,1415,1519,1448,1448,1489,1475,1497,1503,1507,1529,1507,1554,1505,1354,1334,1384,1319,1416,1325,1441,1355,1410,1351,1378,1345,1566,1380,1594,1360,1624,1365,1644,1391,1621,1392,1592,1387,1387,1572,1429,1549,1473,1542,1499,1553,1526,1551,1554,1569,1569,1604,1543,1620,1513,1627,1484,1625,1455,1618,1418,1600,1402,1573,1467,1569,1495,1575,1521,1578,1557,1599,1518,1597,1491,1594,1463,1588
1545,h,1,1,1236,1176,1771,1711,51.5,1211,1353,1204,1419,1203,1486,1211,1552,1237,1612,1283,1658,1337,1692,1393,1722,1453,1739,1507,1737,1554,1711,1596,1675,1627,1628,1649,1577,1669,1526,1681,1473,1685,1423,1309,1295,1351,1271,1401,1269,1450,1282,1496,1301,1560,1320,1599,1318,1638,1321,1674,1335,1691,1371,1518,1351,1518,1383,1517,1414,1517,1448,1447,1490,1474,1499,1503,1509,1528,1509,1554,1507,1353,1334,1383,1320,1415,1326,1439,1356,1408,1352,1377,1344,1566,1381,1593,1362,1623,1367,1644,1392,1620,1393,1591,1388,1386,1575,1426,1550,1471,1542,1500,1553,1526,1551,1554,1569,1570,1607,1544,1620,1514,1629,1485,1627,1455,1620,1417,1601,1402,1575,1466,1570,1496,1576,1521,1578,1557,1600,1519,1598,1492,1595,1462,1589
1546,h,1,1,1236,1176,1771,1711,51.53333333333333,1211,1353,1204,1419,1203,1486,1211,1552,1237,1612,1283,1658,1337,1692,1393,1722,1453,1739,1507,1737,1554,1711,1596,1675,1627,1628,1649,1577,1669,1526,1681,1473,1685,1423,1309,1295,1351,1271,1401,1269,1450,1282,1496,1301,1560,1320,1599,1318,1638,1321,1674,1335,1691,1371,1518,1351,1518,1383,1517,1414,1517,1448,1447,1490,1474,1499,1503,1509,1528,1509,1554,1507,1353,1334,1383,1320,1415,1326,1439,1356,1408,1352,1377,1344,1566,1381,1593,1362,1623,1367,1644,1392,1620,1393,1591,1388,1386,1575,1426,1550,1471,1542,1500,1553,1526,1551,1554,1569,1570,1607,1544,1620,1514,1629,1485,1627,1455,1620,1417,1601,1402,1575,1466,1570,1496,1576,1521,1578,1557,1600,1519,1598,1492,1595,1462,1589
1547,h,1,1,1236,1176,1771,1711,51.56666666666667,1207,1355,1201,1421,1200,1488,1207,1553,1235,1612,1281,1658,1337,1690,1393,1719,1452,1735,1506,1735,1552,1709,1594,1674,1626,1628,1651,1577,1670,1525,1681,1472,1685,1421,1306,1300,1348,1274,1399,1271,1449,1283,1496,1302,1558,1320,1597,1319,1637,1323,1673,1337,1691,1373,1518,1353,1517,1385,1517,1416,1518,1450,1447,1491,1474,1500,1503,1510,1529,1510,1554,1508,1351,1336,1382,1322,1415,1327,1439,1358,1408,1354,1376,1347,1564,1384,1593,1364,1623,1369,1644,1395,1620,1396,1590,1391,1384,1576,1427,1551,1471,1543,1498,1553,1525,1552,1554,1571,1571,1608,1543,1621,1511,1628,1483,1626,1454,1619,1417,1601,1399,1576,1466,1570,1495,1576,1520,1579,1558,1602,1516,1599,1490,1596,1462,1590
1548,h,1,1,1236,1176,1771,1711,51.6,1204,1360,1198,1425,1197,1490,1206,1554,1235,1613,1281,1657,1337,1689,1391,1719,1451,1736,1505,1736,1552,1711,1595,1675,1627,1627,1652,1576,1673,1525,1684,1472,1687,1422,1308,1295,1350,1273,1400,1271,1450,1282,1495,1302,1554,1319,1592,1318,1631,1322,1666,1335,1684,1366,1516,1354,1516,1386,1516,1416,1517,1449,1445,1492,1473,1501,1501,1511,1528,1511,1553,1508,1350,1336,1380,1322,1413,1328,1438,1359,1406,1354,1374,1347,1562,1384,1591,1364,1621,1368,1643,1393,1619,1395,1588,1390,1385,1575,1427,1552,1472,1545,1498,1555,1523,1553,1552,1571,1568,1606,1542,1621,1511,1628,1484,1626,1455,1619,1417,1601,1399,1576,1467,1571,1494,1577,1519,1580,1556,1600,1516,1598,1490,1595,1463,1590
1549,h,1,1,1236,1176,1771,1711,51.63333333333333,1210,1355,1204,1421,1203,1487,1213,1552,1240,1611,1286,1657,1340,1690,1394,1719,1451,1734,1503,1734,1549,1708,1591,1673,1624,1626,1649,1576,1669,1523,1680,1469,1684,1417,1307,1298,1348,1274,1398,1272,1447,1284,1494,1302,1554,1320,1592,1319,1631,1323,1666,1336,1685,1368,1516,1354,1515,1387,1516,1419,1516,1453,1444,1493,1472,1502,1500,1513,1526,1512,1551,1510,1350,1338,1380,1324,1412,1329,1438,1359,1406,1354,1374,1348,1561,1384,1590,1364,1620,1369,1641,1394,1617,1395,1587,1390,1383,1576,1425,1553,1469,1546,1497,1556,1523,1554,1551,1572,1568,1606,1541,1621,1510,1629,1482,1627,1452,1620,1415,1602,1398,1576,1464,1572,1492,1578,1518,1580,1555,1601,1515,1599,1488,1596,1460,1590
1550,h,1,1,1236,1176,1771,1711,51.666666666666664,1210,1355,1204,1421,1203,1487,1213,1552,1240,1611,1286,1657,1340,1690,1394,1719,1451,1734,1503,1734,1549,1708,1591,1673,1624,1626,1649,1576,1669,1523,1680,1469,1684,1417,1307,1298,1348,1274,1398,1272,1447,1284,1494,1302,1554,1320,1592,1319,1631,1323,1666,1336,1685,1368,1516,1354,1515,1387,1516,1419,1516,1453,1444,1493,1472,1502,1500,1513,1526,1512,1551,1510,1350,1338,1380,1324,1412,1329,1438,1359,1406,1354,1374,1348,1561,1384,1590,1364,1620,1369,1641,1394,1617,1395,1587,1390,1383,1576,1425,1553,1469,1546,1497,1556,1523,1554,1551,1572,1568,1606,1541,1621,1510,1629,1482,1627,1452,1620,1415,1602,1398,1576,1464,1572,1492,1578,1518,1580,1555,1601,1515,1599,1488,1596,1460,1590
1551,h,1,1,1236,1176,1771,1711,51.7,1203,1356,1196,1422,1193,1489,1201,1555,1230,1614,1278,1659,1335,1691,1392,1719,1451,1736,1505,1735,1552,1709,1595,1674,1627,1628,1652,1577,1672,1526,1682,1474,1683,1425,1306,1297,1349,1274,1399,1272,1449,1284,1494,1303,1555,1319,1593,1319,1631,1323,1666,1335,1684,1366,1516,1355,1516,1387,1516,1418,1516,1452,1444,1494,1472,1503,1500,1513,1527,1513,1552,1511,1349,1337,1380,1323,1412,1329,1437,1359,1406,1355,1374,1347,1561,1384,1591,1364,1621,1369,1641,1394,1618,1395,1588,1390,1380,1578,1423,1553,1468,1546,1496,1556,1523,1554,1550,1572,1566,1607,1540,1622,1511,1629,1482,1627,1453,1621,1414,1603,1395,1578,1464,1572,1492,1578,1518,1580,1554,1602,1515,1599,1488,1596,1460,1591
1552,h,1,1,1236,1176,1771,1711,51.733333333333334,1207,1359,1201,1425,1200,1491,1208,1556,1236,1615,1281,1661,1336,1694,1391,1723,1451,1740,1505,1738,1552,1712,1593,1677,1625,1630,1649,1580,1668,1529,1680,1477,1683,1426,1301,1304,1343,1277,1394,1273,1446,1285,1493,1303,1554,1318,1595,1318,1636,1323,1673,1339,1689,1376,1515,1354,1515,1387,1515,1418,1515,1452,1443,1494,1471,1502,1499,1513,1526,1513,1551,1511,1349,1338,1380,1324,1412,1330,1437,1361,1406,1356,1374,1349,1561,1386,1590,1365,1620,1370,1641,1395,1617,1397,1587,1392,1379,1578,1422,1554,1467,1546,1496,1558,1523,1555,1551,1573,1567,1609,1541,1623,1510,1630,1481,1628,1450,1621,1412,1604,1394,1578,1462,1574,1492,1581,1518,1583,1555,1604,1515,1600,1488,1598,1458,1592
1553,h,1,1,1236,1176,1771,1711,51.766666666666666,1207,1359,1201,1425,1200,1491,1208,1556,1236,1615,1281,1661,1336,1694,1391,1723,1451,1740,1505,1738,1552,1712,1593,1677,1625,1630,1649,1580,1668,1529,1680,1477,1683,1426,1301,1304,1343,1277,1394,1273,1446,1285,1493,1303,1554,1318,1595,1318,1636,1323,1673,1339,1689,1376,1515,1354,1515,1387,1515,1418,1515,1452,1443,1494,1471,1502,1499,1513,1526,1513,1551,1511,1349,1338,1380,1324,1412,1330,1437,1361,1406,1356,1374,1349,1561,1386,1590,1365,1620,1370,1641,1395,1617,1397,1587,1392,1379,1578,1422,1554,1467,1546,1496,1558,1523,1555,1551,1573,1567,1609,1541,1623,1510,1630,1481,1628,1450,1621,1412,1604,1394,1578,1462,1574,1492,1581,1518,1583,1555,1604,1515,1600,1488,1598,1458,1592
1554,h,1,1,1236,1176,1771,1711,51.8,1202,1358,1196,1424,1196,1490,1205,1555,1232,1614,1277,1659,1333,1692,1389,1720,1450,1736,1504,1735,1551,1710,1592,1674,1624,1628,1647,1578,1668,1529,1680,1477,1683,1425,1301,1303,1343,1277,1394,1274,1446,1286,1493,1304,1554,1323,1594,1321,1636,1324,1673,1339,1691,1376,1514,1355,1513,1388,1513,1419,1513,1452,1442,1494,1469,1502,1498,1513,1524,1512,1549,1511,1347,1339,1378,1324,1411,1329,1435,1360,1404,1356,1372,1349,1560,1386,1589,1365,1620,1370,1641,1395,1616,1397,1586,1392,1379,1577,1422,1554,1467,1548,1496,1558,1522,1556,1550,1573,1566,1609,1540,1621,1510,1628,1481,1627,1451,1620,1412,1603,1394,1577,1462,1574,1492,1580,1518,1582,1553,1603,1515,1599,1488,1597,1458,1591
1555,h,1,1,1236,1176,1771,1711,51.833333333333336,1202,1364,1195,1429,1194,1495,1203,1559,1230,1619,1276,1664,1331,1697,1388,1725,1448,1741,1503,1741,1551,1715,1593,1679,1625,1631,1648,1581,1668,1530,1679,1478,1681,1428,1303,1302,1345,1277,1396,1273,1447,1285,1494,1304,1551,1321,1590,1321,1629,1324,1665,1338,1684,1371,1514,1356,1514,1388,1514,1418,1514,1452,1442,1495,1470,1504,1499,1515,1525,1514,1550,1512,1346,1338,1377,1324,1411,1329,1436,1361,1404,1356,1371,1349,1559,1386,1588,1365,1619,1370,1640,1395,1616,1397,1585,1392,1377,1575,1421,1554,1467,1547,1495,1558,1521,1556,1550,1574,1567,1608,1539,1623,1508,1630,1479,1628,1450,1621,1411,1604,1392,1577,1462,1574,1491,1581,1517,1583,1554,1604,1513,1601,1486,1598,1457,1592
1556,h,1,1,1236,1176,1771,1711,51.86666666666667,1206,1358,1199,1423,1197,1488,1204,1554,1231,1614,1276,1660,1331,1694,1387,1724,1448,1742,1503,1741,1550,1715,1592,1679,1624,1631,1649,1580,1668,1529,1679,1476,1684,1424,1302,1304,1343,1277,1395,1273,1446,1286,1494,1305,1553,1322,1594,1320,1636,1324,1673,1339,1690,1377,1514,1356,1513,1388,1513,1419,1512,1452,1440,1494,1468,1504,1497,1514,1524,1514,1549,1512,1348,1339,1379,1325,1412,1331,1436,1361,1405,1358,1373,1351,1560,1386,1589,1365,1620,1370,1640,1395,1617,1398,1586,1393,1379,1578,1421,1555,1464,1548,1492,1558,1519,1557,1546,1575,1564,1611,1536,1623,1506,1629,1477,1627,1448,1620,1411,1603,1394,1578,1460,1575,1488,1582,1514,1584,1551,1605,1511,1600,1484,1597,1456,1591
1557,h,1,1,1236,1176,1771,1711,51.9,1206,1358,1199,1423,1197,1488,1204,1554,1231,1614,1276,1660,1331,1694,1387,1724,1448,1742,1503,1741,1550,1715,1592,1679,1624,1631,1649,1580,1668,1529,1679,1476,1684,1424,1302,1304,1343,1277,1395,1273,1446,1286,1494,1305,1553,1322,1594,1320,1636,1324,1673,1339,1690,1377,1514,1356,1513,1388,1513,1419,1512,1452,1440,1494,1468,1504,1497,1514,1524,1514,1549,1512,1348,1339,1379,1325,1412,1331,1436,1361,1405,1358,1373,1351,1560,1386,1589,1365,1620,1370,1640,1395,1617,1398,1586,1393,1379,1578,1421,1555,1464,1548,1492,1558,1519,1557,1546,1575,1564,1611,1536,1623,1506,1629,1477,1627,1448,1620,1411,1603,1394,1578,1460,1575,1488,1582,1514,1584,1551,1605,1511,1600,1484,1597,1456,1591
1558,h,1,1,1236,1176,1771,1711,51.93333333333333,1207,1349,1200,1417,1199,1485,1209,1550,1237,1610,1283,1656,1337,1690,1390,1719,1449,1735,1503,1733,1550,1707,1593,1671,1628,1624,1653,1574,1674,1522,1687,1468,1691,1415,1302,1301,1345,1277,1395,1275,1444,1287,1491,1305,1553,1324,1594,1322,1636,1326,1673,1340,1691,1375,1513,1357,1512,1389,1511,1421,1511,1454,1442,1496,1468,1505,1496,1515,1522,1514,1548,1512,1348,1340,1378,1326,1412,1332,1436,1363,1404,1359,1372,1352,1560,1387,1588,1366,1619,1370,1641,1395,1616,1398,1586,1394,1381,1578,1421,1557,1465,1549,1493,1560,1519,1557,1547,1575,1565,1609,1538,1625,1507,1632,1479,1630,1449,1623,1411,1605,1396,1579,1460,1576,1489,1582,1515,1585,1553,1604,1512,1602,1485,1599,1456,1593
1559,h,1,1,1236,1176,1771,1711,51.96666666666667,1208,1355,1200,1422,1198,1488,1205,1555,1232,1615,1278,1661,1332,1697,1388,1727,1448,1743,1503,1743,1549,1716,1592,1678,1626,1630,1652,1578,1673,1525,1684,1471,1687,1420,1302,1301,1345,1278,1395,1276,1444,1288,1490,1306,1554,1323,1592,1323,1630,1326,1664,1339,1684,1368,1513,1359,1513,1391,1514,1421,1514,1455,1440,1497,1469,1506,1498,1517,1524,1516,1549,1514,1346,1341,1378,1327,1411,1333,1435,1364,1403,1359,1371,1352,1560,1389,1588,1368,1619,1372,1640,1397,1617,1399,1586,1395,1378,1579,1421,1558,1465,1551,1493,1562,1520,1560,1549,1576,1566,1612,1538,1627,1507,1634,1478,1632,1448,1625,1410,1607,1393,1580,1460,1578,1489,1584,1515,1587,1552,1606,1512,1604,1485,1602,1456,1596
1560,h,1,1,1236,1176,1771,1711,52.0,1201,1368,1196,1433,1196,1499,1205,1563,1234,1621,1281,1665,1336,1696,1391,1724,1449,1741,1502,1741,1549,1717,1590,1681,1622,1633,1646,1582,1667,1532,1680,1479,1682,1429,1299,1303,1341,1278,1392,1275,1443,1286,1490,1305,1553,1321,1591,1322,1630,1326,1664,1340,1682,1373,1512,1356,1512,1390,1513,1422,1513,1457,1440,1498,1468,1507,1497,1517,1524,1517,1549,1515,1345,1342,1375,1326,1408,1332,1433,1364,1401,1359,1369,1352,1558,1389,1587,1368,1618,1372,1639,1398,1615,1400,1585,1395,1377,1579,1421,1559,1466,1552,1494,1563,1520,1561,1549,1578,1566,1613,1538,1627,1507,1633,1479,1631,1449,1624,1411,1607,1393,1580,1461,1578,1490,1585,1515,1587,1553,1607,1512,1604,1485,1602,1457,1596
1561,h,1,1,1236,1176,1771,1711,52.03333333333333,1201,1368,1196,1433,1196,1499,1205,1563,1234,1621,1281,1665,1336,1696,1391,1724,1449,1741,1502,1741,1549,1717,1590,1681,1622,1633,1646,1582,1667,1532,1680,1479,1682,1429,1299,1303,1341,1278,1392,1275,1443,1286,1490,1305,1553,1321,1591,1322,1630,1326,1664,1340,1682,1373,1512,1356,1512,1390,1513,1422,1513,1457,1440,1498,1468,1507,1497,1517,1524,1517,1549,1515,1345,1342,1375,1326,1408,1332,1433,1364,1401,1359,1369,1352,1558,1389,1587,1368,1618,1372,1639,1398,1615,1400,1585,1395,1377,1579,1421,1559,1466,1552,1494,1563,1520,1561,1549,1578,1566,1613,1538,1627,1507,1633,1479,1631,1449,1624,1411,1607,1393,1580,1461,1578,1490,1585,1515,1587,1553,1607,1512,1604,1485,1602,1457,1596
1562,h,1,1,1236,1176,1771,1711,52.06666666666667,1202,1361,1197,1427,1197,1494,1206,1559,1233,1618,1279,1665,1334,1699,1390,1728,1450,1744,1504,1742,1552,1715,1594,1679,1627,1631,1650,1580,1670,1529,1683,1475,1686,1422,1299,1303,1341,1279,1391,1276,1442,1288,1488,1306,1551,1323,1590,1323,1630,1326,1665,1338,1684,1371,1512,1359,1512,1392,1512,1423,1512,1458,1439,1499,1467,1508,1496,1519,1522,1518,1547,1516,1345,1341,1376,1327,1409,1332,1433,1363,1402,1359,1370,1352,1559,1388,1588,1367,1619,1372,1640,1398,1615,1400,1585,1395,1375,1580,1419,1560,1464,1553,1492,1563,1517,1561,1545,1578,1564,1612,1536,1628,1505,1635,1477,1633,1447,1626,1409,1608,1391,1581,1460,1578,1488,1585,1513,1587,1550,1607,1510,1604,1484,1602,1455,1596
1563,h,1,1,1236,1176,1771,1711,52.1,1205,1359,1200,1427,1200,1493,1209,1558,1236,1616,1282,1662,1336,1695,1389,1724,1446,1741,1500,1741,1547,1716,1590,1681,1623,1635,1648,1585,1669,1533,1682,1479,1687,1425,1297,1309,1338,1282,1390,1278,1441,1290,1489,1308,1550,1327,1592,1325,1635,1328,1673,1343,1692,1381,1510,1359,1510,1392,1509,1424,1509,1459,1439,1498,1465,1508,1494,1518,1521,1517,1547,1515,1344,1341,1374,1326,1408,1331,1433,1364,1401,1360,1368,1352,1559,1389,1587,1367,1619,1371,1641,1398,1616,1400,1585,1395,1377,1580,1419,1560,1464,1553,1491,1563,1516,1561,1544,1578,1562,1612,1534,1628,1504,1634,1477,1632,1448,1625,1409,1608,1393,1581,1459,1579,1487,1585,1511,1588,1549,1607,1509,1603,1483,1600,1456,1594
1564,h,1,1,1236,1176,1771,1711,52.13333333333333,1200,1360,1194,1428,1195,1496,1205,1561,1233,1620,1281,1665,1338,1697,1393,1726,1452,1742,1505,1741,1552,1715,1594,1679,1627,1632,1652,1581,1672,1530,1685,1477,1690,1425,1296,1307,1338,1281,1390,1278,1441,1289,1490,1307,1551,1326,1593,1324,1636,1328,1674,1343,1692,1380,1511,1359,1511,1392,1511,1424,1511,1458,1438,1499,1466,1508,1495,1518,1521,1518,1546,1516,1343,1341,1374,1325,1408,1331,1432,1364,1401,1360,1368,1353,1558,1389,1587,1367,1619,1371,1641,1398,1617,1400,1585,1395,1377,1582,1419,1560,1463,1553,1490,1563,1516,1561,1544,1578,1563,1613,1536,1628,1505,1634,1478,1632,1449,1625,1411,1607,1393,1583,1459,1578,1487,1584,1512,1587,1549,1607,1510,1604,1484,1601,1456,1595
1565,h,1,1,1236,1176,1771,1711,52.166666666666664,1200,1360,1194,1428,1195,1496,1205,1561,1233,1620,1281,1665,1338,1697,1393,1726,1452,1742,1505,1741,1552,1715,1594,1679,1627,1632,1652,1581,1672,1530,1685,1477,1690,1425,1296,1307,1338,1281,1390,1278,1441,1289,1490,1307,1551,1326,1593,1324,1636,1328,1674,1343,1692,1380,1511,1359,1511,1392,1511,1424,1511,1458,1438,1499,1466,1508,1495,1518,1521,1518,1546,1516,1343,1341,1374,1325,1408,1331,1432,1364,1401,1360,1368,1353,1558,1389,1587,1367,1619,1371,1641,1398,1617,1400,1585,1395,1377,1582,1419,1560,1463,1553,1490,1563,1516,1561,1544,1578,1563,1613,1536,1628,1505,1634,1478,1632,1449,1625,1411,1607,1393,1583,1459,1578,1487,1584,1512,1587,1549,1607,1510,1604,1484,1601,1456,1595
1566,h,1,1,1236,1176,1771,1711,52.2,1199,1362,1193,1428,1192,1495,1202,1560,1229,1619,1276,1665,1332,1698,1389,1727,1449,1745,1504,1744,1552,1717,1595,1680,1628,1631,1653,1580,1673,1527,1685,1473,1687,1421,1298,1304,1340,1279,1391,1276,1441,1289,1488,1307,1549,1324,1588,1323,1627,1325,1663,1337,1682,1369,1510,1359,1510,1392,1511,1423,1511,1457,1439,1500,1467,1508,1496,1518,1521,1518,1546,1516,1344,1341,1375,1326,1408,1331,1432,1364,1400,1360,1368,1353,1557,1389,1585,1367,1617,1371,1638,1397,1614,1400,1584,1395,1376,1583,1419,1560,1464,1553,1491,1563,1517,1561,1546,1578,1564,1614,1536,1629,1505,1634,1478,1632,1448,1625,1410,1608,1392,1583,1460,1579,1487,1586,1513,1588,1551,1608,1510,1604,1484,1601,1456,1595
1567,h,1,1,1236,1176,1771,1711,52.233333333333334,1199,1364,1194,1430,1194,1495,1203,1559,1230,1618,1276,1664,1333,1697,1389,1726,1449,1743,1504,1742,1553,1716,1595,1680,1627,1632,1651,1580,1670,1528,1682,1474,1685,1422,1298,1304,1340,1280,1391,1277,1442,1289,1489,1307,1551,1325,1590,1324,1628,1326,1663,1338,1682,1370,1512,1359,1512,1392,1513,1424,1513,1458,1441,1499,1469,1508,1497,1519,1523,1518,1548,1516,1344,1341,1375,1326,1409,1332,1433,1365,1401,1361,1368,1353,1558,1389,1586,1367,1618,1371,1639,1397,1616,1401,1585,1396,1376,1581,1420,1559,1465,1552,1492,1563,1517,1560,1547,1578,1566,1613,1537,1628,1506,1634,1478,1631,1449,1624,1411,1607,1392,1582,1460,1578,1488,1585,1513,1587,1552,1608,1510,1603,1484,1600,1457,1594
1568,h,1,1,1236,1176,1771,1711,52.266666666666666,1199,1364,1194,1430,1194,1495,1203,1559,1230,1618,1276,1664,1333,1697,1389,1726,1449,1743,1504,1742,1553,1716,1595,1680,1627,1632,1651,1580,1670,1528,1682,1474,1685,1422,1298,1304,1340,1280,1391,1277,1442,1289,1489,1307,1551,1325,1590,1324,1628,1326,1663,1338,1682,1370,1512,1359,1512,1392,1513,1424,1513,1458,1441,1499,1469,1508,1497,1519,1523,1518,1548,1516,1344,1341,1375,1326,1409,1332,1433,1365,1401,1361,1368,1353,1558,1389,1586,1367,1618,1371,1639,1397,1616,1401,1585,1396,1376,1581,1420,1559,1465,1552,1492,1563,1517,1560,1547,1578,1566,1613,1537,1628,1506,1634,1478,1631,1449,1624,1411,1607,1392,1582,1460,1578,1488,1585,1513,1587,1552,1608,1510,1603,1484,1600,1457,1594
1569,h,1,1,1236,1176,1771,1711,52.3,1199,1357,1193,1424,1193,1490,1202,1556,1229,1615,1276,1662,1331,1697,1385,1728,1444,1746,1499,1746,1547,1718,1590,1682,1624,1634,1650,1582,1670,1529,1681,1473,1684,1420,1298,1304,1340,1279,1390,1277,1440,1288,1488,1306,1549,1323,1588,1323,1627,1326,1663,1339,1682,1372,1509,1358,1509,1392,1509,1424,1508,1459,1437,1499,1465,1508,1494,1518,1521,1518,1546,1516,1345,1341,1375,1327,1408,1332,1432,1364,1400,1359,1369,1352,1558,1388,1586,1368,1616,1372,1637,1397,1613,1399,1584,1394,1374,1581,1416,1559,1461,1552,1490,1564,1517,1561,1546,1578,1564,1613,1536,1628,1504,1634,1476,1632,1446,1624,1407,1606,1391,1581,1457,1579,1486,1586,1512,1588,1550,1607,1510,1603,1483,1600,1453,1594
1570,h,1,1,1236,1176,1771,1711,52.333333333333336,1203,1358,1198,1423,1198,1489,1206,1553,1234,1612,1280,1658,1335,1692,1390,1721,1449,1737,1504,1735,1552,1710,1594,1674,1626,1627,1650,1576,1669,1525,1681,1471,1684,1419,1299,1303,1340,1278,1389,1275,1439,1287,1486,1305,1550,1322,1590,1321,1629,1324,1664,1339,1681,1373,1509,1359,1509,1391,1508,1423,1508,1458,1438,1498,1465,1507,1494,1517,1519,1517,1545,1515,1344,1341,1374,1326,1407,1332,1431,1363,1400,1359,1368,1351,1557,1387,1584,1366,1615,1370,1636,1396,1613,1397,1583,1393,1376,1580,1418,1558,1463,1551,1491,1563,1517,1560,1545,1578,1563,1611,1536,1626,1505,1631,1477,1629,1447,1622,1409,1606,1392,1581,1458,1578,1487,1584,1513,1587,1549,1607,1509,1601,1483,1598,1454,1592
1571,h,1,1,1236,1176,1771,1711,52.36666666666667,1200,1355,1196,1422,1197,1487,1206,1552,1232,1612,1277,1657,1331,1691,1385,1721,1445,1738,1499,1737,1546,1711,1587,1675,1620,1629,1645,1578,1665,1526,1677,1472,1680,1419,1298,1304,1339,1279,1390,1276,1441,1288,1488,1306,1549,1324,1589,1322,1630,1325,1666,1340,1683,1376,1509,1358,1508,1391,1507,1423,1507,1456,1437,1497,1464,1506,1493,1516,1519,1516,1544,1514,1345,1339,1375,1325,1408,1331,1432,1362,1400,1359,1368,1352,1557,1387,1584,1366,1615,1370,1637,1395,1613,1399,1582,1394,1377,1578,1418,1557,1463,1551,1490,1562,1516,1559,1543,1576,1561,1609,1533,1624,1503,1630,1476,1628,1447,1621,1408,1605,1392,1578,1458,1576,1486,1582,1511,1584,1547,1604,1508,1600,1482,1598,1454,1592
1572,h,1,1,1236,1176,1771,1711,52.4,1200,1355,1196,1422,1197,1487,1206,1552,1232,1612,1277,1657,1331,1691,1385,1721,1445,1738,1499,1737,1546,1711,1587,1675,1620,1629,1645,1578,1665,1526,1677,1472,1680,1419,1298,1304,1339,1279,1390,1276,1441,1288,1488,1306,1549,1324,1589,1322,1630,1325,1666,1340,1683,1376,1509,1358,1508,1391,1507,1423,1507,1456,1437,1497,1464,1506,1493,1516,1519,1516,1544,1514,1345,1339,1375,1325,1408,1331,1432,1362,1400,1359,1368,1352,1557,1387,1584,1366,1615,1370,1637,1395,1613,1399,1582,1394,1377,1578,1418,1557,1463,1551,1490,1562,1516,1559,1543,1576,1561,1609,1533,1624,1503,1630,1476,1628,1447,1621,1408,1605,1392,1578,1458,1576,1486,1582,1511,1584,1547,1604,1508,1600,1482,1598,1454,1592
1573,h,1,1,1176,1176,1711,1711,52.43333333333333,1205,1350,1197,1416,1196,1482,1201,1548,1224,1609,1268,1658,1321,1696,1379,1728,1441,1745,1500,1743,1549,1716,1593,1679,1625,1632,1649,1579,1667,1526,1678,1473,1682,1421,1301,1301,1343,1277,1393,1276,1443,1288,1488,1306,1548,1322,1588,1322,1626,1324,1660,1338,1677,1368,1511,1357,1512,1390,1512,1422,1513,1457,1439,1498,1467,1506,1495,1517,1521,1517,1545,1516,1345,1339,1375,1327,1407,1333,1430,1361,1401,1357,1370,1350,1557,1383,1585,1365,1614,1370,1634,1394,1612,1395,1584,1390,1374,1580,1419,1557,1462,1550,1488,1562,1517,1560,1546,1578,1563,1613,1535,1626,1502,1631,1472,1628,1444,1621,1407,1605,1390,1580,1457,1577,1484,1583,1512,1586,1550,1607,1508,1602,1479,1599,1452,1593
1574,h,1,1,1176,1176,1711,1711,52.46666666666667,1204,1350,1197,1416,1197,1483,1203,1548,1228,1609,1270,1659,1324,1696,1381,1728,1443,1745,1500,1745,1548,1718,1592,1682,1624,1634,1648,1582,1667,1528,1677,1475,1680,1423,1301,1301,1343,1277,1392,1276,1442,1288,1486,1305,1549,1321,1589,1321,1627,1324,1661,1337,1677,1367,1511,1358,1512,1390,1512,1422,1513,1457,1439,1497,1467,1506,1495,1517,1521,1516,1544,1515,1346,1339,1376,1326,1408,1333,1431,1362,1402,1358,1370,1351,1557,1384,1586,1365,1615,1370,1634,1393,1613,1395,1585,1391,1375,1580,1421,1556,1464,1550,1489,1561,1518,1559,1546,1577,1562,1611,1535,1624,1504,1630,1474,1628,1447,1621,1409,1606,1390,1580,1459,1577,1485,1583,1513,1585,1549,1605,1509,1600,1481,1597,1455,1592
1575,h,1,1,1176,1176,1711,1711,52.5,1205,1354,1199,1421,1199,1488,1205,1553,1228,1613,1271,1661,1326,1696,1383,1725,1444,1741,1501,1738,1549,1713,1592,1679,1624,1633,1646,1582,1665,1530,1676,1479,1681,1427,1299,1302,1341,1277,1391,1275,1441,1288,1485,1306,1547,1322,1587,1321,1626,1324,1661,1338,1677,1369,1510,1357,1510,1390,1511,1422,1512,1457,1438,1498,1466,1506,1494,1517,1520,1516,1544,1514,1343,1340,1374,1326,1406,1333,1429,1362,1400,1358,1368,1351,1556,1384,1585,1365,1614,1370,1634,1394,1612,1395,1584,1391,1373,1579,1418,1556,1462,1550,1487,1561,1516,1559,1545,1577,1562,1610,1535,1623,1503,1628,1473,1626,1445,1619,1407,1604,1389,1579,1458,1576,1484,1582,1512,1584,1550,1604,1508,1599,1479,1597,1453,1591
1576,h,1,1,1176,1176,1711,1711,52.53333333333333,1205,1354,1199,1421,1199,1488,1205,1553,1228,1613,1271,1661,1326,1696,1383,1725,1444,1741,1501,1738,1549,1713,1592,1679,1624,1633,1646,1582,1665,1530,1676,1479,1681,1427,1299,1302,1341,1277,1391,1275,1441,1288,1485,1306,1547,1322,1587,1321,1626,1324,1661,1338,1677,1369,1510,1357,1510,1390,1511,1422,1512,1457,1438,1498,1466,1506,1494,1517,1520,1516,1544,1514,1343,1340,1374,1326,1406,1333,1429,1362,1400,1358,1368,1351,1556,1384,1585,1365,1614,1370,1634,1394,1612,1395,1584,1391,1373,1579,1418,1556,1462,1550,1487,1561,1516,1559,1545,1577,1562,1610,1535,1623,1503,1628,1473,1626,1445,1619,1407,1604,1389,1579,1458,1576,1484,1582,1512,1584,1550,1604,1508,1599,1479,1597,1453,1591
1577,h,1,1,1176,1176,1711,1711,52.56666666666667,1199,1351,1191,1418,1190,1487,1197,1554,1223,1615,1269,1664,1324,1699,1380,1733,1441,1750,1496,1748,1543,1719,1586,1683,1621,1637,1646,1585,1666,1531,1677,1476,1680,1423,1297,1301,1340,1278,1389,1277,1440,1291,1485,1310,1546,1325,1585,1323,1624,1325,1658,1338,1676,1369,1509,1360,1509,1392,1510,1423,1510,1457,1437,1498,1465,1507,1493,1517,1519,1517,1543,1515,1343,1339,1374,1328,1405,1334,1428,1362,1399,1358,1368,1351,1556,1385,1584,1367,1613,1371,1633,1395,1611,1396,1583,1392,1373,1578,1417,1555,1461,1549,1486,1560,1516,1558,1544,1577,1562,1609,1533,1624,1502,1629,1472,1627,1444,1620,1406,1605,1389,1578,1456,1577,1482,1583,1511,1586,1548,1604,1507,1598,1478,1595,1451,1590
1578,h,1,1,1176,1176,1711,1711,52.6,1202,1349,1194,1416,1192,1484,1198,1550,1222,1612,1267,1662,1323,1698,1380,1731,1441,1748,1497,1745,1547,1717,1590,1680,1622,1632,1645,1581,1665,1527,1675,1474,1679,1423,1297,1303,1338,1279,1389,1278,1438,1293,1483,1312,1543,1327,1582,1326,1621,1327,1656,1341,1673,1372,1508,1360,1509,1392,1509,1423,1510,1457,1437,1497,1465,1506,1493,1517,1520,1516,1544,1514,1342,1341,1373,1329,1404,1335,1427,1363,1398,1358,1367,1351,1554,1385,1583,1368,1612,1372,1632,1395,1610,1396,1582,1392,1372,1578,1417,1555,1461,1550,1486,1561,1516,1559,1545,1577,1562,1610,1534,1623,1503,1628,1472,1626,1443,1619,1406,1604,1387,1578,1456,1576,1483,1582,1512,1585,1548,1604,1507,1599,1478,1596,1450,1590
1579,h,1,1,1176,1176,1711,1711,52.63333333333333,1200,1350,1194,1418,1192,1487,1197,1554,1221,1616,1266,1664,1321,1700,1378,1732,1440,1749,1495,1747,1544,1719,1588,1682,1622,1635,1646,1582,1665,1527,1675,1474,1679,1421,1297,1305,1339,1279,1390,1279,1440,1293,1485,1312,1545,1326,1585,1326,1624,1327,1659,1339,1676,1370,1509,1360,1509,1392,1509,1423,1510,1457,1436,1497,1465,1506,1492,1517,1518,1516,1542,1514,1343,1340,1373,1328,1405,1334,1428,1362,1399,1358,1368,1352,1555,1384,1583,1366,1612,1370,1631,1393,1610,1396,1582,1391,1373,1580,1416,1556,1460,1550,1486,1561,1516,1559,1544,1577,1561,1610,1533,1623,1502,1629,1471,1627,1442,1620,1405,1606,1388,1581,1455,1577,1482,1583,1511,1585,1548,1605,1507,1599,1477,1596,1450,1591
1580,h,1,1,1176,1176,1711,1711,52.666666666666664,1200,1350,1194,1418,1192,1487,1197,1554,1221,1616,1266,1664,1321,1700,1378,1732,1440,1749,1495,1747,1544,1719,1588,1682,1622,1635,1646,1582,1665,1527,1675,1474,1679,1421,1297,1305,1339,1279,1390,1279,1440,1293,1485,1312,1545,1326,1585,1326,1624,1327,1659,1339,1676,1370,1509,1360,1509,1392,1509,1423,1510,1457,1436,1497,1465,1506,1492,1517,1518,1516,1542,1514,1343,1340,1373,1328,1405,1334,1428,1362,1399,1358,1368,1352,1555,1384,1583,1366,1612,1370,1631,1393,1610,1396,1582,1391,1373,1580,1416,1556,1460,1550,1486,1561,1516,1559,1544,1577,1561,1610,1533,1623,1502,1629,1471,1627,1442,1620,1405,1606,1388,1581,1455,1577,1482,1583,1511,1585,1548,1605,1507,1599,1477,1596,1450,1591
1581,h,1,1,1176,1176,1711,1711,52.7,1212,1346,1205,1413,1204,1482,1209,1547,1232,1609,1274,1659,1327,1697,1382,1730,1441,1748,1497,1745,1546,1718,1588,1681,1622,1633,1646,1581,1665,1527,1675,1472,1680,1419,1302,1305,1344,1280,1394,1279,1444,1292,1487,1310,1543,1325,1584,1325,1622,1328,1656,1343,1672,1375,1510,1358,1510,1391,1510,1423,1510,1458,1436,1498,1464,1507,1492,1518,1518,1517,1542,1515,1348,1342,1379,1332,1409,1338,1430,1362,1403,1358,1373,1352,1554,1385,1582,1370,1610,1376,1628,1396,1607,1397,1580,1392,1373,1578,1416,1556,1459,1550,1484,1560,1514,1559,1543,1576,1560,1608,1533,1620,1501,1627,1471,1625,1442,1619,1406,1603,1389,1579,1454,1576,1480,1583,1510,1585,1547,1602,1506,1597,1476,1595,1450,1589
1582,h,1,1,1176,1176,1711,1711,52.733333333333334,1214,1341,1202,1408,1198,1476,1203,1543,1226,1606,1268,1658,1320,1697,1375,1730,1437,1746,1494,1744,1545,1717,1590,1680,1624,1631,1648,1578,1667,1524,1675,1472,1678,1421,1308,1304,1349,1281,1397,1281,1444,1294,1486,1311,1544,1326,1583,1327,1620,1330,1651,1343,1666,1372,1509,1359,1509,1392,1509,1424,1508,1459,1436,1497,1464,1508,1491,1518,1518,1517,1541,1514,1353,1345,1383,1336,1413,1342,1435,1363,1408,1360,1378,1354,1552,1385,1581,1374,1608,1380,1626,1399,1604,1399,1578,1394,1376,1577,1419,1555,1459,1552,1484,1562,1513,1560,1540,1575,1557,1605,1530,1618,1500,1623,1470,1621,1443,1614,1408,1599,1391,1577,1455,1575,1480,1581,1508,1583,1545,1600,1505,1596,1476,1594,1450,1588
1583,h,1,1,1176,1176,1711,1711,52.766666666666666,1214,1341,1202,1408,1198,1476,1203,1543,1226,1606,1268,1658,1320,1697,1375,1730,1437,1746,1494,1744,1545,1717,1590,1680,1624,1631,1648,1578,1667,1524,1675,1472,1678,1421,1308,1304,1349,1281,1397,1281,1444,1294,1486,1311,1544,1326,1583,1327,1620,1330,1651,1343,1666,1372,1509,1359,1509,1392,1509,1424,1508,1459,1436,1497,1464,1508,1491,1518,1518,1517,1541,1514,1353,1345,1383,1336,1413,1342,1435,1363,1408,1360,1378,1354,1552,1385,1581,1374,1608,1380,1626,1399,1604,1399,1578,1394,1376,1577,1419,1555,1459,1552,1484,1562,1513,1560,1540,1575,1557,1605,1530,1618,1500,1623,1470,1621,1443,1614,1408,1599,1391,1577,1455,1575,1480,1581,1508,1583,1545,1600,1505,1596,1476,1594,1450,1588
1584,h,1,1,1176,1176,1711,1711,52.8,1205,1344,1197,1413,1194,1482,1200,1549,1224,1611,1269,1659,1322,1696,1376,1727,1437,1743,1494,1742,1543,1715,1586,1679,1619,1632,1644,1580,1664,1527,1673,1474,1678,1421,1304,1305,1346,1282,1396,1282,1444,1295,1488,1313,1543,1328,1583,1328,1620,1330,1654,1344,1668,1375,1509,1359,1508,1392,1508,1424,1507,1460,1434,1499,1462,1508,1490,1518,1517,1518,1540,1516,1350,1342,1381,1334,1410,1340,1431,1364,1404,1359,1375,1353,1553,1386,1582,1373,1609,1378,1627,1397,1606,1397,1579,1393,1373,1578,1416,1556,1457,1552,1482,1563,1512,1561,1540,1576,1558,1607,1531,1618,1500,1623,1469,1621,1441,1614,1406,1599,1388,1578,1452,1577,1479,1582,1508,1585,1545,1601,1505,1595,1475,1592,1449,1586
1585,h,1,1,1176,1176,1711,1711,52.833333333333336,1206,1348,1197,1416,1195,1486,1202,1553,1228,1615,1272,1664,1326,1701,1380,1733,1439,1751,1495,1749,1542,1721,1585,1684,1619,1636,1645,1583,1666,1528,1676,1473,1679,1420,1301,1304,1343,1282,1392,1284,1441,1298,1484,1316,1543,1332,1582,1331,1620,1332,1654,1345,1670,1375,1509,1363,1509,1395,1509,1426,1510,1459,1435,1499,1464,1509,1492,1519,1518,1518,1542,1516,1347,1342,1377,1332,1406,1338,1428,1363,1401,1359,1371,1352,1554,1386,1582,1370,1609,1375,1627,1396,1607,1397,1580,1393,1373,1580,1417,1557,1459,1553,1484,1564,1513,1562,1541,1579,1559,1610,1531,1620,1500,1626,1470,1623,1442,1615,1407,1601,1388,1579,1455,1578,1481,1584,1509,1587,1546,1604,1506,1596,1477,1593,1450,1587
1586,h,1,1,1176,1176,1711,1711,52.86666666666667,1211,1344,1201,1413,1199,1483,1205,1550,1230,1611,1273,1660,1326,1698,1380,1730,1439,1748,1494,1747,1542,1720,1585,1684,1619,1636,1645,1584,1666,1529,1677,1473,1681,1420,1304,1302,1346,1280,1395,1282,1442,1298,1484,1316,1545,1331,1583,1330,1620,1331,1653,1343,1668,1374,1510,1363,1509,1394,1510,1426,1510,1459,1436,1499,1464,1509,1491,1519,1518,1519,1541,1518,1349,1341,1378,1330,1408,1338,1428,1365,1402,1360,1372,1352,1554,1388,1582,1371,1609,1376,1627,1397,1607,1399,1580,1395,1373,1579,1418,1556,1461,1552,1484,1564,1513,1562,1541,1579,1559,1611,1530,1622,1499,1627,1469,1624,1443,1617,1406,1602,1389,1579,1456,1580,1480,1586,1509,1589,1546,1605,1504,1597,1476,1594,1450,1588
1587,h,1,1,1176,1176,1711,1711,52.9,1211,1344,1201,1413,1199,1483,1205,1550,1230,1611,1273,1660,1326,1698,1380,1730,1439,1748,1494,1747,1542,1720,1585,1684,1619,1636,1645,1584,1666,1529,1677,1473,1681,1420,1304,1302,1346,1280,1395,1282,1442,1298,1484,1316,1545,1331,1583,1330,1620,1331,1653,1343,1668,1374,1510,1363,1509,1394,1510,1426,1510,1459,1436,1499,1464,1509,1491,1519,1518,1519,1541,1518,1349,1341,1378,1330,1408,1338,1428,1365,1402,1360,1372,1352,1554,1388,1582,1371,1609,1376,1627,1397,1607,1399,1580,1395,1373,1579,1418,1556,1461,1552,1484,1564,1513,1562,1541,1579,1559,1611,1530,1622,1499,1627,1469,1624,1443,1617,1406,1602,1389,1579,1456,1580,1480,1586,1509,1589,1546,1605,1504,1597,1476,1594,1450,1588
1588,h,1,1,1176,1176,1711,1711,52.93333333333333,1199,1351,1188,1419,1184,1488,1191,1555,1216,1617,1262,1667,1318,1703,1375,1737,1435,1756,1492,1753,1540,1722,1584,1684,1618,1636,1644,1582,1663,1527,1672,1472,1676,1421,1298,1304,1342,1280,1393,1282,1442,1297,1487,1316,1540,1332,1579,1329,1617,1330,1651,1342,1667,1372,1509,1363,1508,1395,1509,1426,1509,1460,1435,1500,1463,1509,1491,1520,1517,1519,1541,1516,1346,1340,1375,1329,1406,1336,1428,1363,1399,1358,1370,1351,1553,1385,1580,1368,1608,1373,1626,1394,1605,1397,1579,1392,1372,1581,1416,1558,1459,1552,1484,1564,1513,1562,1542,1579,1558,1612,1531,1623,1499,1628,1469,1626,1442,1619,1405,1604,1387,1581,1455,1579,1480,1585,1509,1588,1545,1607,1505,1599,1475,1596,1450,1591
1589,h,1,1,1176,1176,1711,1711,52.96666666666667,1203,1345,1193,1414,1189,1484,1195,1551,1219,1613,1263,1665,1318,1703,1373,1738,1435,1757,1493,1756,1542,1727,1585,1688,1619,1639,1644,1586,1664,1531,1674,1475,1677,1423,1301,1304,1344,1281,1394,1283,1443,1298,1486,1317,1542,1332,1580,1331,1618,1332,1652,1343,1668,1372,1508,1362,1508,1395,1508,1426,1508,1460,1435,1500,1463,1510,1490,1520,1517,1519,1541,1517,1348,1340,1377,1330,1407,1336,1429,1362,1401,1358,1371,1351,1554,1384,1581,1369,1608,1374,1626,1394,1606,1396,1579,1392,1372,1584,1415,1559,1459,1553,1483,1564,1513,1562,1543,1579,1559,1614,1533,1625,1500,1631,1470,1629,1442,1622,1405,1607,1387,1583,1454,1580,1479,1586,1508,1588,1547,1608,1506,1602,1476,1599,1450,1593
1590,h,1,1,1176,1176,1711,1711,53.0,1201,1348,1191,1418,1188,1488,1194,1556,1222,1618,1267,1668,1323,1705,1378,1738,1438,1756,1494,1754,1541,1724,1583,1686,1617,1637,1643,1583,1663,1529,1673,1474,1677,1423,1300,1303,1343,1281,1394,1282,1444,1298,1488,1317,1542,1332,1582,1329,1620,1330,1654,1343,1669,1374,1510,1363,1510,1395,1510,1426,1509,1460,1435,1499,1464,1509,1492,1519,1519,1518,1543,1516,1347,1339,1376,1328,1407,1334,1429,1362,1401,1358,1371,1351,1555,1385,1582,1367,1610,1372,1628,1394,1608,1397,1580,1392,1373,1584,1417,1558,1461,1553,1485,1563,1513,1561,1542,1579,1558,1614,1531,1626,1500,1631,1471,1629,1444,1623,1406,1608,1388,1583,1456,1579,1481,1584,1509,1587,1545,1607,1506,1603,1477,1600,1452,1595
1591,h,1,1,1176,1176,1711,1711,53.03333333333333,1201,1348,1191,1418,1188,1488,1194,1556,1222,1618,1267,1668,1323,1705,1378,1738,1438,1756,1494,1754,1541,1724,1583,1686,1617,1637,1643,1583,1663,1529,1673,1474,1677,1423,1300,1303,1343,1281,1394,1282,1444,1298,1488,1317,1542,1332,1582,1329,1620,1330,1654,1343,1669,1374,1510,1363,1510,1395,1510,1426,1509,1460,1435,1499,1464,1509,1492,1519,1519,1518,1543,1516,1347,1339,1376,1328,1407,1334,1429,1362,1401,1358,1371,1351,1555,1385,1582,1367,1610,1372,1628,1394,1608,1397,1580,1392,1373,1584,1417,1558,1461,1553,1485,1563,1513,1561,1542,1579,1558,1614,1531,1626,1500,1631,1471,1629,1444,1623,1406,1608,1388,1583,1456,1579,1481,1584,1509,1587,1545,1607,1506,1603,1477,1600,1452,1595
1592,h,1,1,1176,1176,1711,1711,53.06666666666667,1202,1353,1193,1421,1191,1490,1196,1557,1221,1618,1265,1666,1320,1702,1375,1733,1436,1751,1492,1750,1539,1722,1581,1685,1615,1637,1640,1585,1661,1531,1671,1477,1675,1424,1300,1303,1343,1280,1393,1282,1441,1297,1485,1315,1540,1330,1578,1329,1616,1331,1649,1344,1666,1373,1508,1364,1508,1396,1508,1427,1509,1461,1434,1500,1462,1509,1490,1520,1516,1519,1539,1517,1345,1340,1375,1328,1406,1335,1427,1363,1400,1359,1369,1352,1553,1386,1580,1367,1608,1372,1626,1395,1605,1397,1578,1393,1370,1585,1412,1558,1456,1553,1482,1564,1511,1561,1540,1579,1555,1614,1529,1627,1498,1631,1468,1629,1440,1623,1403,1609,1384,1584,1452,1580,1478,1586,1507,1588,1542,1609,1504,1603,1474,1600,1447,1595
1593,h,1,1,1176,1176,1711,1711,53.1,1203,1350,1194,1418,1191,1488,1196,1555,1220,1617,1264,1666,1320,1702,1377,1733,1437,1750,1493,1748,1541,1720,1583,1684,1616,1636,1641,1585,1662,1532,1673,1478,1678,1425,1300,1304,1343,1281,1393,1283,1443,1299,1486,1319,1539,1335,1577,1331,1615,1332,1649,1345,1667,1374,1509,1367,1509,1398,1509,1427,1508,1460,1434,1500,1462,1510,1490,1520,1516,1519,1539,1517,1345,1341,1375,1328,1407,1335,1428,1366,1400,1361,1368,1353,1553,1389,1580,1368,1609,1372,1628,1396,1608,1399,1580,1395,1368,1585,1413,1558,1457,1553,1482,1563,1511,1561,1539,1578,1555,1613,1529,1626,1499,1632,1468,1629,1440,1623,1403,1609,1383,1584,1452,1580,1478,1586,1507,1588,1542,1608,1504,1603,1474,1600,1448,1595
1594,h,1,1,1176,1176,1711,1711,53.13333333333333,1200,1353,1191,1421,1188,1491,1194,1557,1220,1617,1265,1665,1320,1699,1376,1728,1436,1745,1490,1743,1538,1717,1579,1682,1613,1636,1639,1586,1660,1533,1671,1480,1676,1428,1301,1301,1346,1279,1396,1282,1445,1297,1488,1317,1540,1332,1578,1330,1615,1333,1648,1344,1665,1373,1509,1366,1509,1397,1509,1428,1509,1460,1434,1500,1462,1509,1490,1519,1516,1520,1539,1518,1346,1340,1376,1328,1408,1335,1428,1365,1401,1360,1370,1352,1552,1388,1580,1367,1608,1372,1627,1395,1606,1397,1579,1394,1369,1584,1412,1557,1456,1551,1481,1562,1510,1560,1538,1577,1553,1613,1527,1625,1497,1630,1467,1628,1440,1622,1402,1607,1384,1583,1452,1579,1477,1584,1506,1587,1541,1607,1502,1602,1473,1599,1447,1593
1595,h,1,1,1176,1176,1711,1711,53.166666666666664,1200,1353,1191,1421,1188,1491,1194,1557,1220,1617,1265,1665,1320,1699,1376,1728,1436,1745,1490,1743,1538,1717,1579,1682,1613,1636,1639,1586,1660,1533,1671,1480,1676,1428,1301,1301,1346,1279,1396,1282,1445,1297,1488,1317,1540,1332,1578,1330,1615,1333,1648,1344,1665,1373,1509,1366,1509,1397,1509,1428,1509,1460,1434,1500,1462,1509,1490,1519,1516,1520,1539,1518,1346,1340,1376,1328,1408,1335,1428,1365,1401,1360,1370,1352,1552,1388,1580,1367,1608,1372,1627,1395,1606,1397,1579,1394,1369,1584,1412,1557,1456,1551,1481,1562,1510,1560,1538,1577,1553,1613,1527,1625,1497,1630,1467,1628,1440,1622,1402,1607,1384,1583,1452,1579,1477,1584,1506,1587,1541,1607,1502,1602,1473,1599,1447,1593
1596,h,1,1,1176,1176,1711,1711,53.2,1198,1352,1189,1420,1186,1489,1192,1555,1217,1616,1261,1666,1317,1701,1373,1735,1433,1754,1489,1753,1537,1724,1580,1687,1616,1639,1643,1586,1663,1530,1673,1474,1677,1420,1298,1304,1341,1280,1392,1282,1441,1297,1486,1316,1537,1331,1576,1330,1614,1332,1647,1345,1664,1375,1507,1365,1506,1397,1506,1427,1507,1460,1433,1499,1461,1509,1489,1519,1515,1519,1539,1517,1344,1341,1374,1328,1405,1335,1425,1364,1398,1360,1367,1353,1552,1387,1579,1368,1607,1372,1625,1395,1605,1398,1577,1394,1370,1582,1414,1557,1457,1552,1482,1563,1511,1561,1539,1578,1555,1614,1528,1626,1497,1631,1467,1628,1440,1622,1403,1607,1386,1582,1453,1579,1478,1585,1506,1588,1542,1608,1502,1602,1474,1599,1448,1593
1597,h,1,1,1176,1176,1711,1711,53.233333333333334,1200,1349,1192,1417,1188,1486,1193,1551,1217,1612,1261,1662,1316,1698,1370,1731,1430,1750,1487,1750,1536,1723,1580,1687,1615,1640,1643,1587,1663,1531,1672,1475,1676,1421,1299,1301,1342,1279,1393,1281,1442,1296,1486,1316,1537,1331,1576,1329,1614,1331,1649,1344,1666,1374,1507,1365,1506,1396,1506,1427,1506,1460,1432,1499,1460,1509,1488,1519,1515,1518,1540,1516,1345,1340,1374,1328,1405,1334,1427,1364,1399,1359,1368,1352,1552,1387,1580,1368,1609,1372,1627,1395,1606,1398,1578,1394,1371,1581,1415,1557,1458,1552,1482,1562,1510,1560,1538,1577,1554,1612,1527,1624,1496,1628,1467,1626,1441,1619,1405,1605,1386,1581,1454,1578,1478,1584,1505,1586,1542,1606,1501,1600,1473,1597,1449,1592
1598,h,1,1,1176,1176,1711,1711,53.266666666666666,1200,1349,1192,1417,1188,1486,1193,1551,1217,1612,1261,1662,1316,1698,1370,1731,1430,1750,1487,1750,1536,1723,1580,1687,1615,1640,1643,1587,1663,1531,1672,1475,1676,1421,1299,1301,1342,1279,1393,1281,1442,1296,1486,1316,1537,1331,1576,1329,1614,1331,1649,1344,1666,1374,1507,1365,1506,1396,1506,1427,1506,1460,1432,1499,1460,1509,1488,1519,1515,1518,1540,1516,1345,1340,1374,1328,1405,1334,1427,1364,1399,1359,1368,1352,1552,1387,1580,1368,1609,1372,1627,1395,1606,1398,1578,1394,1371,1581,1415,1557,1458,1552,1482,1562,1510,1560,1538,1577,1554,1612,1527,1624,1496,1628,1467,1626,1441,1619,1405,1605,1386,1581,1454,1578,1478,1584,1505,1586,1542,1606,1501,1600,1473,1597,1449,1592
1599,h,1,1,1176,1176,1711,1711,53.3,1207,1343,1196,1412,1193,1483,1197,1550,1222,1613,1266,1662,1320,1698,1376,1728,1436,1745,1494,1744,1543,1718,1586,1681,1619,1634,1644,1580,1663,1526,1673,1471,1677,1418,1300,1299,1346,1279,1397,1282,1445,1297,1488,1316,1539,1330,1577,1329,1615,1330,1649,1342,1667,1369,1508,1367,1508,1398,1508,1428,1507,1460,1434,1499,1462,1509,1489,1519,1516,1518,1540,1516,1349,1341,1378,1329,1409,1337,1429,1365,1402,1361,1371,1353,1553,1388,1579,1369,1608,1373,1626,1395,1605,1398,1578,1394,1373,1582,1415,1557,1458,1552,1481,1562,1510,1560,1538,1578,1553,1612,1527,1624,1497,1628,1467,1626,1441,1619,1405,1605,1388,1582,1453,1578,1478,1584,1506,1586,1541,1606,1502,1601,1473,1598,1448,1592
1600,h,1,1,1176,1176,1711,1711,53.333333333333336,1198,1349,1190,1418,1187,1488,1193,1554,1217,1615,1261,1665,1316,1701,1371,1733,1432,1753,1489,1752,1537,1725,1580,1687,1615,1639,1642,1586,1662,1530,1672,1473,1676,1419,1299,1300,1343,1279,1393,1282,1442,1297,1486,1316,1538,1331,1576,1329,1614,1331,1648,1342,1666,1370,1506,1365,1505,1397,1505,1427,1505,1461,1432,1499,1460,1509,1488,1519,1514,1518,1539,1516,1344,1340,1373,1327,1404,1334,1426,1363,1398,1359,1367,1352,1551,1386,1578,1367,1607,1371,1625,1393,1604,1397,1577,1393,1372,1582,1415,1557,1457,1551,1481,1562,1509,1560,1538,1577,1554,1613,1527,1624,1496,1628,1467,1625,1441,1619,1405,1605,1388,1582,1453,1578,1477,1584,1505,1587,1541,1607,1501,1600,1473,1597,1449,1591
1601,h,1,1,1176,1176,1711,1711,53.36666666666667,1197,1349,1189,1417,1186,1486,1192,1551,1216,1612,1261,1660,1316,1696,1372,1729,1433,1748,1489,1748,1537,1721,1580,1685,1614,1639,1641,1587,1660,1533,1670,1479,1675,1426,1298,1301,1343,1279,1394,1282,1444,1297,1488,1316,1537,1330,1577,1329,1615,1332,1650,1344,1668,1374,1507,1367,1506,1397,1506,1427,1506,1459,1433,1499,1461,1509,1489,1518,1515,1518,1539,1516,1346,1340,1376,1328,1407,1335,1428,1365,1400,1360,1370,1353,1551,1388,1579,1369,1607,1373,1626,1396,1605,1399,1577,1395,1372,1582,1415,1557,1458,1551,1482,1562,1510,1560,1538,1578,1554,1612,1528,1624,1497,1628,1468,1626,1442,1619,1405,1605,1387,1581,1454,1577,1478,1583,1505,1586,1541,1606,1502,1600,1474,1597,1449,1592
1602,h,1,1,1176,1176,1711,1711,53.4,1197,1349,1189,1417,1186,1486,1192,1551,1216,1612,1261,1660,1316,1696,1372,1729,1433,1748,1489,1748,1537,1721,1580,1685,1614,1639,1641,1587,1660,1533,1670,1479,1675,1426,1298,1301,1343,1279,1394,1282,1444,1297,1488,1316,1537,1330,1577,1329,1615,1332,1650,1344,1668,1374,1507,1367,1506,1397,1506,1427,1506,1459,1433,1499,1461,1509,1489,1518,1515,1518,1539,1516,1346,1340,1376,1328,1407,1335,1428,1365,1400,1360,1370,1353,1551,1388,1579,1369,1607,1373,1626,1396,1605,1399,1577,1395,1372,1582,1415,1557,1458,1551,1482,1562,1510,1560,1538,1578,1554,1612,1528,1624,1497,1628,1468,1626,1442,1619,1405,1605,1387,1581,1454,1577,1478,1583,1505,1586,1541,1606,1502,1600,1474,1597,1449,1592
1603,h,1,1,1176,1176,1711,1711,53.43333333333333,1199,1351,1189,1420,1186,1489,1193,1554,1219,1615,1264,1663,1320,1697,1376,1727,1436,1744,1490,1742,1537,1716,1580,1682,1613,1636,1640,1585,1659,1531,1670,1477,1675,1425,1298,1300,1342,1278,1394,1281,1444,1296,1488,1315,1538,1330,1576,1328,1614,1330,1649,1342,1667,1370,1507,1364,1507,1396,1507,1426,1507,1459,1433,1498,1461,1507,1489,1517,1515,1518,1538,1516,1343,1339,1374,1327,1405,1334,1426,1363,1398,1359,1368,1352,1551,1386,1579,1367,1607,1371,1625,1394,1604,1397,1577,1393,1371,1580,1415,1556,1458,1550,1482,1562,1511,1560,1539,1576,1555,1610,1528,1622,1498,1626,1468,1624,1441,1617,1405,1602,1387,1579,1453,1576,1478,1582,1506,1585,1543,1604,1503,1598,1475,1595,1449,1590
1604,h,1,1,1176,1176,1711,1711,53.46666666666667,1199,1346,1190,1413,1188,1480,1193,1546,1217,1606,1261,1655,1316,1691,1373,1723,1433,1741,1488,1740,1535,1715,1577,1680,1611,1634,1638,1583,1657,1529,1667,1475,1672,1422,1298,1299,1342,1277,1394,1279,1444,1295,1488,1315,1538,1330,1576,1327,1615,1329,1650,1341,1668,1371,1508,1364,1508,1395,1508,1425,1508,1458,1435,1497,1462,1506,1490,1517,1515,1516,1538,1515,1344,1339,1374,1326,1405,1333,1427,1363,1399,1358,1368,1351,1551,1386,1578,1366,1607,1370,1626,1393,1605,1396,1577,1392,1373,1577,1417,1555,1460,1550,1484,1561,1511,1560,1540,1576,1555,1607,1529,1619,1499,1624,1470,1622,1443,1615,1407,1601,1389,1577,1455,1577,1479,1584,1507,1586,1543,1602,1504,1596,1476,1593,1451,1588
1605,h,1,1,1176,1176,1711,1711,53.5,1197,1345,1187,1413,1183,1481,1189,1548,1213,1611,1258,1660,1316,1695,1374,1726,1435,1743,1491,1741,1539,1715,1582,1679,1615,1632,1640,1580,1659,1526,1669,1471,1675,1419,1297,1301,1341,1277,1394,1279,1445,1294,1491,1314,1537,1328,1576,1327,1615,1329,1651,1341,1669,1371,1508,1361,1508,1393,1508,1424,1508,1458,1433,1495,1461,1505,1489,1516,1515,1515,1539,1513,1344,1338,1374,1326,1405,1333,1427,1362,1399,1357,1368,1349,1552,1384,1579,1366,1607,1370,1626,1392,1605,1395,1578,1390,1370,1576,1414,1554,1458,1548,1482,1560,1511,1558,1540,1575,1558,1607,1530,1620,1498,1625,1468,1622,1441,1615,1404,1600,1385,1576,1453,1576,1478,1582,1506,1585,1545,1602,1503,1596,1474,1593,1449,1587
1606,h,1,1,1176,1176,1711,1711,53.53333333333333,1197,1345,1187,1413,1183,1481,1189,1548,1213,1611,1258,1660,1316,1695,1374,1726,1435,1743,1491,1741,1539,1715,1582,1679,1615,1632,1640,1580,1659,1526,1669,1471,1675,1419,1297,1301,1341,1277,1394,1279,1445,1294,1491,1314,1537,1328,1576,1327,1615,1329,1651,1341,1669,1371,1508,1361,1508,1393,1508,1424,1508,1458,1433,1495,1461,1505,1489,1516,1515,1515,1539,1513,1344,1338,1374,1326,1405,1333,1427,1362,1399,1357,1368,1349,1552,1384,1579,1366,1607,1370,1626,1392,1605,1395,1578,1390,1370,1576,1414,1554,1458,1548,1482,1560,1511,1558,1540,1575,1558,1607,1530,1620,1498,1625,1468,1622,1441,1615,1404,1600,1385,1576,1453,1576,1478,1582,1506,1585,1545,1602,1503,1596,1474,1593,1449,1587
1607,h,1,1,1176,1176,1711,1711,53.56666666666667,1199,1347,1190,1414,1186,1482,1191,1547,1216,1609,1260,1658,1317,1692,1375,1721,1435,1738,1491,1736,1538,1710,1580,1676,1612,1631,1637,1580,1656,1527,1666,1474,1670,1423,1297,1301,1340,1276,1393,1278,1443,1294,1489,1314,1537,1328,1576,1326,1614,1328,1649,1340,1666,1370,1507,1364,1507,1395,1507,1425,1507,1458,1432,1495,1460,1505,1487,1515,1513,1514,1537,1513,1343,1338,1373,1326,1404,1333,1425,1362,1397,1357,1367,1350,1551,1385,1578,1365,1606,1370,1625,1392,1604,1395,1577,1391,1372,1577,1415,1554,1458,1548,1481,1559,1509,1557,1536,1573,1552,1605,1526,1617,1497,1623,1468,1621,1441,1614,1405,1599,1386,1576,1453,1574,1477,1581,1505,1583,1540,1599,1502,1594,1474,1592,1449,1587
1608,h,1,1,1176,1176,1711,1711,53.6,1197,1347,1186,1413,1182,1481,1187,1546,1213,1607,1259,1656,1317,1691,1375,1722,1435,1740,1491,1737,1537,1710,1579,1675,1613,1630,1639,1579,1658,1526,1668,1473,1673,1422,1301,1297,1345,1275,1397,1278,1446,1294,1490,1314,1537,1328,1575,1326,1614,1328,1649,1339,1667,1368,1508,1365,1507,1396,1507,1425,1507,1458,1433,1495,1461,1505,1488,1515,1515,1515,1538,1513,1344,1338,1374,1325,1405,1332,1426,1363,1398,1358,1367,1351,1552,1386,1579,1365,1607,1369,1625,1393,1606,1396,1578,1392,1373,1578,1416,1554,1459,1548,1483,1559,1510,1557,1538,1574,1553,1606,1527,1619,1498,1624,1469,1621,1443,1615,1406,1601,1388,1578,1455,1576,1479,1582,1506,1584,1541,1600,1503,1595,1475,1592,1451,1587
1609,h,1,1,1176,1176,1711,1711,53.63333333333333,1193,1353,1184,1420,1181,1488,1189,1554,1215,1615,1261,1663,1319,1696,1377,1725,1436,1741,1491,1739,1537,1714,1580,1679,1613,1632,1639,1581,1658,1527,1668,1473,1672,1421,1293,1302,1338,1277,1391,1278,1442,1294,1487,1315,1535,1330,1575,1327,1614,1328,1650,1341,1667,1373,1507,1364,1507,1395,1508,1425,1508,1458,1433,1497,1462,1505,1490,1515,1516,1515,1539,1514,1343,1337,1373,1326,1404,1333,1425,1362,1397,1357,1367,1349,1552,1386,1579,1367,1606,1371,1625,1393,1605,1395,1578,1391,1372,1578,1416,1555,1460,1548,1484,1559,1512,1557,1540,1575,1556,1607,1529,1620,1499,1627,1469,1625,1442,1618,1405,1603,1388,1578,1455,1576,1480,1582,1507,1584,1543,1602,1504,1596,1476,1594,1450,1588
1610,h,1,1,1176,1176,1711,1711,53.666666666666664,1193,1353,1184,1420,1181,1488,1189,1554,1215,1615,1261,1663,1319,1696,1377,1725,1436,1741,1491,1739,1537,1714,1580,1679,1613,1632,1639,1581,1658,1527,1668,1473,1672,1421,1293,1302,1338,1277,1391,1278,1442,1294,1487,1315,1535,1330,1575,1327,1614,1328,1650,1341,1667,1373,1507,1364,1507,1395,1508,1425,1508,1458,1433,1497,1462,1505,1490,1515,1516,1515,1539,1514,1343,1337,1373,1326,1404,1333,1425,1362,1397,1357,1367,1349,1552,1386,1579,1367,1606,1371,1625,1393,1605,1395,1578,1391,1372,1578,1416,1555,1460,1548,1484,1559,1512,1557,1540,1575,1556,1607,1529,1620,1499,1627,1469,1625,1442,1618,1405,1603,1388,1578,1455,1576,1480,1582,1507,1584,1543,1602,1504,1596,1476,1594,1450,1588
1611,h,1,1,1176,1176,1711,1711,53.7,1196,1350,1187,1416,1184,1485,1189,1549,1213,1611,1257,1660,1316,1694,1374,1723,1433,1741,1488,1740,1534,1714,1575,1678,1610,1632,1636,1581,1655,1528,1666,1475,1672,1423,1296,1299,1341,1276,1392,1279,1442,1295,1486,1315,1537,1330,1575,1327,1614,1328,1648,1339,1665,1369,1506,1364,1506,1396,1505,1426,1505,1460,1431,1496,1460,1506,1488,1516,1513,1515,1536,1513,1341,1340,1372,1326,1403,1333,1424,1363,1396,1359,1365,1352,1552,1385,1579,1365,1607,1368,1625,1392,1605,1396,1578,1392,1373,1580,1416,1556,1460,1549,1483,1559,1509,1557,1537,1574,1553,1605,1528,1620,1497,1627,1469,1625,1443,1619,1405,1604,1389,1579,1455,1577,1479,1583,1505,1585,1540,1600,1502,1596,1475,1594,1451,1589
1612,h,1,1,1176,1176,1711,1711,53.733333333333334,1192,1351,1182,1417,1179,1485,1186,1549,1212,1610,1258,1660,1316,1694,1374,1725,1433,1743,1487,1741,1534,1715,1576,1680,1610,1633,1636,1582,1657,1529,1669,1474,1674,1421,1296,1298,1342,1276,1393,1280,1443,1296,1487,1315,1534,1330,1572,1328,1611,1329,1646,1340,1665,1368,1506,1364,1505,1395,1505,1426,1506,1459,1432,1497,1460,1506,1487,1516,1513,1516,1536,1514,1341,1340,1371,1328,1403,1334,1424,1363,1396,1359,1365,1352,1551,1386,1579,1367,1606,1371,1624,1393,1604,1396,1577,1392,1374,1579,1419,1555,1462,1548,1484,1559,1510,1557,1538,1575,1554,1606,1527,1620,1496,1627,1469,1624,1444,1617,1407,1602,1390,1578,1457,1577,1480,1583,1505,1585,1542,1601,1501,1596,1475,1593,1452,1588
1613,h,1,1,1176,1176,1711,1711,53.766666666666666,1192,1351,1182,1417,1179,1485,1186,1549,1212,1610,1258,1660,1316,1694,1374,1725,1433,1743,1487,1741,1534,1715,1576,1680,1610,1633,1636,1582,1657,1529,1669,1474,1674,1421,1296,1298,1342,1276,1393,1280,1443,1296,1487,1315,1534,1330,1572,1328,1611,1329,1646,1340,1665,1368,1506,1364,1505,1395,1505,1426,1506,1459,1432,1497,1460,1506,1487,1516,1513,1516,1536,1514,1341,1340,1371,1328,1403,1334,1424,1363,1396,1359,1365,1352,1551,1386,1579,1367,1606,1371,1624,1393,1604,1396,1577,1392,1374,1579,1419,1555,1462,1548,1484,1559,1510,1557,1538,1575,1554,1606,1527,1620,1496,1627,1469,1624,1444,1617,1407,1602,1390,1578,1457,1577,1480,1583,1505,1585,1542,1601,1501,1596,1475,1593,1452,1588
1614,h,1,1,1176,1176,1711,1711,53.8,1192,1354,1183,1420,1180,1489,1187,1554,1214,1614,1262,1661,1321,1693,1378,1723,1436,1740,1491,1738,1536,1711,1576,1677,1610,1633,1636,1582,1656,1530,1666,1477,1670,1425,1295,1298,1341,1276,1393,1279,1442,1296,1486,1315,1535,1329,1574,1328,1612,1330,1646,1341,1664,1370,1507,1364,1506,1395,1507,1425,1507,1458,1433,1497,1461,1506,1489,1516,1515,1516,1538,1514,1341,1339,1372,1326,1403,1333,1424,1363,1396,1358,1366,1350,1550,1386,1578,1366,1606,1371,1624,1394,1604,1396,1577,1392,1374,1580,1418,1555,1461,1549,1484,1559,1511,1558,1538,1575,1555,1607,1528,1618,1498,1623,1470,1622,1444,1615,1409,1599,1389,1578,1456,1577,1480,1583,1507,1585,1543,1601,1503,1594,1476,1592,1452,1586
1615,h,1,1,1176,1176,1711,1711,53.833333333333336,1194,1353,1184,1419,1182,1488,1188,1553,1213,1615,1260,1663,1320,1697,1379,1725,1440,1742,1496,1739,1542,1713,1582,1676,1613,1630,1636,1579,1653,1526,1663,1472,1666,1421,1295,1299,1339,1277,1392,1279,1442,1295,1486,1314,1535,1328,1574,1326,1613,1328,1649,1341,1666,1371,1506,1364,1505,1395,1506,1425,1506,1458,1431,1496,1459,1505,1487,1515,1512,1515,1535,1514,1341,1337,1371,1324,1402,1331,1423,1361,1395,1357,1365,1349,1549,1385,1576,1365,1604,1369,1623,1392,1603,1395,1575,1391,1372,1580,1415,1555,1459,1549,1482,1559,1510,1558,1538,1575,1552,1608,1528,1620,1498,1625,1468,1623,1442,1616,1405,1600,1388,1579,1454,1578,1478,1584,1506,1586,1540,1602,1503,1595,1475,1592,1450,1587
1616,h,1,1,1176,1176,1711,1711,53.86666666666667,1196,1346,1186,1413,1182,1483,1188,1548,1212,1611,1257,1661,1315,1696,1373,1728,1434,1745,1490,1741,1537,1714,1578,1678,1611,1632,1637,1580,1656,1526,1667,1471,1672,1418,1295,1299,1338,1275,1390,1277,1440,1293,1485,1311,1534,1327,1573,1324,1611,1326,1645,1338,1664,1367,1505,1362,1505,1393,1505,1424,1505,1457,1432,1494,1459,1504,1487,1515,1513,1514,1536,1512,1342,1336,1371,1323,1402,1330,1423,1359,1396,1355,1365,1348,1550,1382,1577,1363,1604,1367,1622,1390,1603,1393,1576,1389,1374,1582,1416,1556,1459,1549,1482,1560,1510,1558,1537,1576,1551,1610,1527,1625,1496,1632,1467,1629,1441,1623,1405,1607,1390,1581,1454,1577,1478,1582,1505,1585,1539,1604,1502,1601,1473,1599,1449,1594
1617,h,1,1,1176,1176,1711,1711,53.9,1196,1346,1186,1413,1182,1483,1188,1548,1212,1611,1257,1661,1315,1696,1373,1728,1434,1745,1490,1741,1537,1714,1578,1678,1611,1632,1637,1580,1656,1526,1667,1471,1672,1418,1295,1299,1338,1275,1390,1277,1440,1293,1485,1311,1534,1327,1573,1324,1611,1326,1645,1338,1664,1367,1505,1362,1505,1393,1505,1424,1505,1457,1432,1494,1459,1504,1487,1515,1513,1514,1536,1512,1342,1336,1371,1323,1402,1330,1423,1359,1396,1355,1365,1348,1550,1382,1577,1363,1604,1367,1622,1390,1603,1393,1576,1389,1374,1582,1416,1556,1459,1549,1482,1560,1510,1558,1537,1576,1551,1610,1527,1625,1496,1632,1467,1629,1441,1623,1405,1607,1390,1581,1454,1577,1478,1582,1505,1585,1539,1604,1502,1601,1473,1599,1449,1594
1618,h,1,1,1176,1176,1711,1711,53.93333333333333,1193,1347,1184,1414,1180,1484,1187,1550,1213,1612,1258,1662,1314,1698,1372,1730,1432,1746,1488,1743,1536,1715,1579,1677,1611,1630,1637,1577,1657,1523,1668,1469,1673,1416,1296,1296,1340,1273,1391,1275,1441,1290,1485,1309,1533,1325,1571,1322,1609,1324,1644,1335,1662,1363,1504,1360,1504,1392,1505,1422,1505,1454,1431,1494,1459,1503,1487,1514,1513,1513,1536,1511,1341,1336,1370,1322,1402,1329,1423,1360,1395,1356,1364,1349,1550,1383,1577,1362,1605,1365,1623,1389,1603,1393,1576,1389,1372,1581,1414,1555,1457,1548,1481,1559,1508,1557,1536,1575,1551,1611,1525,1626,1495,1633,1466,1631,1439,1625,1403,1609,1387,1581,1452,1577,1477,1582,1503,1585,1539,1605,1500,1603,1472,1601,1447,1595
1619,h,1,1,1176,1176,1711,1711,53.96666666666667,1193,1347,1184,1413,1180,1484,1187,1549,1212,1611,1258,1660,1314,1696,1371,1728,1431,1747,1486,1745,1534,1717,1576,1679,1610,1632,1636,1579,1656,1523,1667,1468,1671,1415,1294,1296,1338,1274,1389,1276,1439,1291,1484,1310,1531,1323,1570,1322,1609,1324,1644,1337,1662,1368,1502,1359,1501,1391,1501,1421,1501,1455,1429,1493,1457,1502,1485,1513,1511,1512,1535,1510,1339,1335,1368,1321,1400,1328,1422,1358,1393,1354,1363,1347,1548,1382,1574,1361,1603,1365,1621,1388,1601,1392,1573,1388,1371,1579,1412,1554,1456,1548,1480,1559,1508,1557,1537,1575,1552,1609,1526,1625,1495,1632,1465,1629,1439,1622,1402,1605,1387,1579,1452,1575,1476,1581,1503,1584,1540,1604,1500,1602,1471,1600,1447,1594
1620,h,1,1,1176,1176,1711,1711,54.0,1196,1346,1186,1412,1183,1481,1190,1546,1217,1606,1264,1654,1320,1689,1376,1719,1434,1736,1487,1734,1534,1708,1575,1673,1609,1629,1636,1578,1656,1524,1667,1470,1672,1418,1295,1294,1340,1272,1391,1274,1441,1290,1485,1309,1532,1324,1570,1321,1609,1323,1644,1336,1662,1365,1502,1360,1501,1391,1501,1421,1501,1453,1428,1493,1456,1502,1484,1512,1510,1511,1533,1510,1339,1336,1369,1323,1400,1330,1422,1360,1394,1355,1363,1348,1548,1382,1575,1362,1604,1365,1622,1388,1602,1392,1574,1388,1369,1576,1411,1551,1455,1545,1479,1556,1507,1554,1537,1572,1551,1605,1525,1619,1493,1626,1464,1624,1437,1617,1401,1601,1383,1576,1450,1574,1475,1580,1503,1583,1539,1600,1498,1595,1470,1593,1445,1587
1621,h,1,1,1176,1176,1711,1711,54.03333333333333,1196,1346,1186,1412,1183,1481,1190,1546,1217,1606,1264,1654,1320,1689,1376,1719,1434,1736,1487,1734,1534,1708,1575,1673,1609,1629,1636,1578,1656,1524,1667,1470,1672,1418,1295,1294,1340,1272,1391,1274,1441,1290,1485,1309,1532,1324,1570,1321,1609,1323,1644,1336,1662,1365,1502,1360,1501,1391,1501,1421,1501,1453,1428,1493,1456,1502,1484,1512,1510,1511,1533,1510,1339,1336,1369,1323,1400,1330,1422,1360,1394,1355,1363,1348,1548,1382,1575,1362,1604,1365,1622,1388,1602,1392,1574,1388,1369,1576,1411,1551,1455,1545,1479,1556,1507,1554,1537,1572,1551,1605,1525,1619,1493,1626,1464,1624,1437,1617,1401,1601,1383,1576,1450,1574,1475,1580,1503,1583,1539,1600,1498,1595,1470,1593,1445,1587
1622,h,1,1,1176,1176,1711,1711,54.06666666666667,1193,1349,1183,1415,1181,1484,1188,1549,1215,1610,1262,1658,1320,1691,1377,1719,1436,1734,1491,1732,1537,1705,1577,1670,1609,1626,1633,1575,1650,1522,1660,1469,1663,1418,1290,1299,1334,1275,1386,1276,1437,1291,1482,1310,1527,1326,1566,1322,1606,1325,1641,1339,1657,1370,1500,1359,1501,1390,1501,1419,1502,1451,1427,1492,1456,1501,1484,1510,1510,1510,1534,1509,1336,1336,1367,1324,1398,1330,1421,1360,1392,1355,1361,1348,1543,1383,1571,1363,1600,1367,1620,1389,1598,1392,1570,1388,1368,1575,1412,1551,1455,1545,1479,1556,1506,1554,1534,1570,1551,1603,1525,1614,1494,1620,1465,1618,1438,1611,1401,1596,1383,1574,1451,1572,1475,1577,1502,1580,1539,1597,1498,1591,1471,1589,1446,1583
1623,h,1,1,1176,1176,1711,1711,54.1,1190,1351,1181,1416,1178,1485,1185,1550,1212,1610,1258,1658,1317,1690,1373,1720,1433,1736,1488,1733,1535,1706,1576,1672,1609,1627,1634,1577,1653,1524,1663,1471,1668,1420,1291,1296,1336,1274,1388,1277,1437,1291,1482,1310,1532,1326,1570,1323,1609,1325,1643,1337,1661,1366,1502,1359,1502,1390,1502,1419,1503,1451,1428,1493,1456,1502,1484,1511,1510,1511,1533,1510,1337,1336,1368,1323,1399,1330,1421,1360,1392,1355,1361,1348,1545,1382,1573,1362,1601,1366,1621,1388,1599,1391,1572,1388,1368,1575,1413,1552,1455,1545,1479,1556,1506,1554,1533,1570,1549,1602,1523,1613,1493,1619,1465,1617,1438,1611,1402,1596,1383,1575,1451,1571,1475,1576,1501,1579,1536,1596,1498,1591,1470,1588,1446,1583
1624,h,1,1,1176,1176,1711,1711,54.13333333333333,1189,1349,1180,1415,1176,1484,1182,1549,1208,1610,1255,1658,1312,1692,1369,1723,1429,1739,1485,1735,1531,1707,1573,1673,1607,1628,1632,1577,1649,1524,1658,1470,1662,1419,1290,1295,1336,1274,1387,1276,1437,1291,1483,1309,1529,1323,1569,1321,1607,1325,1641,1336,1658,1365,1499,1358,1499,1389,1499,1420,1499,1453,1426,1492,1453,1501,1482,1511,1507,1510,1531,1509,1335,1336,1366,1323,1397,1330,1418,1357,1390,1353,1360,1347,1544,1380,1572,1361,1599,1366,1618,1387,1597,1390,1570,1386,1367,1577,1409,1552,1452,1546,1476,1556,1505,1554,1534,1571,1550,1602,1524,1613,1492,1619,1463,1617,1436,1611,1400,1596,1382,1576,1448,1572,1472,1577,1500,1580,1538,1597,1497,1590,1469,1588,1444,1582
1625,h,1,1,1176,1176,1711,1711,54.166666666666664,1189,1349,1180,1415,1176,1484,1182,1549,1208,1610,1255,1658,1312,1692,1369,1723,1429,1739,1485,1735,1531,1707,1573,1673,1607,1628,1632,1577,1649,1524,1658,1470,1662,1419,1290,1295,1336,1274,1387,1276,1437,1291,1483,1309,1529,1323,1569,1321,1607,1325,1641,1336,1658,1365,1499,1358,1499,1389,1499,1420,1499,1453,1426,1492,1453,1501,1482,1511,1507,1510,1531,1509,1335,1336,1366,1323,1397,1330,1418,1357,1390,1353,1360,1347,1544,1380,1572,1361,1599,1366,1618,1387,1597,1390,1570,1386,1367,1577,1409,1552,1452,1546,1476,1556,1505,1554,1534,1571,1550,1602,1524,1613,1492,1619,1463,1617,1436,1611,1400,1596,1382,1576,1448,1572,1472,1577,1500,1580,1538,1597,1497,1590,1469,1588,1444,1582
1626,h,1,1,1176,1176,1711,1711,54.2,1188,1353,1179,1419,1176,1488,1184,1552,1211,1613,1258,1660,1317,1693,1373,1722,1432,1737,1486,1734,1532,1707,1572,1673,1605,1629,1630,1579,1649,1527,1660,1473,1665,1422,1289,1296,1335,1273,1387,1275,1437,1291,1482,1310,1529,1325,1567,1322,1605,1323,1640,1334,1660,1363,1500,1358,1500,1390,1501,1420,1501,1452,1427,1494,1455,1502,1483,1511,1509,1511,1532,1510,1335,1335,1365,1322,1397,1329,1419,1358,1390,1354,1359,1347,1544,1381,1572,1361,1600,1365,1619,1388,1598,1391,1571,1387,1366,1576,1410,1552,1453,1546,1477,1557,1505,1555,1534,1572,1549,1604,1523,1616,1492,1622,1463,1620,1436,1613,1399,1598,1381,1575,1448,1574,1473,1580,1501,1582,1537,1599,1497,1593,1469,1591,1444,1585
1627,h,1,1,1176,1176,1711,1711,54.233333333333334,1191,1346,1182,1413,1179,1483,1186,1548,1212,1609,1257,1658,1313,1693,1368,1723,1427,1739,1482,1738,1530,1712,1571,1676,1606,1630,1632,1578,1653,1525,1664,1470,1669,1417,1289,1295,1334,1274,1384,1277,1433,1291,1477,1310,1530,1326,1568,1323,1607,1325,1642,1337,1660,1366,1499,1359,1498,1390,1499,1420,1498,1452,1425,1493,1453,1502,1481,1512,1507,1511,1530,1509,1334,1336,1364,1322,1396,1329,1418,1359,1389,1354,1358,1347,1544,1381,1572,1361,1600,1365,1620,1388,1599,1391,1571,1387,1365,1579,1407,1552,1451,1545,1475,1556,1502,1553,1531,1571,1546,1607,1521,1620,1490,1627,1461,1625,1435,1620,1397,1604,1380,1579,1447,1574,1471,1579,1498,1581,1533,1601,1495,1596,1467,1594,1442,1589
1628,h,1,1,1176,1176,1711,1711,54.266666666666666,1191,1346,1182,1413,1179,1483,1186,1548,1212,1609,1257,1658,1313,1693,1368,1723,1427,1739,1482,1738,1530,1712,1571,1676,1606,1630,1632,1578,1653,1525,1664,1470,1669,1417,1289,1295,1334,1274,1384,1277,1433,1291,1477,1310,1530,1326,1568,1323,1607,1325,1642,1337,1660,1366,1499,1359,1498,1390,1499,1420,1498,1452,1425,1493,1453,1502,1481,1512,1507,1511,1530,1509,1334,1336,1364,1322,1396,1329,1418,1359,1389,1354,1358,1347,1544,1381,1572,1361,1600,1365,1620,1388,1599,1391,1571,1387,1365,1579,1407,1552,1451,1545,1475,1556,1502,1553,1531,1571,1546,1607,1521,1620,1490,1627,1461,1625,1435,1620,1397,1604,1380,1579,1447,1574,1471,1579,1498,1581,1533,1601,1495,1596,1467,1594,1442,1589
1629,h,1,1,1176,1176,1711,1711,54.3,1187,1355,1179,1422,1178,1491,1186,1556,1211,1617,1257,1666,1315,1699,1372,1728,1431,1743,1485,1741,1530,1715,1571,1681,1604,1635,1629,1584,1648,1529,1659,1474,1663,1422,1288,1297,1333,1274,1385,1276,1435,1289,1480,1308,1527,1322,1566,1320,1606,1322,1641,1336,1658,1366,1498,1358,1499,1389,1500,1418,1500,1450,1426,1492,1454,1500,1482,1510,1507,1509,1531,1508,1334,1334,1364,1321,1396,1327,1417,1357,1389,1352,1358,1345,1544,1380,1571,1359,1600,1363,1618,1386,1598,1389,1570,1386,1364,1580,1406,1552,1451,1544,1475,1555,1504,1553,1533,1572,1548,1608,1522,1622,1491,1630,1461,1628,1433,1621,1395,1605,1379,1580,1446,1573,1472,1578,1499,1580,1535,1602,1496,1599,1467,1597,1441,1591
1630,h,1,1,1176,1176,1711,1711,54.333333333333336,1189,1343,1180,1410,1176,1480,1183,1546,1210,1608,1258,1658,1316,1692,1372,1720,1431,1735,1486,1733,1533,1707,1574,1671,1608,1626,1634,1575,1652,1520,1662,1465,1666,1413,1287,1293,1333,1272,1384,1275,1433,1289,1478,1307,1528,1322,1567,1320,1606,1322,1641,1335,1659,1363,1498,1359,1498,1389,1499,1417,1499,1449,1426,1490,1454,1499,1481,1508,1507,1508,1530,1507,1334,1334,1364,1320,1397,1326,1418,1358,1389,1353,1358,1346,1543,1380,1571,1358,1600,1362,1619,1385,1598,1389,1570,1385,1365,1575,1408,1550,1452,1544,1475,1555,1502,1553,1531,1570,1547,1604,1521,1616,1489,1622,1461,1619,1435,1612,1398,1597,1380,1574,1447,1571,1471,1577,1498,1579,1535,1598,1494,1595,1467,1592,1443,1586
1631,h,1,1,1176,1176,1711,1711,54.36666666666667,1190,1344,1182,1408,1179,1475,1187,1539,1212,1600,1258,1647,1316,1680,1373,1708,1434,1724,1490,1721,1538,1694,1580,1660,1614,1616,1639,1567,1658,1515,1668,1463,1672,1412,1284,1293,1328,1271,1380,1272,1430,1287,1475,1305,1527,1320,1568,1318,1609,1320,1646,1333,1666,1363,1498,1357,1498,1387,1498,1416,1499,1448,1425,1488,1453,1497,1481,1507,1507,1506,1531,1504,1331,1332,1362,1320,1394,1327,1417,1356,1388,1352,1356,1345,1543,1378,1571,1359,1600,1363,1621,1386,1599,1389,1570,1385,1366,1569,1412,1550,1455,1544,1476,1554,1500,1552,1527,1567,1544,1594,1517,1605,1488,1610,1462,1608,1438,1602,1402,1589,1381,1569,1450,1568,1472,1574,1496,1576,1532,1589,1493,1580,1468,1578,1446,1573
1632,h,1,1,1176,1176,1711,1711,54.4,1190,1344,1182,1408,1179,1475,1187,1539,1212,1600,1258,1647,1316,1680,1373,1708,1434,1724,1490,1721,1538,1694,1580,1660,1614,1616,1639,1567,1658,1515,1668,1463,1672,1412,1284,1293,1328,1271,1380,1272,1430,1287,1475,1305,1527,1320,1568,1318,1609,1320,1646,1333,1666,1363,1498,1357,1498,1387,1498,1416,1499,1448,1425,1488,1453,1497,1481,1507,1507,1506,1531,1504,1331,1332,1362,1320,1394,1327,1417,1356,1388,1352,1356,1345,1543,1378,1571,1359,1600,1363,1621,1386,1599,1389,1570,1385,1366,1569,1412,1550,1455,1544,1476,1554,1500,1552,1527,1567,1544,1594,1517,1605,1488,1610,1462,1608,1438,1602,1402,1589,1381,1569,1450,1568,1472,1574,1496,1576,1532,1589,1493,1580,1468,1578,1446,1573
1633,h,1,1,1176,1176,1711,1711,54.43333333333333,1192,1343,1184,1408,1183,1475,1189,1539,1213,1599,1258,1646,1316,1679,1374,1706,1436,1722,1494,1719,1543,1693,1586,1660,1618,1617,1641,1568,1658,1516,1668,1465,1673,1414,1284,1294,1327,1270,1379,1270,1430,1285,1475,1306,1528,1321,1570,1317,1611,1319,1650,1332,1670,1364,1498,1355,1498,1385,1498,1414,1499,1446,1426,1487,1454,1495,1481,1504,1507,1504,1530,1502,1332,1332,1363,1319,1395,1326,1418,1355,1388,1351,1356,1344,1543,1378,1572,1358,1601,1362,1621,1386,1599,1388,1570,1384,1368,1569,1413,1549,1456,1541,1477,1551,1501,1549,1528,1564,1545,1592,1518,1600,1489,1603,1464,1601,1440,1596,1403,1584,1382,1567,1451,1565,1473,1571,1497,1572,1533,1586,1494,1576,1470,1573,1447,1569
1634,h,1,1,1176,1176,1711,1711,54.46666666666667,1191,1342,1184,1408,1183,1476,1191,1541,1215,1602,1260,1649,1317,1683,1377,1711,1441,1726,1499,1722,1547,1696,1589,1660,1619,1615,1641,1564,1660,1512,1669,1459,1672,1408,1285,1295,1328,1270,1379,1270,1429,1284,1473,1304,1529,1320,1569,1317,1610,1319,1648,1331,1667,1362,1498,1354,1498,1385,1498,1414,1499,1447,1426,1487,1454,1495,1481,1505,1508,1504,1531,1502,1333,1332,1363,1319,1395,1325,1418,1354,1389,1350,1357,1344,1544,1377,1573,1357,1602,1361,1622,1384,1600,1387,1571,1383,1370,1569,1414,1548,1456,1541,1478,1551,1502,1548,1528,1563,1545,1591,1520,1600,1491,1605,1465,1603,1441,1598,1405,1586,1383,1568,1451,1566,1474,1572,1498,1573,1533,1586,1496,1577,1471,1576,1448,1571
1635,h,1,1,1176,1176,1711,1711,54.5,1191,1344,1183,1410,1182,1478,1190,1543,1215,1603,1261,1652,1318,1686,1377,1716,1441,1732,1499,1728,1548,1701,1589,1663,1620,1616,1642,1565,1659,1512,1667,1460,1669,1410,1285,1294,1330,1270,1381,1271,1430,1286,1474,1307,1528,1321,1567,1318,1606,1319,1643,1330,1662,1359,1498,1356,1498,1386,1499,1416,1500,1449,1427,1489,1455,1498,1483,1508,1509,1507,1533,1503,1332,1333,1363,1321,1394,1327,1417,1354,1387,1350,1357,1344,1544,1377,1572,1358,1601,1363,1621,1384,1599,1386,1571,1382,1367,1571,1411,1548,1455,1541,1477,1551,1503,1548,1531,1564,1547,1593,1523,1607,1494,1614,1467,1613,1440,1607,1403,1592,1382,1570,1450,1569,1474,1575,1499,1575,1535,1588,1497,1584,1471,1584,1447,1578
1636,h,1,1,1176,1176,1711,1711,54.53333333333333,1191,1344,1183,1410,1182,1478,1190,1543,1215,1603,1261,1652,1318,1686,1377,1716,1441,1732,1499,1728,1548,1701,1589,1663,1620,1616,1642,1565,1659,1512,1667,1460,1669,1410,1285,1294,1330,1270,1381,1271,1430,1286,1474,1307,1528,1321,1567,1318,1606,1319,1643,1330,1662,1359,1498,1356,1498,1386,1499,1416,1500,1449,1427,1489,1455,1498,1483,1508,1509,1507,1533,1503,1332,1333,1363,1321,1394,1327,1417,1354,1387,1350,1357,1344,1544,1377,1572,1358,1601,1363,1621,1384,1599,1386,1571,1382,1367,1571,1411,1548,1455,1541,1477,1551,1503,1548,1531,1564,1547,1593,1523,1607,1494,1614,1467,1613,1440,1607,1403,1592,1382,1570,1450,1569,1474,1575,1499,1575,1535,1588,1497,1584,1471,1584,1447,1578
1637,h,1,1,1176,1176,1711,1711,54.56666666666667,1194,1343,1185,1409,1183,1478,1190,1544,1216,1606,1262,1656,1320,1691,1377,1721,1438,1739,1495,1736,1543,1709,1584,1672,1616,1625,1640,1573,1659,1519,1670,1465,1673,1411,1290,1297,1332,1272,1383,1272,1434,1288,1478,1308,1528,1323,1567,1320,1606,1321,1642,1334,1661,1364,1499,1356,1498,1387,1498,1417,1498,1450,1424,1490,1453,1499,1481,1509,1508,1508,1533,1507,1334,1333,1364,1319,1395,1326,1418,1356,1389,1351,1358,1344,1544,1379,1573,1358,1602,1362,1622,1385,1600,1388,1572,1384,1367,1572,1409,1548,1452,1541,1476,1552,1504,1549,1535,1568,1551,1602,1525,1617,1493,1625,1463,1623,1435,1615,1399,1596,1382,1571,1448,1569,1473,1576,1501,1578,1539,1596,1497,1594,1469,1592,1443,1585
1638,h,1,1,1176,1176,1711,1711,54.6,1193,1341,1185,1408,1184,1476,1192,1542,1217,1603,1262,1651,1319,1686,1376,1716,1437,1734,1493,1732,1541,1706,1583,1671,1615,1625,1639,1574,1658,1521,1669,1468,1673,1416,1288,1297,1331,1273,1382,1273,1432,1288,1477,1309,1527,1326,1567,1321,1607,1323,1643,1335,1664,1364,1499,1357,1499,1388,1499,1417,1499,1449,1425,1490,1454,1499,1482,1508,1509,1508,1533,1506,1332,1333,1363,1319,1396,1326,1419,1357,1389,1352,1358,1345,1543,1380,1572,1358,1602,1362,1624,1386,1601,1389,1572,1385,1365,1575,1408,1548,1452,1541,1476,1551,1504,1549,1533,1569,1549,1604,1524,1620,1492,1628,1463,1626,1435,1619,1398,1600,1381,1574,1447,1570,1473,1575,1500,1577,1536,1598,1497,1597,1469,1595,1443,1589
1639,h,1,1,1176,1176,1711,1711,54.63333333333333,1189,1348,1181,1415,1180,1483,1187,1548,1211,1608,1257,1657,1316,1691,1373,1721,1435,1738,1492,1735,1542,1710,1585,1674,1617,1626,1640,1574,1659,1521,1668,1468,1672,1414,1288,1298,1330,1273,1383,1272,1434,1288,1480,1308,1528,1324,1567,1319,1607,1320,1645,1333,1664,1364,1498,1356,1498,1387,1499,1417,1499,1449,1425,1489,1454,1499,1482,1509,1509,1508,1534,1507,1333,1332,1364,1318,1396,1324,1419,1356,1389,1351,1357,1344,1544,1379,1573,1356,1602,1361,1622,1385,1600,1388,1572,1384,1363,1575,1407,1548,1452,1541,1477,1552,1505,1550,1536,1569,1552,1605,1525,1620,1493,1628,1463,1626,1435,1618,1397,1600,1379,1574,1448,1570,1473,1575,1501,1578,1539,1600,1498,1598,1469,1595,1443,1589
1640,h,1,1,1176,1176,1711,1711,54.666666666666664,1189,1348,1181,1415,1180,1483,1187,1548,1211,1608,1257,1657,1316,1691,1373,1721,1435,1738,1492,1735,1542,1710,1585,1674,1617,1626,1640,1574,1659,1521,1668,1468,1672,1414,1288,1298,1330,1273,1383,1272,1434,1288,1480,1308,1528,1324,1567,1319,1607,1320,1645,1333,1664,1364,1498,1356,1498,1387,1499,1417,1499,1449,1425,1489,1454,1499,1482,1509,1509,1508,1534,1507,1333,1332,1364,1318,1396,1324,1419,1356,1389,1351,1357,1344,1544,1379,1573,1356,1602,1361,1622,1385,1600,1388,1572,1384,1363,1575,1407,1548,1452,1541,1477,1552,1505,1550,1536,1569,1552,1605,1525,1620,1493,1628,1463,1626,1435,1618,1397,1600,1379,1574,1448,1570,1473,1575,1501,1578,1539,1600,1498,1598,1469,1595,1443,1589
1641,h,1,1,1176,1176,1711,1711,54.7,1192,1347,1184,1412,1181,1480,1188,1545,1212,1606,1257,1654,1315,1687,1372,1717,1434,1735,1491,1735,1541,1711,1584,1676,1617,1630,1641,1578,1660,1524,1670,1471,1673,1419,1290,1296,1333,1272,1383,1272,1433,1287,1479,1306,1532,1324,1571,1320,1610,1322,1645,1334,1664,1363,1500,1358,1499,1388,1500,1417,1499,1449,1426,1490,1454,1499,1483,1509,1509,1509,1534,1507,1333,1332,1363,1318,1396,1324,1418,1356,1389,1352,1357,1344,1546,1380,1574,1357,1603,1361,1624,1386,1602,1389,1573,1386,1366,1574,1408,1548,1452,1541,1477,1551,1505,1550,1535,1568,1551,1606,1525,1619,1493,1626,1464,1624,1435,1616,1398,1598,1382,1574,1448,1569,1473,1575,1501,1578,1538,1600,1498,1596,1469,1593,1443,1587
1642,h,1,1,1176,1176,1711,1711,54.733333333333334,1191,1345,1184,1412,1182,1481,1190,1547,1215,1608,1262,1655,1319,1690,1375,1719,1436,1736,1494,1735,1542,1710,1586,1673,1619,1627,1643,1574,1661,1521,1671,1468,1675,1415,1288,1298,1330,1272,1382,1271,1433,1285,1479,1306,1530,1322,1570,1318,1611,1320,1648,1333,1668,1364,1499,1357,1499,1388,1499,1417,1500,1449,1425,1489,1454,1499,1483,1509,1509,1508,1534,1507,1332,1333,1363,1317,1396,1324,1419,1357,1389,1352,1357,1345,1545,1380,1574,1356,1604,1360,1625,1386,1603,1389,1573,1385,1364,1573,1407,1547,1452,1540,1477,1551,1505,1549,1536,1569,1552,1605,1526,1620,1493,1627,1463,1624,1435,1617,1397,1598,1379,1573,1447,1569,1473,1575,1501,1578,1539,1600,1498,1597,1469,1594,1443,1588
1643,h,1,1,1176,1176,1711,1711,54.766666666666666,1191,1345,1184,1412,1182,1481,1190,1547,1215,1608,1262,1655,1319,1690,1375,1719,1436,1736,1494,1735,1542,1710,1586,1673,1619,1627,1643,1574,1661,1521,1671,1468,1675,1415,1288,1298,1330,1272,1382,1271,1433,1285,1479,1306,1530,1322,1570,1318,1611,1320,1648,1333,1668,1364,1499,1357,1499,1388,1499,1417,1500,1449,1425,1489,1454,1499,1483,1509,1509,1508,1534,1507,1332,1333,1363,1317,1396,1324,1419,1357,1389,1352,1357,1345,1545,1380,1574,1356,1604,1360,1625,1386,1603,1389,1573,1385,1364,1573,1407,1547,1452,1540,1477,1551,1505,1549,1536,1569,1552,1605,1526,1620,1493,1627,1463,1624,1435,1617,1397,1598,1379,1573,1447,1569,1473,1575,1501,1578,1539,1600,1498,1597,1469,1594,1443,1588
1644,h,1,1,1176,1176,1711,1711,54.8,1199,1346,1192,1414,1191,1482,1198,1548,1222,1608,1268,1655,1322,1691,1377,1720,1439,1737,1495,1734,1544,1709,1587,1674,1619,1627,1642,1575,1660,1521,1671,1468,1676,1415,1292,1296,1335,1271,1385,1271,1434,1286,1477,1306,1530,1322,1569,1318,1608,1319,1645,1330,1664,1362,1498,1353,1498,1385,1499,1416,1500,1449,1426,1488,1455,1497,1483,1507,1510,1506,1535,1505,1334,1332,1364,1318,1395,1325,1417,1354,1388,1350,1358,1343,1545,1377,1573,1357,1603,1362,1623,1385,1601,1388,1572,1383,1366,1574,1408,1548,1452,1541,1477,1551,1505,1549,1535,1568,1553,1605,1525,1620,1493,1626,1463,1624,1435,1618,1398,1600,1382,1574,1448,1567,1473,1572,1501,1575,1539,1599,1498,1598,1469,1595,1443,1590
1645,h,1,1,1176,1176,1711,1711,54.833333333333336,1188,1343,1180,1411,1178,1482,1185,1549,1211,1611,1258,1661,1315,1697,1372,1729,1434,1747,1492,1742,1541,1711,1585,1673,1618,1624,1642,1572,1660,1518,1670,1463,1675,1411,1288,1297,1331,1272,1383,1272,1434,1286,1480,1307,1529,1322,1568,1318,1608,1319,1645,1330,1666,1359,1498,1355,1497,1386,1498,1417,1498,1450,1424,1489,1452,1498,1481,1508,1508,1507,1532,1504,1332,1332,1362,1317,1394,1323,1417,1354,1388,1350,1357,1343,1545,1377,1573,1355,1602,1359,1622,1384,1600,1386,1572,1382,1362,1576,1404,1548,1449,1540,1475,1551,1504,1549,1533,1567,1549,1605,1523,1622,1492,1630,1461,1629,1432,1622,1394,1603,1377,1575,1445,1568,1471,1573,1500,1576,1536,1599,1497,1600,1467,1598,1440,1592
1646,h,1,1,1176,1176,1711,1711,54.86666666666667,1188,1346,1180,1414,1178,1484,1187,1549,1212,1612,1258,1663,1314,1700,1371,1732,1433,1750,1489,1746,1536,1715,1578,1676,1610,1628,1636,1576,1656,1522,1666,1467,1670,1414,1285,1297,1329,1273,1381,1273,1433,1287,1480,1306,1530,1322,1570,1319,1609,1320,1645,1332,1665,1362,1498,1355,1498,1386,1499,1416,1499,1449,1424,1488,1452,1497,1480,1508,1507,1507,1532,1504,1332,1332,1362,1318,1394,1324,1417,1354,1387,1350,1356,1343,1544,1377,1573,1356,1603,1361,1622,1385,1601,1387,1572,1383,1361,1578,1403,1548,1449,1541,1474,1551,1504,1550,1534,1568,1548,1608,1524,1628,1491,1637,1460,1635,1432,1628,1392,1608,1377,1578,1444,1568,1471,1574,1499,1577,1535,1603,1496,1607,1466,1605,1439,1599
1647,h,1,1,1176,1176,1711,1711,54.9,1188,1346,1180,1414,1178,1484,1187,1549,1212,1612,1258,1663,1314,1700,1371,1732,1433,1750,1489,1746,1536,1715,1578,1676,1610,1628,1636,1576,1656,1522,1666,1467,1670,1414,1285,1297,1329,1273,1381,1273,1433,1287,1480,1306,1530,1322,1570,1319,1609,1320,1645,1332,1665,1362,1498,1355,1498,1386,1499,1416,1499,1449,1424,1488,1452,1497,1480,1508,1507,1507,1532,1504,1332,1332,1362,1318,1394,1324,1417,1354,1387,1350,1356,1343,1544,1377,1573,1356,1603,1361,1622,1385,1601,1387,1572,1383,1361,1578,1403,1548,1449,1541,1474,1551,1504,1550,1534,1568,1548,1608,1524,1628,1491,1637,1460,1635,1432,1628,1392,1608,1377,1578,1444,1568,1471,1574,1499,1577,1535,1603,1496,1607,1466,1605,1439,1599
1648,h,1,1,1176,1176,1711,1711,54.93333333333333,1188,1347,1181,1416,1180,1486,1188,1553,1216,1614,1262,1662,1317,1697,1373,1728,1433,1745,1489,1742,1534,1715,1576,1679,1609,1632,1636,1580,1657,1525,1668,1470,1673,1417,1284,1299,1327,1272,1380,1271,1432,1285,1478,1306,1531,1322,1571,1319,1611,1320,1648,1333,1668,1364,1500,1355,1500,1386,1500,1416,1501,1448,1425,1488,1454,1497,1482,1508,1509,1507,1533,1505,1331,1333,1361,1317,1394,1324,1417,1355,1387,1351,1355,1344,1545,1378,1574,1356,1604,1361,1624,1386,1602,1389,1573,1384,1365,1578,1407,1549,1451,1541,1476,1552,1504,1550,1534,1569,1549,1608,1523,1627,1491,1635,1461,1632,1434,1626,1396,1608,1382,1578,1447,1568,1472,1574,1499,1577,1535,1603,1496,1604,1468,1602,1442,1596
1649,h,1,1,1176,1176,1711,1711,54.96666666666667,1189,1349,1181,1416,1178,1484,1185,1550,1210,1611,1255,1659,1312,1694,1368,1723,1430,1740,1487,1738,1536,1712,1581,1676,1613,1628,1637,1576,1656,1521,1666,1468,1671,1417,1286,1296,1330,1270,1382,1270,1434,1283,1481,1302,1528,1317,1570,1315,1610,1317,1647,1328,1666,1358,1499,1354,1498,1385,1498,1414,1498,1447,1424,1488,1452,1497,1481,1506,1508,1506,1533,1504,1332,1331,1362,1318,1394,1324,1417,1354,1388,1350,1356,1343,1545,1376,1573,1356,1602,1360,1621,1383,1600,1386,1572,1382,1364,1574,1406,1548,1450,1540,1475,1551,1504,1548,1534,1567,1551,1603,1524,1617,1491,1624,1461,1622,1434,1615,1396,1599,1379,1573,1446,1568,1472,1574,1499,1577,1539,1597,1496,1594,1467,1592,1441,1586
1650,h,1,1,1176,1176,1711,1711,55.0,1190,1345,1181,1412,1179,1481,1185,1546,1209,1608,1255,1658,1313,1694,1371,1725,1434,1742,1492,1739,1540,1710,1583,1672,1614,1625,1637,1572,1654,1517,1663,1462,1667,1409,1284,1298,1326,1272,1378,1271,1430,1285,1476,1303,1528,1317,1569,1316,1609,1319,1644,1333,1660,1366,1496,1353,1497,1384,1497,1414,1498,1447,1424,1487,1452,1496,1481,1506,1507,1505,1531,1503,1331,1331,1361,1318,1392,1325,1415,1353,1386,1349,1355,1342,1543,1376,1571,1357,1600,1361,1619,1384,1598,1386,1570,1382,1364,1572,1406,1546,1450,1540,1475,1551,1503,1548,1533,1566,1550,1601,1523,1614,1492,1620,1462,1618,1434,1612,1396,1595,1379,1571,1446,1567,1471,1573,1499,1576,1537,1595,1496,1591,1467,1588,1441,1582
1651,h,1,1,1176,1176,1711,1711,55.03333333333333,1190,1345,1181,1412,1179,1481,1185,1546,1209,1608,1255,1658,1313,1694,1371,1725,1434,1742,1492,1739,1540,1710,1583,1672,1614,1625,1637,1572,1654,1517,1663,1462,1667,1409,1284,1298,1326,1272,1378,1271,1430,1285,1476,1303,1528,1317,1569,1316,1609,1319,1644,1333,1660,1366,1496,1353,1497,1384,1497,1414,1498,1447,1424,1487,1452,1496,1481,1506,1507,1505,1531,1503,1331,1331,1361,1318,1392,1325,1415,1353,1386,1349,1355,1342,1543,1376,1571,1357,1600,1361,1619,1384,1598,1386,1570,1382,1364,1572,1406,1546,1450,1540,1475,1551,1503,1548,1533,1566,1550,1601,1523,1614,1492,1620,1462,1618,1434,1612,1396,1595,1379,1571,1446,1567,1471,1573,1499,1576,1537,1595,1496,1591,1467,1588,1441,1582
1652,h,1,1,1176,1176,1711,1711,55.06666666666667,1194,1342,1186,1409,1185,1478,1192,1543,1217,1605,1261,1653,1316,1688,1372,1719,1432,1735,1487,1734,1535,1708,1578,1672,1611,1625,1636,1573,1655,1520,1666,1465,1670,1411,1284,1297,1325,1271,1375,1271,1425,1284,1470,1302,1527,1318,1567,1317,1606,1319,1642,1333,1660,1364,1494,1350,1493,1383,1494,1414,1494,1448,1422,1487,1450,1496,1478,1506,1504,1506,1529,1504,1329,1331,1359,1318,1391,1324,1415,1354,1385,1350,1354,1343,1541,1376,1569,1356,1598,1360,1618,1383,1596,1386,1568,1382,1362,1572,1404,1546,1446,1539,1473,1549,1502,1547,1531,1565,1548,1600,1522,1614,1491,1621,1460,1620,1431,1613,1395,1596,1378,1572,1442,1567,1469,1573,1498,1575,1535,1595,1495,1591,1466,1589,1438,1583
1653,h,1,1,1228,1228,1673,1673,55.1,1196,1348,1191,1416,1192,1484,1199,1548,1222,1609,1264,1657,1318,1691,1374,1719,1436,1734,1493,1732,1540,1706,1582,1671,1613,1626,1635,1575,1652,1523,1664,1470,1668,1417,1283,1297,1325,1271,1376,1269,1426,1282,1471,1302,1528,1318,1568,1315,1608,1318,1644,1332,1662,1364,1495,1352,1494,1383,1494,1414,1494,1447,1423,1487,1450,1496,1477,1505,1503,1505,1527,1504,1329,1331,1360,1316,1392,1323,1415,1354,1385,1350,1354,1343,1539,1377,1568,1355,1598,1359,1619,1384,1597,1387,1567,1383,1361,1572,1404,1546,1447,1540,1472,1550,1501,1548,1530,1566,1547,1600,1521,1616,1489,1623,1459,1621,1431,1614,1394,1597,1376,1572,1442,1567,1469,1572,1497,1574,1534,1595,1494,1592,1465,1590,1438,1584
1654,h,1,1,1228,1228,1673,1673,55.13333333333333,1190,1350,1184,1417,1184,1485,1191,1550,1215,1610,1258,1658,1313,1691,1370,1719,1431,1733,1489,1732,1537,1707,1578,1673,1609,1628,1632,1578,1649,1526,1661,1473,1666,1421,1280,1297,1322,1271,1373,1268,1424,1280,1470,1299,1527,1314,1568,1312,1609,1315,1646,1330,1664,1364,1493,1351,1493,1383,1493,1414,1493,1447,1421,1487,1449,1496,1476,1505,1502,1504,1526,1503,1327,1332,1357,1316,1390,1323,1413,1354,1383,1350,1351,1343,1539,1376,1568,1355,1598,1358,1619,1383,1596,1386,1566,1382,1362,1571,1405,1547,1447,1541,1472,1551,1498,1548,1527,1565,1544,1598,1518,1614,1487,1620,1460,1619,1432,1612,1395,1596,1376,1571,1443,1567,1468,1572,1494,1574,1532,1593,1492,1591,1465,1589,1439,1583
1655,h,1,1,1228,1228,1673,1673,55.166666666666664,1190,1350,1184,1417,1184,1485,1191,1550,1215,1610,1258,1658,1313,1691,1370,1719,1431,1733,1489,1732,1537,1707,1578,1673,1609,1628,1632,1578,1649,1526,1661,1473,1666,1421,1280,1297,1322,1271,1373,1268,1424,1280,1470,1299,1527,1314,1568,1312,1609,1315,1646,1330,1664,1364,1493,1351,1493,1383,1493,1414,1493,1447,1421,1487,1449,1496,1476,1505,1502,1504,1526,1503,1327,1332,1357,1316,1390,1323,1413,1354,1383,1350,1351,1343,1539,1376,1568,1355,1598,1358,1619,1383,1596,1386,1566,1382,1362,1571,1405,1547,1447,1541,1472,1551,1498,1548,1527,1565,1544,1598,1518,1614,1487,1620,1460,1619,1432,1612,1395,1596,1376,1571,1443,1567,1468,1572,1494,1574,1532,1593,1492,1591,1465,1589,1439,1583
1656,h,1,1,1228,1228,1673,1673,55.2,1191,1348,1185,1414,1185,1480,1191,1544,1214,1605,1256,1654,1311,1689,1369,1718,1431,1733,1488,1731,1536,1707,1577,1672,1608,1627,1630,1576,1647,1523,1658,1469,1662,1416,1281,1298,1322,1272,1373,1270,1423,1283,1468,1302,1524,1318,1564,1314,1604,1317,1641,1331,1659,1363,1491,1350,1491,1382,1492,1413,1493,1447,1421,1486,1448,1496,1476,1505,1502,1504,1526,1502,1327,1332,1358,1317,1390,1323,1413,1353,1383,1350,1352,1343,1537,1375,1566,1354,1595,1358,1615,1382,1593,1385,1564,1381,1362,1571,1404,1547,1447,1541,1472,1551,1499,1548,1528,1565,1545,1598,1519,1614,1488,1621,1460,1619,1432,1612,1395,1595,1378,1571,1442,1567,1468,1573,1495,1575,1533,1593,1492,1592,1465,1589,1439,1584
1657,h,1,1,1228,1228,1673,1673,55.233333333333334,1193,1341,1186,1408,1186,1476,1193,1541,1217,1602,1260,1652,1314,1688,1370,1717,1431,1732,1489,1730,1536,1704,1578,1668,1609,1622,1631,1570,1649,1517,1660,1462,1664,1408,1282,1297,1324,1272,1375,1270,1425,1284,1470,1303,1523,1318,1563,1315,1603,1317,1638,1332,1655,1364,1491,1351,1490,1383,1491,1414,1491,1448,1420,1487,1447,1496,1475,1505,1501,1504,1525,1502,1328,1334,1359,1323,1390,1329,1413,1355,1384,1352,1354,1346,1535,1378,1564,1361,1592,1365,1612,1385,1590,1388,1562,1384,1362,1571,1404,1547,1446,1541,1471,1551,1498,1549,1526,1565,1544,1597,1517,1614,1487,1621,1458,1619,1431,1612,1394,1596,1377,1571,1442,1568,1467,1573,1494,1575,1532,1593,1491,1591,1464,1589,1438,1583
1658,h,1,1,1228,1228,1673,1673,55.266666666666666,1193,1341,1186,1408,1186,1476,1193,1541,1217,1602,1260,1652,1314,1688,1370,1717,1431,1732,1489,1730,1536,1704,1578,1668,1609,1622,1631,1570,1649,1517,1660,1462,1664,1408,1282,1297,1324,1272,1375,1270,1425,1284,1470,1303,1523,1318,1563,1315,1603,1317,1638,1332,1655,1364,1491,1351,1490,1383,1491,1414,1491,1448,1420,1487,1447,1496,1475,1505,1501,1504,1525,1502,1328,1334,1359,1323,1390,1329,1413,1355,1384,1352,1354,1346,1535,1378,1564,1361,1592,1365,1612,1385,1590,1388,1562,1384,1362,1571,1404,1547,1446,1541,1471,1551,1498,1549,1526,1565,1544,1597,1517,1614,1487,1621,1458,1619,1431,1612,1394,1596,1377,1571,1442,1568,1467,1573,1494,1575,1532,1593,1491,1591,1464,1589,1438,1583
1659,h,1,1,1176,1176,1711,1711,55.3,1193,1335,1184,1403,1183,1472,1190,1539,1215,1600,1260,1648,1314,1683,1370,1713,1432,1729,1488,1727,1537,1700,1581,1663,1613,1616,1636,1564,1654,1510,1664,1456,1667,1402,1284,1293,1326,1269,1376,1270,1425,1283,1469,1302,1522,1318,1561,1314,1601,1316,1636,1329,1655,1360,1490,1350,1489,1382,1489,1412,1489,1445,1419,1487,1446,1496,1474,1506,1500,1505,1524,1502,1329,1334,1361,1324,1392,1330,1414,1355,1385,1352,1354,1345,1537,1377,1565,1361,1594,1365,1614,1385,1592,1388,1564,1384,1363,1570,1405,1547,1447,1541,1471,1551,1498,1548,1527,1565,1546,1596,1517,1609,1486,1615,1458,1614,1432,1607,1396,1592,1378,1569,1443,1567,1467,1572,1494,1574,1534,1591,1491,1586,1463,1584,1438,1578
1660,h,1,1,1176,1176,1711,1711,55.333333333333336,1196,1338,1190,1405,1190,1472,1199,1536,1223,1597,1265,1644,1317,1679,1372,1706,1433,1722,1489,1720,1538,1697,1580,1662,1612,1616,1635,1565,1652,1512,1662,1458,1666,1405,1283,1291,1325,1269,1375,1269,1424,1284,1466,1303,1521,1318,1561,1314,1599,1316,1635,1329,1653,1359,1490,1349,1489,1380,1489,1410,1489,1444,1419,1486,1446,1494,1473,1503,1500,1502,1524,1501,1327,1331,1358,1321,1389,1327,1412,1353,1383,1350,1352,1343,1536,1375,1565,1358,1594,1362,1615,1382,1592,1385,1564,1381,1364,1565,1409,1546,1449,1540,1470,1550,1495,1547,1524,1564,1544,1591,1515,1601,1485,1605,1459,1603,1434,1597,1400,1584,1379,1565,1444,1565,1467,1571,1492,1573,1532,1586,1489,1577,1464,1574,1441,1569
1661,h,1,1,1176,1176,1711,1711,55.36666666666667,1189,1342,1181,1410,1179,1478,1188,1544,1214,1604,1259,1651,1314,1685,1372,1711,1433,1726,1490,1723,1540,1699,1582,1664,1614,1618,1638,1568,1655,1514,1663,1461,1665,1408,1282,1292,1324,1267,1374,1267,1422,1282,1466,1302,1521,1316,1560,1313,1599,1314,1634,1326,1652,1357,1490,1348,1490,1379,1490,1408,1490,1442,1418,1485,1446,1493,1474,1502,1500,1501,1525,1500,1326,1330,1357,1319,1388,1326,1411,1352,1382,1348,1351,1341,1536,1373,1564,1356,1592,1360,1613,1380,1591,1382,1563,1379,1364,1563,1409,1544,1449,1537,1471,1548,1495,1544,1523,1561,1544,1589,1514,1598,1485,1603,1460,1601,1435,1595,1400,1582,1378,1563,1445,1564,1468,1569,1492,1571,1532,1584,1489,1573,1465,1571,1441,1566
1662,h,1,1,1176,1176,1711,1711,55.4,1189,1342,1181,1410,1179,1478,1188,1544,1214,1604,1259,1651,1314,1685,1372,1711,1433,1726,1490,1723,1540,1699,1582,1664,1614,1618,1638,1568,1655,1514,1663,1461,1665,1408,1282,1292,1324,1267,1374,1267,1422,1282,1466,1302,1521,1316,1560,1313,1599,1314,1634,1326,1652,1357,1490,1348,1490,1379,1490,1408,1490,1442,1418,1485,1446,1493,1474,1502,1500,1501,1525,1500,1326,1330,1357,1319,1388,1326,1411,1352,1382,1348,1351,1341,1536,1373,1564,1356,1592,1360,1613,1380,1591,1382,1563,1379,1364,1563,1409,1544,1449,1537,1471,1548,1495,1544,1523,1561,1544,1589,1514,1598,1485,1603,1460,1601,1435,1595,1400,1582,1378,1563,1445,1564,1468,1569,1492,1571,1532,1584,1489,1573,1465,1571,1441,1566
1663,h,1,1,1176,1176,1711,1711,55.43333333333333,1194,1336,1184,1402,1180,1470,1186,1536,1209,1598,1253,1646,1309,1681,1369,1709,1433,1724,1491,1722,1541,1697,1584,1660,1615,1613,1637,1562,1654,1508,1663,1455,1665,1404,1284,1292,1326,1269,1374,1269,1421,1283,1464,1303,1523,1318,1561,1314,1599,1315,1633,1326,1651,1356,1489,1346,1489,1378,1489,1408,1489,1442,1416,1483,1444,1491,1472,1501,1499,1500,1525,1498,1328,1328,1357,1318,1386,1324,1409,1349,1380,1345,1351,1338,1537,1371,1564,1354,1591,1358,1612,1378,1590,1380,1563,1376,1360,1562,1403,1542,1443,1536,1468,1546,1495,1543,1524,1559,1544,1589,1516,1598,1485,1604,1457,1603,1430,1596,1395,1583,1375,1562,1440,1562,1465,1568,1491,1569,1532,1584,1489,1574,1462,1574,1436,1568
1664,h,1,1,1176,1176,1711,1711,55.46666666666667,1190,1344,1185,1409,1185,1475,1192,1541,1216,1601,1261,1648,1315,1683,1371,1711,1434,1727,1492,1724,1543,1698,1586,1663,1618,1618,1640,1568,1658,1516,1668,1464,1672,1410,1281,1291,1322,1268,1371,1268,1419,1282,1464,1302,1520,1316,1559,1311,1600,1312,1638,1323,1660,1352,1487,1349,1487,1379,1487,1409,1486,1442,1415,1485,1443,1493,1471,1502,1498,1501,1524,1500,1323,1330,1354,1318,1385,1324,1409,1353,1379,1348,1348,1341,1537,1374,1565,1355,1594,1359,1616,1381,1593,1383,1564,1379,1357,1565,1398,1541,1441,1534,1466,1544,1493,1541,1524,1558,1544,1589,1517,1605,1484,1614,1456,1613,1427,1606,1390,1589,1372,1565,1437,1563,1463,1568,1490,1570,1531,1584,1488,1582,1460,1581,1434,1575
1665,h,1,1,1176,1176,1711,1711,55.5,1191,1343,1185,1411,1185,1478,1194,1544,1221,1604,1265,1650,1319,1684,1373,1712,1432,1729,1488,1728,1537,1702,1580,1667,1614,1622,1638,1571,1656,1517,1666,1463,1669,1408,1282,1294,1321,1268,1370,1268,1418,1281,1462,1300,1520,1315,1559,1311,1599,1312,1635,1326,1655,1358,1487,1348,1486,1379,1486,1408,1485,1441,1414,1484,1442,1492,1471,1501,1497,1501,1523,1500,1324,1329,1355,1317,1385,1323,1408,1352,1379,1347,1348,1339,1536,1374,1564,1355,1593,1359,1615,1381,1592,1382,1563,1379,1356,1563,1395,1539,1438,1533,1465,1543,1493,1540,1525,1558,1545,1592,1516,1610,1483,1619,1453,1617,1424,1610,1386,1590,1371,1563,1434,1560,1462,1565,1490,1567,1531,1587,1487,1587,1458,1585,1430,1579
1666,h,1,1,1176,1176,1711,1711,55.53333333333333,1191,1343,1185,1411,1185,1478,1194,1544,1221,1604,1265,1650,1319,1684,1373,1712,1432,1729,1488,1728,1537,1702,1580,1667,1614,1622,1638,1571,1656,1517,1666,1463,1669,1408,1282,1294,1321,1268,1370,1268,1418,1281,1462,1300,1520,1315,1559,1311,1599,1312,1635,1326,1655,1358,1487,1348,1486,1379,1486,1408,1485,1441,1414,1484,1442,1492,1471,1501,1497,1501,1523,1500,1324,1329,1355,1317,1385,1323,1408,1352,1379,1347,1348,1339,1536,1374,1564,1355,1593,1359,1615,1381,1592,1382,1563,1379,1356,1563,1395,1539,1438,1533,1465,1543,1493,1540,1525,1558,1545,1592,1516,1610,1483,1619,1453,1617,1424,1610,1386,1590,1371,1563,1434,1560,1462,1565,1490,1567,1531,1587,1487,1587,1458,1585,1430,1579
1667,h,1,1,1176,1176,1711,1711,55.56666666666667,1192,1341,1185,1408,1185,1475,1193,1540,1216,1601,1259,1648,1313,1681,1368,1710,1428,1727,1484,1726,1535,1702,1579,1668,1614,1622,1637,1570,1655,1517,1665,1462,1668,1407,1280,1294,1321,1269,1369,1267,1418,1281,1461,1301,1521,1318,1560,1313,1600,1313,1637,1327,1658,1358,1486,1348,1486,1380,1486,1409,1485,1442,1413,1483,1441,1492,1469,1502,1496,1501,1522,1500,1324,1330,1354,1317,1385,1323,1408,1353,1378,1347,1348,1340,1535,1375,1563,1355,1593,1359,1615,1381,1592,1383,1562,1380,1354,1565,1394,1539,1437,1532,1463,1541,1492,1540,1523,1557,1541,1593,1514,1610,1482,1619,1452,1617,1423,1610,1385,1592,1369,1565,1433,1560,1460,1565,1488,1567,1528,1588,1486,1587,1457,1586,1429,1580
1668,h,1,1,1228,1228,1673,1673,55.6,1191,1341,1186,1407,1186,1473,1192,1538,1214,1599,1255,1647,1308,1681,1364,1709,1425,1725,1483,1723,1533,1698,1578,1664,1611,1620,1633,1569,1651,1516,1661,1463,1666,1409,1277,1294,1317,1268,1367,1266,1416,1279,1461,1298,1521,1314,1561,1311,1601,1312,1637,1325,1656,1357,1486,1347,1485,1379,1484,1409,1483,1443,1413,1483,1440,1491,1468,1500,1495,1500,1519,1499,1323,1329,1353,1315,1384,1322,1408,1351,1377,1346,1347,1339,1533,1373,1561,1352,1591,1356,1612,1379,1589,1382,1560,1378,1354,1565,1393,1539,1436,1532,1462,1542,1490,1540,1521,1557,1539,1593,1512,1609,1479,1617,1450,1616,1421,1609,1384,1591,1368,1565,1432,1559,1459,1564,1487,1566,1527,1587,1484,1586,1456,1585,1428,1579
1669,h,1,1,1228,1228,1673,1673,55.63333333333333,1188,1347,1184,1413,1185,1478,1192,1542,1215,1602,1256,1649,1309,1683,1364,1711,1425,1727,1482,1725,1532,1702,1576,1669,1609,1625,1632,1574,1650,1521,1660,1467,1665,1412,1273,1296,1314,1269,1365,1266,1415,1278,1461,1297,1517,1312,1558,1309,1600,1312,1637,1327,1656,1361,1484,1346,1483,1378,1483,1409,1482,1443,1412,1484,1439,1491,1467,1501,1494,1500,1519,1500,1320,1329,1351,1315,1382,1321,1407,1351,1376,1346,1345,1339,1531,1374,1561,1352,1591,1356,1612,1380,1589,1383,1559,1379,1354,1565,1394,1539,1437,1532,1462,1543,1490,1540,1520,1558,1539,1593,1511,1609,1479,1617,1450,1615,1422,1608,1384,1590,1369,1565,1433,1560,1459,1565,1486,1568,1526,1588,1483,1585,1456,1584,1429,1578
1670,h,1,1,1228,1228,1673,1673,55.666666666666664,1188,1347,1184,1413,1185,1478,1192,1542,1215,1602,1256,1649,1309,1683,1364,1711,1425,1727,1482,1725,1532,1702,1576,1669,1609,1625,1632,1574,1650,1521,1660,1467,1665,1412,1273,1296,1314,1269,1365,1266,1415,1278,1461,1297,1517,1312,1558,1309,1600,1312,1637,1327,1656,1361,1484,1346,1483,1378,1483,1409,1482,1443,1412,1484,1439,1491,1467,1501,1494,1500,1519,1500,1320,1329,1351,1315,1382,1321,1407,1351,1376,1346,1345,1339,1531,1374,1561,1352,1591,1356,1612,1380,1589,1383,1559,1379,1354,1565,1394,1539,1437,1532,1462,1543,1490,1540,1520,1558,1539,1593,1511,1609,1479,1617,1450,1615,1422,1608,1384,1590,1369,1565,1433,1560,1459,1565,1486,1568,1526,1588,1483,1585,1456,1584,1429,1578
1671,h,1,1,1228,1228,1673,1673,55.7,1186,1350,1181,1416,1181,1482,1189,1546,1212,1605,1254,1652,1308,1686,1364,1713,1425,1729,1482,1726,1530,1701,1574,1669,1607,1624,1630,1572,1648,1520,1659,1467,1664,1413,1270,1295,1311,1268,1361,1264,1411,1277,1457,1295,1518,1311,1558,1308,1600,1311,1636,1325,1655,1359,1482,1345,1481,1377,1480,1408,1479,1442,1409,1482,1436,1491,1464,1500,1491,1500,1517,1499,1316,1329,1346,1314,1378,1320,1403,1351,1372,1346,1340,1339,1530,1373,1559,1351,1589,1356,1612,1379,1588,1382,1558,1378,1352,1565,1391,1539,1434,1531,1460,1542,1489,1540,1519,1558,1538,1593,1510,1609,1478,1617,1449,1615,1420,1608,1382,1590,1367,1564,1430,1559,1457,1565,1485,1567,1525,1588,1483,1586,1454,1584,1427,1578
1672,h,1,1,1228,1228,1673,1673,55.733333333333334,1185,1347,1181,1414,1182,1480,1190,1543,1212,1603,1253,1651,1305,1686,1359,1714,1421,1728,1480,1726,1531,1701,1575,1667,1607,1622,1629,1570,1646,1518,1658,1464,1663,1410,1268,1295,1308,1268,1358,1263,1409,1275,1455,1292,1512,1307,1555,1306,1597,1309,1635,1325,1654,1359,1478,1343,1477,1375,1477,1406,1476,1440,1407,1481,1434,1489,1462,1499,1489,1498,1514,1497,1314,1328,1344,1313,1376,1319,1401,1349,1370,1344,1339,1338,1528,1371,1557,1350,1587,1354,1610,1378,1586,1381,1555,1376,1349,1564,1388,1538,1432,1531,1458,1541,1486,1539,1517,1556,1536,1592,1508,1607,1475,1616,1446,1614,1417,1607,1379,1590,1364,1564,1428,1557,1455,1563,1483,1565,1523,1587,1479,1585,1451,1584,1424,1578
1673,h,1,1,1228,1228,1673,1673,55.766666666666666,1185,1347,1181,1414,1182,1480,1190,1543,1212,1603,1253,1651,1305,1686,1359,1714,1421,1728,1480,1726,1531,1701,1575,1667,1607,1622,1629,1570,1646,1518,1658,1464,1663,1410,1268,1295,1308,1268,1358,1263,1409,1275,1455,1292,1512,1307,1555,1306,1597,1309,1635,1325,1654,1359,1478,1343,1477,1375,1477,1406,1476,1440,1407,1481,1434,1489,1462,1499,1489,1498,1514,1497,1314,1328,1344,1313,1376,1319,1401,1349,1370,1344,1339,1338,1528,1371,1557,1350,1587,1354,1610,1378,1586,1381,1555,1376,1349,1564,1388,1538,1432,1531,1458,1541,1486,1539,1517,1556,1536,1592,1508,1607,1475,1616,1446,1614,1417,1607,1379,1590,1364,1564,1428,1557,1455,1563,1483,1565,1523,1587,1479,1585,1451,1584,1424,1578
1674,h,1,1,1228,1228,1673,1673,55.8,1181,1343,1176,1409,1177,1475,1184,1540,1205,1601,1247,1650,1301,1686,1358,1716,1421,1731,1480,1728,1532,1703,1577,1668,1609,1622,1631,1570,1648,1517,1659,1463,1664,1409,1266,1293,1306,1266,1357,1263,1407,1275,1453,1292,1513,1307,1555,1305,1597,1308,1635,1323,1654,1357,1477,1342,1476,1374,1476,1405,1475,1439,1406,1480,1433,1487,1461,1497,1487,1496,1513,1495,1312,1327,1342,1312,1375,1318,1400,1349,1368,1344,1337,1337,1526,1370,1556,1349,1586,1353,1608,1377,1584,1379,1554,1375,1347,1563,1387,1537,1431,1529,1457,1539,1485,1537,1515,1555,1534,1591,1506,1607,1474,1615,1444,1613,1416,1607,1378,1590,1362,1563,1426,1557,1453,1562,1481,1564,1521,1586,1478,1583,1450,1582,1423,1576
1675,h,1,1,1228,1228,1673,1673,55.833333333333336,1186,1340,1181,1405,1183,1471,1189,1535,1211,1595,1251,1644,1303,1681,1360,1710,1422,1726,1482,1722,1532,1696,1576,1662,1609,1617,1630,1565,1647,1512,1658,1459,1662,1406,1265,1292,1305,1264,1355,1260,1405,1272,1452,1290,1512,1305,1554,1303,1596,1305,1633,1320,1652,1354,1478,1341,1477,1372,1477,1402,1476,1435,1405,1477,1433,1485,1461,1495,1488,1494,1513,1493,1312,1326,1343,1311,1375,1318,1400,1347,1369,1344,1337,1337,1527,1369,1556,1348,1587,1352,1609,1376,1585,1378,1555,1375,1348,1561,1387,1534,1430,1527,1457,1537,1485,1535,1515,1553,1534,1589,1506,1606,1474,1614,1444,1613,1415,1606,1378,1587,1363,1561,1426,1555,1453,1561,1481,1563,1521,1584,1478,1583,1450,1581,1422,1575
1676,h,1,1,1176,1176,1711,1711,55.86666666666667,1182,1345,1176,1412,1177,1478,1185,1542,1210,1601,1254,1647,1307,1680,1362,1707,1421,1722,1478,1719,1529,1695,1573,1661,1607,1616,1631,1565,1650,1512,1660,1458,1664,1405,1265,1290,1305,1262,1354,1259,1404,1271,1450,1289,1513,1305,1554,1302,1595,1304,1631,1318,1651,1350,1477,1338,1476,1369,1475,1399,1475,1432,1404,1475,1432,1483,1461,1492,1488,1492,1514,1491,1311,1323,1341,1309,1373,1316,1397,1345,1367,1339,1335,1333,1528,1367,1556,1347,1586,1351,1608,1375,1584,1375,1555,1372,1347,1559,1386,1531,1428,1524,1455,1535,1485,1533,1515,1551,1535,1587,1506,1601,1473,1608,1442,1606,1412,1599,1376,1584,1362,1558,1424,1552,1452,1558,1480,1561,1521,1582,1477,1578,1448,1576,1420,1570
1677,h,1,1,1176,1176,1711,1711,55.9,1182,1345,1176,1412,1177,1478,1185,1542,1210,1601,1254,1647,1307,1680,1362,1707,1421,1722,1478,1719,1529,1695,1573,1661,1607,1616,1631,1565,1650,1512,1660,1458,1664,1405,1265,1290,1305,1262,1354,1259,1404,1271,1450,1289,1513,1305,1554,1302,1595,1304,1631,1318,1651,1350,1477,1338,1476,1369,1475,1399,1475,1432,1404,1475,1432,1483,1461,1492,1488,1492,1514,1491,1311,1323,1341,1309,1373,1316,1397,1345,1367,1339,1335,1333,1528,1367,1556,1347,1586,1351,1608,1375,1584,1375,1555,1372,1347,1559,1386,1531,1428,1524,1455,1535,1485,1533,1515,1551,1535,1587,1506,1601,1473,1608,1442,1606,1412,1599,1376,1584,1362,1558,1424,1552,1452,1558,1480,1561,1521,1582,1477,1578,1448,1576,1420,1570
1678,h,1,1,1228,1228,1673,1673,55.93333333333333,1186,1341,1183,1407,1185,1472,1192,1536,1214,1595,1254,1642,1307,1678,1362,1706,1425,1720,1483,1718,1534,1695,1577,1661,1609,1616,1631,1564,1647,1512,1657,1457,1662,1404,1264,1291,1303,1261,1353,1256,1404,1267,1450,1284,1511,1299,1554,1297,1597,1301,1634,1319,1652,1355,1475,1335,1475,1367,1475,1398,1475,1431,1403,1473,1431,1480,1460,1490,1487,1489,1513,1489,1310,1322,1340,1307,1373,1313,1398,1343,1367,1339,1335,1333,1525,1365,1555,1344,1586,1348,1608,1373,1584,1375,1553,1371,1346,1559,1386,1531,1429,1524,1456,1535,1485,1532,1515,1550,1535,1587,1507,1601,1475,1608,1444,1606,1415,1599,1377,1582,1362,1558,1424,1552,1453,1558,1481,1559,1522,1582,1479,1576,1450,1574,1421,1568
1679,h,1,1,1228,1228,1673,1673,55.96666666666667,1183,1346,1180,1410,1183,1472,1190,1535,1211,1593,1251,1639,1305,1673,1360,1700,1423,1716,1483,1715,1534,1694,1577,1661,1608,1615,1629,1564,1647,1513,1658,1460,1662,1407,1262,1289,1301,1261,1351,1256,1402,1267,1448,1285,1509,1300,1552,1298,1594,1302,1632,1319,1650,1355,1474,1333,1473,1365,1473,1395,1473,1428,1403,1472,1431,1479,1459,1489,1486,1488,1511,1487,1308,1322,1338,1306,1370,1312,1396,1342,1365,1338,1333,1332,1524,1364,1554,1344,1585,1348,1607,1373,1582,1375,1552,1370,1345,1557,1387,1530,1428,1522,1456,1533,1484,1531,1514,1549,1535,1586,1506,1599,1474,1605,1444,1603,1414,1596,1378,1580,1361,1556,1424,1550,1452,1556,1480,1558,1521,1580,1478,1573,1449,1571,1421,1565
1680,h,1,1,1176,1176,1711,1711,56.0,1183,1340,1176,1408,1175,1474,1181,1538,1204,1598,1248,1645,1303,1678,1359,1705,1419,1721,1475,1720,1525,1698,1571,1664,1606,1619,1631,1567,1648,1513,1659,1457,1661,1403,1270,1287,1308,1260,1356,1256,1405,1268,1449,1285,1513,1302,1553,1299,1594,1301,1630,1315,1648,1350,1476,1334,1475,1365,1474,1395,1473,1427,1403,1471,1432,1480,1461,1489,1488,1489,1514,1487,1311,1321,1341,1306,1373,1313,1398,1342,1367,1337,1335,1330,1527,1365,1556,1344,1586,1349,1607,1372,1584,1374,1554,1370,1348,1555,1388,1529,1431,1522,1457,1532,1485,1530,1514,1548,1534,1585,1505,1599,1473,1605,1443,1602,1415,1596,1378,1580,1363,1554,1426,1549,1453,1555,1481,1557,1520,1579,1478,1575,1449,1572,1422,1567
1681,h,1,1,1176,1176,1711,1711,56.03333333333333,1183,1340,1176,1408,1175,1474,1181,1538,1204,1598,1248,1645,1303,1678,1359,1705,1419,1721,1475,1720,1525,1698,1571,1664,1606,1619,1631,1567,1648,1513,1659,1457,1661,1403,1270,1287,1308,1260,1356,1256,1405,1268,1449,1285,1513,1302,1553,1299,1594,1301,1630,1315,1648,1350,1476,1334,1475,1365,1474,1395,1473,1427,1403,1471,1432,1480,1461,1489,1488,1489,1514,1487,1311,1321,1341,1306,1373,1313,1398,1342,1367,1337,1335,1330,1527,1365,1556,1344,1586,1349,1607,1372,1584,1374,1554,1370,1348,1555,1388,1529,1431,1522,1457,1532,1485,1530,1514,1548,1534,1585,1505,1599,1473,1605,1443,1602,1415,1596,1378,1580,1363,1554,1426,1549,1453,1555,1481,1557,1520,1579,1478,1575,1449,1572,1422,1567
1682,h,1,1,1228,1228,1673,1673,56.06666666666667,1186,1340,1182,1405,1183,1470,1189,1532,1211,1591,1251,1638,1304,1672,1359,1699,1420,1715,1478,1714,1528,1693,1572,1661,1605,1616,1628,1566,1646,1514,1657,1459,1661,1405,1269,1289,1308,1261,1358,1257,1408,1268,1454,1286,1509,1301,1551,1299,1594,1304,1630,1321,1648,1357,1477,1334,1476,1366,1476,1397,1476,1430,1407,1472,1434,1480,1461,1488,1488,1488,1512,1487,1313,1321,1343,1307,1375,1313,1399,1343,1369,1338,1337,1331,1526,1364,1555,1344,1585,1348,1606,1372,1583,1374,1553,1370,1348,1557,1388,1530,1429,1522,1456,1533,1484,1531,1513,1549,1533,1585,1505,1597,1473,1603,1444,1602,1415,1595,1379,1580,1363,1557,1425,1548,1452,1554,1480,1556,1521,1579,1477,1573,1449,1572,1421,1566
1683,h,1,1,1228,1228,1673,1673,56.1,1184,1347,1180,1412,1182,1476,1189,1538,1211,1596,1252,1642,1305,1674,1361,1700,1422,1715,1480,1714,1531,1693,1575,1661,1607,1616,1629,1566,1646,1515,1656,1462,1661,1409,1268,1291,1308,1263,1357,1258,1407,1269,1453,1286,1511,1302,1552,1300,1593,1304,1630,1321,1648,1356,1476,1335,1476,1366,1476,1397,1477,1430,1408,1472,1434,1480,1462,1489,1488,1488,1512,1487,1310,1324,1341,1309,1372,1315,1397,1344,1366,1340,1335,1333,1526,1366,1555,1345,1585,1350,1607,1374,1583,1376,1553,1372,1348,1558,1389,1531,1430,1523,1457,1533,1485,1531,1514,1550,1533,1585,1504,1598,1473,1604,1444,1602,1415,1595,1380,1580,1363,1558,1426,1549,1453,1555,1481,1557,1520,1580,1478,1574,1449,1573,1422,1567
1684,h,1,1,1228,1228,1673,1673,56.13333333333333,1182,1347,1179,1413,1181,1478,1189,1541,1212,1599,1253,1645,1307,1678,1363,1703,1425,1717,1483,1715,1533,1693,1577,1660,1608,1615,1629,1564,1646,1513,1657,1459,1660,1406,1265,1294,1305,1265,1356,1260,1407,1270,1454,1288,1511,1303,1553,1300,1596,1304,1633,1320,1651,1356,1477,1336,1477,1367,1477,1398,1478,1431,1407,1473,1435,1481,1463,1490,1490,1489,1515,1488,1310,1326,1340,1311,1372,1317,1398,1346,1367,1342,1335,1336,1527,1367,1556,1346,1587,1350,1609,1374,1585,1376,1555,1373,1349,1561,1390,1533,1432,1524,1459,1535,1487,1533,1517,1551,1536,1587,1508,1601,1477,1608,1447,1607,1418,1600,1381,1584,1364,1560,1428,1552,1456,1557,1483,1559,1523,1582,1480,1578,1452,1576,1425,1570
1685,h,1,1,1228,1228,1673,1673,56.166666666666664,1182,1347,1179,1413,1181,1478,1189,1541,1212,1599,1253,1645,1307,1678,1363,1703,1425,1717,1483,1715,1533,1693,1577,1660,1608,1615,1629,1564,1646,1513,1657,1459,1660,1406,1265,1294,1305,1265,1356,1260,1407,1270,1454,1288,1511,1303,1553,1300,1596,1304,1633,1320,1651,1356,1477,1336,1477,1367,1477,1398,1478,1431,1407,1473,1435,1481,1463,1490,1490,1489,1515,1488,1310,1326,1340,1311,1372,1317,1398,1346,1367,1342,1335,1336,1527,1367,1556,1346,1587,1350,1609,1374,1585,1376,1555,1373,1349,1561,1390,1533,1432,1524,1459,1535,1487,1533,1517,1551,1536,1587,1508,1601,1477,1608,1447,1607,1418,1600,1381,1584,1364,1560,1428,1552,1456,1557,1483,1559,1523,1582,1480,1578,1452,1576,1425,1570
1686,h,1,1,1228,1228,1673,1673,56.2,1186,1349,1183,1414,1186,1477,1193,1539,1216,1597,1257,1644,1309,1677,1364,1703,1424,1718,1482,1716,1532,1696,1576,1663,1607,1618,1629,1568,1646,1517,1657,1464,1661,1410,1267,1294,1306,1264,1356,1260,1407,1270,1454,1287,1512,1303,1554,1302,1596,1306,1633,1322,1652,1356,1477,1336,1476,1368,1477,1399,1477,1433,1407,1474,1434,1482,1463,1491,1490,1490,1516,1488,1312,1326,1342,1311,1374,1316,1399,1346,1368,1341,1336,1335,1527,1367,1556,1347,1586,1351,1609,1375,1584,1376,1555,1372,1350,1561,1391,1533,1433,1526,1459,1536,1488,1534,1517,1552,1536,1588,1508,1603,1476,1610,1447,1609,1418,1601,1382,1584,1365,1561,1428,1552,1456,1558,1483,1560,1523,1583,1481,1579,1452,1578,1424,1571
1687,h,1,1,1228,1228,1673,1673,56.233333333333334,1186,1350,1182,1415,1185,1479,1193,1542,1215,1600,1256,1646,1309,1678,1364,1704,1425,1718,1482,1717,1532,1696,1575,1664,1607,1619,1629,1569,1647,1518,1658,1464,1662,1412,1269,1292,1308,1265,1358,1261,1408,1272,1454,1290,1513,1306,1554,1303,1596,1307,1632,1323,1651,1358,1479,1339,1479,1370,1479,1401,1479,1434,1409,1475,1436,1483,1464,1492,1491,1492,1516,1490,1312,1327,1342,1312,1374,1318,1399,1348,1368,1344,1336,1337,1528,1370,1557,1349,1588,1353,1609,1377,1586,1379,1556,1376,1350,1562,1392,1534,1434,1526,1460,1536,1488,1535,1517,1553,1536,1589,1508,1604,1477,1611,1448,1610,1420,1603,1382,1587,1365,1561,1430,1553,1457,1559,1484,1561,1523,1584,1481,1581,1453,1579,1426,1574
1688,h,1,1,1228,1228,1673,1673,56.266666666666666,1186,1350,1182,1415,1185,1479,1193,1542,1215,1600,1256,1646,1309,1678,1364,1704,1425,1718,1482,1717,1532,1696,1575,1664,1607,1619,1629,1569,1647,1518,1658,1464,1662,1412,1269,1292,1308,1265,1358,1261,1408,1272,1454,1290,1513,1306,1554,1303,1596,1307,1632,1323,1651,1358,1479,1339,1479,1370,1479,1401,1479,1434,1409,1475,1436,1483,1464,1492,1491,1492,1516,1490,1312,1327,1342,1312,1374,1318,1399,1348,1368,1344,1336,1337,1528,1370,1557,1349,1588,1353,1609,1377,1586,1379,1556,1376,1350,1562,1392,1534,1434,1526,1460,1536,1488,1535,1517,1553,1536,1589,1508,1604,1477,1611,1448,1610,1420,1603,1382,1587,1365,1561,1430,1553,1457,1559,1484,1561,1523,1584,1481,1581,1453,1579,1426,1574
1689,h,1,1,1228,1228,1673,1673,56.3,1187,1351,1182,1416,1184,1480,1191,1543,1214,1602,1255,1647,1308,1679,1364,1704,1425,1720,1483,1719,1533,1697,1577,1664,1608,1619,1631,1569,1648,1517,1658,1464,1662,1411,1270,1294,1310,1266,1360,1261,1411,1272,1457,1291,1513,1307,1554,1304,1596,1307,1633,1323,1651,1358,1481,1340,1480,1370,1480,1400,1479,1432,1410,1476,1437,1483,1465,1492,1491,1492,1516,1491,1315,1327,1345,1310,1376,1316,1401,1347,1371,1343,1339,1336,1528,1369,1557,1348,1587,1352,1609,1377,1585,1379,1555,1375,1352,1562,1393,1534,1435,1526,1460,1536,1488,1535,1516,1553,1535,1590,1507,1605,1476,1612,1447,1610,1419,1603,1383,1587,1367,1562,1430,1554,1456,1559,1483,1562,1523,1584,1480,1581,1452,1579,1426,1574
1690,h,1,1,1228,1228,1673,1673,56.333333333333336,1192,1347,1188,1413,1189,1478,1195,1541,1218,1600,1259,1647,1312,1679,1367,1706,1428,1720,1486,1718,1536,1696,1580,1663,1611,1617,1633,1566,1649,1514,1660,1461,1663,1409,1274,1293,1313,1265,1362,1261,1412,1272,1456,1289,1516,1305,1558,1303,1600,1307,1637,1323,1655,1358,1482,1340,1481,1371,1481,1401,1480,1434,1411,1476,1439,1484,1467,1493,1493,1492,1519,1491,1318,1326,1348,1311,1380,1317,1405,1348,1374,1344,1342,1337,1530,1370,1559,1348,1590,1353,1611,1377,1588,1380,1558,1376,1353,1563,1394,1536,1436,1528,1462,1538,1490,1536,1520,1554,1539,1591,1511,1605,1479,1612,1450,1610,1421,1604,1384,1587,1368,1563,1432,1555,1459,1561,1486,1563,1527,1586,1483,1582,1455,1580,1428,1575
1691,h,1,1,1228,1228,1673,1673,56.36666666666667,1187,1349,1183,1415,1184,1480,1191,1545,1214,1604,1256,1651,1310,1684,1366,1710,1428,1725,1485,1724,1535,1701,1579,1666,1610,1620,1632,1568,1649,1515,1659,1460,1663,1407,1271,1295,1311,1266,1361,1261,1412,1272,1458,1290,1516,1305,1557,1302,1598,1306,1635,1322,1652,1357,1482,1340,1481,1372,1481,1402,1481,1435,1412,1477,1439,1485,1467,1494,1493,1493,1518,1492,1317,1327,1347,1312,1379,1318,1403,1348,1373,1344,1341,1337,1529,1370,1558,1349,1588,1353,1610,1376,1586,1379,1557,1375,1353,1563,1393,1536,1436,1528,1462,1538,1490,1536,1521,1555,1540,1592,1512,1607,1480,1614,1450,1613,1421,1605,1384,1588,1368,1563,1432,1557,1459,1562,1487,1564,1527,1587,1484,1584,1455,1582,1428,1576
1692,h,1,1,1228,1228,1673,1673,56.4,1187,1349,1183,1415,1184,1480,1191,1545,1214,1604,1256,1651,1310,1684,1366,1710,1428,1725,1485,1724,1535,1701,1579,1666,1610,1620,1632,1568,1649,1515,1659,1460,1663,1407,1271,1295,1311,1266,1361,1261,1412,1272,1458,1290,1516,1305,1557,1302,1598,1306,1635,1322,1652,1357,1482,1340,1481,1372,1481,1402,1481,1435,1412,1477,1439,1485,1467,1494,1493,1493,1518,1492,1317,1327,1347,1312,1379,1318,1403,1348,1373,1344,1341,1337,1529,1370,1558,1349,1588,1353,1610,1376,1586,1379,1557,1375,1353,1563,1393,1536,1436,1528,1462,1538,1490,1536,1521,1555,1540,1592,1512,1607,1480,1614,1450,1613,1421,1605,1384,1588,1368,1563,1432,1557,1459,1562,1487,1564,1527,1587,1484,1584,1455,1582,1428,1576
1693,h,1,1,1228,1228,1673,1673,56.43333333333333,1185,1348,1182,1415,1183,1480,1190,1544,1213,1603,1255,1650,1308,1683,1365,1709,1427,1723,1485,1721,1534,1699,1577,1665,1609,1620,1630,1569,1647,1517,1658,1464,1663,1412,1270,1295,1310,1266,1361,1261,1412,1271,1458,1289,1516,1304,1558,1302,1601,1306,1638,1323,1656,1359,1482,1340,1481,1371,1481,1401,1481,1435,1412,1477,1439,1485,1466,1494,1493,1493,1517,1491,1317,1327,1347,1311,1379,1318,1404,1349,1373,1344,1341,1337,1530,1371,1559,1349,1590,1353,1611,1378,1588,1381,1558,1377,1353,1563,1394,1536,1435,1527,1462,1538,1490,1536,1519,1554,1539,1591,1510,1606,1479,1612,1449,1611,1421,1604,1384,1588,1368,1563,1431,1555,1458,1560,1486,1562,1525,1585,1483,1583,1455,1581,1427,1575
1694,h,1,1,1228,1228,1673,1673,56.46666666666667,1185,1349,1181,1416,1182,1482,1190,1545,1214,1604,1256,1649,1310,1681,1365,1707,1427,1721,1485,1718,1535,1695,1578,1662,1609,1617,1630,1566,1647,1515,1658,1461,1663,1409,1269,1294,1309,1266,1361,1261,1411,1272,1458,1290,1514,1304,1557,1302,1600,1307,1637,1324,1655,1360,1482,1340,1482,1372,1482,1402,1482,1436,1411,1477,1438,1485,1467,1494,1494,1493,1518,1492,1316,1327,1346,1312,1378,1319,1403,1349,1372,1345,1340,1338,1530,1371,1559,1349,1589,1353,1611,1377,1587,1380,1558,1376,1353,1563,1394,1536,1436,1528,1462,1538,1490,1536,1520,1555,1538,1591,1510,1606,1479,1613,1450,1611,1422,1604,1384,1587,1368,1562,1432,1556,1459,1561,1486,1563,1525,1586,1483,1582,1455,1581,1428,1575
1695,h,1,1,1228,1228,1673,1673,56.5,1191,1346,1186,1411,1187,1476,1194,1539,1216,1598,1257,1645,1309,1678,1364,1705,1424,1720,1482,1719,1534,1696,1579,1663,1611,1618,1633,1567,1651,1515,1661,1461,1666,1407,1273,1294,1312,1266,1361,1261,1411,1272,1456,1290,1516,1304,1558,1303,1601,1306,1638,1322,1657,1357,1482,1340,1481,1371,1481,1402,1480,1435,1411,1476,1438,1485,1466,1494,1492,1493,1517,1492,1318,1327,1348,1312,1380,1318,1404,1349,1373,1344,1342,1337,1530,1370,1558,1349,1589,1353,1611,1377,1587,1380,1557,1376,1352,1563,1393,1536,1435,1528,1461,1539,1489,1536,1519,1555,1538,1591,1509,1607,1477,1613,1448,1611,1420,1604,1384,1587,1367,1563,1431,1556,1458,1561,1485,1563,1526,1586,1482,1583,1454,1581,1427,1575
1696,h,1,1,1228,1228,1673,1673,56.53333333333333,1191,1346,1186,1411,1187,1476,1194,1539,1216,1598,1257,1645,1309,1678,1364,1705,1424,1720,1482,1719,1534,1696,1579,1663,1611,1618,1633,1567,1651,1515,1661,1461,1666,1407,1273,1294,1312,1266,1361,1261,1411,1272,1456,1290,1516,1304,1558,1303,1601,1306,1638,1322,1657,1357,1482,1340,1481,1371,1481,1402,1480,1435,1411,1476,1438,1485,1466,1494,1492,1493,1517,1492,1318,1327,1348,1312,1380,1318,1404,1349,1373,1344,1342,1337,1530,1370,1558,1349,1589,1353,1611,1377,1587,1380,1557,1376,1352,1563,1393,1536,1435,1528,1461,1539,1489,1536,1519,1555,1538,1591,1509,1607,1477,1613,1448,1611,1420,1604,1384,1587,1367,1563,1431,1556,1458,1561,1485,1563,1526,1586,1482,1583,1454,1581,1427,1575
1697,h,1,1,1228,1228,1673,1673,56.56666666666667,1189,1346,1184,1413,1185,1479,1193,1542,1216,1601,1258,1648,1311,1680,1366,1707,1427,1723,1484,1721,1535,1698,1580,1664,1612,1619,1636,1568,1653,1515,1662,1461,1666,1407,1274,1294,1312,1266,1361,1261,1410,1272,1455,1289,1516,1304,1557,1302,1599,1306,1636,1322,1654,1357,1481,1339,1480,1371,1480,1402,1480,1435,1411,1477,1438,1485,1466,1494,1493,1493,1517,1492,1318,1326,1348,1312,1379,1318,1404,1348,1373,1343,1342,1336,1530,1370,1559,1349,1589,1353,1611,1377,1587,1379,1558,1376,1352,1564,1393,1537,1435,1529,1461,1540,1489,1538,1520,1556,1539,1592,1511,1606,1478,1612,1449,1610,1420,1603,1383,1587,1366,1563,1430,1556,1457,1561,1485,1563,1527,1586,1483,1583,1454,1581,1427,1575
1698,h,1,1,1228,1228,1673,1673,56.6,1187,1351,1182,1417,1183,1482,1191,1546,1214,1604,1256,1650,1309,1683,1366,1708,1427,1723,1486,1721,1537,1698,1580,1663,1611,1617,1633,1566,1650,1514,1660,1460,1664,1408,1272,1295,1311,1266,1361,1261,1411,1271,1457,1289,1515,1303,1558,1302,1600,1307,1636,1323,1654,1358,1482,1340,1481,1371,1481,1402,1481,1436,1410,1478,1438,1486,1466,1495,1493,1494,1518,1493,1316,1327,1347,1312,1378,1318,1403,1349,1372,1344,1341,1337,1530,1371,1559,1349,1589,1353,1611,1377,1588,1380,1558,1376,1352,1563,1393,1537,1434,1529,1461,1540,1489,1538,1520,1556,1539,1592,1511,1605,1479,1611,1449,1610,1420,1602,1384,1586,1367,1563,1430,1556,1457,1562,1486,1564,1527,1586,1483,1581,1455,1580,1427,1574
1699,h,1,1,1228,1228,1673,1673,56.63333333333333,1185,1345,1180,1412,1180,1479,1186,1543,1206,1603,1247,1651,1301,1685,1358,1713,1422,1729,1481,1727,1533,1703,1578,1669,1610,1623,1634,1571,1651,1517,1662,1462,1667,1407,1271,1294,1310,1266,1360,1261,1410,1271,1455,1288,1519,1304,1560,1304,1602,1308,1638,1324,1657,1358,1482,1340,1480,1372,1480,1402,1479,1435,1411,1477,1437,1486,1465,1495,1492,1494,1516,1493,1317,1327,1347,1312,1379,1318,1405,1348,1373,1344,1341,1337,1529,1371,1559,1350,1589,1354,1611,1378,1587,1381,1557,1377,1351,1563,1392,1536,1434,1528,1460,1539,1488,1537,1517,1555,1536,1591,1508,1604,1477,1610,1447,1609,1419,1602,1383,1587,1366,1563,1429,1555,1456,1561,1484,1563,1524,1585,1481,1581,1453,1580,1426,1574
1700,h,1,1,1228,1228,1673,1673,56.666666666666664,1185,1345,1180,1412,1180,1479,1186,1543,1206,1603,1247,1651,1301,1685,1358,1713,1422,1729,1481,1727,1533,1703,1578,1669,1610,1623,1634,1571,1651,1517,1662,1462,1667,1407,1271,1294,1310,1266,1360,1261,1410,1271,1455,1288,1519,1304,1560,1304,1602,1308,1638,1324,1657,1358,1482,1340,1480,1372,1480,1402,1479,1435,1411,1477,1437,1486,1465,1495,1492,1494,1516,1493,1317,1327,1347,1312,1379,1318,1405,1348,1373,1344,1341,1337,1529,1371,1559,1350,1589,1354,1611,1378,1587,1381,1557,1377,1351,1563,1392,1536,1434,1528,1460,1539,1488,1537,1517,1555,1536,1591,1508,1604,1477,1610,1447,1609,1419,1602,1383,1587,1366,1563,1429,1555,1456,1561,1484,1563,1524,1585,1481,1581,1453,1580,1426,1574
1701,h,1,1,1228,1228,1673,1673,56.7,1190,1345,1185,1412,1186,1476,1193,1539,1215,1598,1256,1646,1308,1679,1362,1707,1423,1722,1481,1721,1533,1698,1578,1665,1612,1621,1634,1570,1652,1517,1662,1463,1667,1409,1271,1292,1311,1264,1360,1261,1410,1271,1455,1289,1516,1304,1557,1302,1599,1307,1636,1323,1655,1357,1481,1340,1480,1372,1480,1403,1479,1436,1410,1477,1437,1485,1465,1495,1492,1494,1517,1492,1316,1328,1346,1313,1378,1319,1403,1349,1372,1345,1340,1338,1529,1371,1559,1350,1589,1354,1611,1378,1587,1381,1557,1377,1351,1563,1392,1536,1434,1528,1460,1539,1487,1536,1517,1554,1537,1590,1508,1604,1476,1610,1448,1608,1420,1601,1383,1585,1367,1562,1429,1555,1456,1561,1483,1563,1524,1585,1481,1581,1453,1579,1426,1574
1702,h,1,1,1228,1228,1673,1673,56.733333333333334,1189,1344,1185,1410,1187,1476,1193,1540,1216,1599,1256,1645,1308,1679,1362,1705,1422,1721,1479,1720,1531,1698,1576,1665,1610,1621,1632,1570,1650,1517,1662,1462,1668,1408,1271,1294,1311,1266,1360,1262,1410,1272,1455,1289,1516,1304,1558,1302,1600,1307,1637,1323,1656,1358,1481,1339,1480,1372,1479,1403,1478,1437,1409,1477,1436,1485,1464,1494,1491,1494,1516,1493,1317,1326,1348,1312,1380,1319,1403,1349,1373,1344,1341,1337,1530,1370,1560,1350,1590,1354,1611,1377,1588,1380,1558,1376,1352,1563,1393,1537,1435,1529,1460,1539,1488,1537,1517,1555,1537,1591,1507,1604,1476,1610,1447,1608,1420,1601,1383,1585,1367,1562,1430,1553,1456,1559,1483,1562,1524,1585,1480,1582,1453,1581,1426,1575
1703,h,1,1,1228,1228,1673,1673,56.766666666666666,1189,1344,1185,1410,1187,1476,1193,1540,1216,1599,1256,1645,1308,1679,1362,1705,1422,1721,1479,1720,1531,1698,1576,1665,1610,1621,1632,1570,1650,1517,1662,1462,1668,1408,1271,1294,1311,1266,1360,1262,1410,1272,1455,1289,1516,1304,1558,1302,1600,1307,1637,1323,1656,1358,1481,1339,1480,1372,1479,1403,1478,1437,1409,1477,1436,1485,1464,1494,1491,1494,1516,1493,1317,1326,1348,1312,1380,1319,1403,1349,1373,1344,1341,1337,1530,1370,1560,1350,1590,1354,1611,1377,1588,1380,1558,1376,1352,1563,1393,1537,1435,1529,1460,1539,1488,1537,1517,1555,1537,1591,1507,1604,1476,1610,1447,1608,1420,1601,1383,1585,1367,1562,1430,1553,1456,1559,1483,1562,1524,1585,1480,1582,1453,1581,1426,1575
1704,h,1,1,1228,1228,1673,1673,56.8,1191,1342,1187,1409,1187,1475,1193,1538,1214,1598,1255,1646,1307,1681,1363,1710,1424,1726,1483,1724,1534,1701,1578,1668,1611,1623,1634,1572,1652,1519,1663,1464,1669,1410,1273,1292,1313,1265,1362,1262,1412,1272,1456,1290,1517,1304,1559,1304,1601,1308,1638,1325,1657,1360,1482,1340,1481,1372,1480,1403,1479,1437,1410,1477,1437,1486,1465,1495,1491,1494,1516,1493,1317,1326,1348,1311,1380,1318,1404,1349,1374,1344,1342,1337,1531,1371,1561,1350,1591,1354,1613,1379,1589,1382,1559,1377,1351,1564,1392,1537,1434,1529,1460,1539,1488,1537,1518,1556,1537,1593,1508,1606,1476,1612,1447,1611,1418,1604,1382,1588,1366,1563,1429,1556,1456,1562,1484,1564,1525,1587,1480,1583,1452,1581,1425,1575
1705,h,1,1,1228,1228,1673,1673,56.833333333333336,1183,1351,1179,1415,1179,1480,1186,1544,1207,1603,1247,1650,1299,1684,1355,1711,1417,1727,1477,1726,1528,1705,1573,1672,1605,1626,1628,1575,1646,1522,1658,1467,1663,1413,1269,1293,1309,1266,1359,1261,1409,1271,1455,1289,1515,1303,1556,1302,1598,1307,1634,1323,1653,1358,1479,1339,1478,1371,1478,1402,1477,1436,1408,1478,1435,1486,1463,1496,1490,1495,1516,1493,1313,1328,1344,1313,1377,1319,1402,1348,1371,1344,1339,1337,1528,1370,1559,1350,1589,1355,1610,1379,1586,1381,1556,1376,1350,1564,1391,1536,1433,1528,1459,1538,1487,1536,1516,1555,1535,1592,1506,1605,1474,1611,1445,1610,1417,1603,1381,1588,1365,1563,1428,1555,1455,1561,1482,1563,1522,1586,1479,1583,1451,1581,1424,1575
1706,h,1,1,1228,1228,1673,1673,56.86666666666667,1181,1348,1177,1413,1178,1479,1183,1543,1204,1602,1245,1650,1299,1683,1356,1711,1418,1727,1477,1726,1528,1704,1573,1671,1606,1626,1629,1573,1647,1520,1659,1465,1663,1412,1269,1292,1309,1265,1359,1260,1410,1270,1456,1287,1516,1302,1558,1301,1600,1306,1637,1322,1656,1357,1480,1339,1480,1371,1480,1401,1479,1435,1409,1477,1436,1485,1465,1494,1491,1493,1516,1492,1315,1325,1346,1311,1377,1317,1402,1348,1371,1343,1339,1335,1530,1370,1560,1349,1590,1354,1611,1378,1588,1380,1558,1376,1349,1563,1391,1535,1433,1527,1460,1538,1488,1536,1516,1553,1533,1591,1505,1603,1474,1610,1445,1609,1417,1602,1381,1586,1364,1562,1429,1554,1456,1560,1483,1562,1520,1585,1479,1582,1451,1580,1424,1574
1707,h,1,1,1228,1228,1673,1673,56.9,1181,1348,1177,1413,1178,1479,1183,1543,1204,1602,1245,1650,1299,1683,1356,1711,1418,1727,1477,1726,1528,1704,1573,1671,1606,1626,1629,1573,1647,1520,1659,1465,1663,1412,1269,1292,1309,1265,1359,1260,1410,1270,1456,1287,1516,1302,1558,1301,1600,1306,1637,1322,1656,1357,1480,1339,1480,1371,1480,1401,1479,1435,1409,1477,1436,1485,1465,1494,1491,1493,1516,1492,1315,1325,1346,1311,1377,1317,1402,1348,1371,1343,1339,1335,1530,1370,1560,1349,1590,1354,1611,1378,1588,1380,1558,1376,1349,1563,1391,1535,1433,1527,1460,1538,1488,1536,1516,1553,1533,1591,1505,1603,1474,1610,1445,1609,1417,1602,1381,1586,1364,1562,1429,1554,1456,1560,1483,1562,1520,1585,1479,1582,1451,1580,1424,1574
1708,h,1,1,1228,1228,1673,1673,56.93333333333333,1187,1344,1184,1412,1185,1478,1193,1542,1215,1601,1256,1648,1308,1681,1362,1709,1423,1725,1481,1723,1532,1701,1576,1668,1609,1622,1631,1571,1649,1518,1660,1462,1665,1408,1270,1292,1309,1264,1359,1260,1410,1270,1456,1288,1516,1302,1559,1301,1602,1306,1639,1323,1657,1359,1481,1339,1481,1371,1480,1402,1480,1435,1410,1477,1437,1485,1466,1495,1493,1494,1518,1493,1315,1326,1347,1312,1379,1318,1403,1348,1372,1343,1340,1336,1531,1371,1561,1350,1591,1354,1613,1378,1589,1381,1559,1376,1351,1563,1392,1535,1434,1527,1462,1538,1490,1536,1519,1554,1538,1591,1510,1605,1478,1612,1448,1611,1419,1604,1382,1587,1367,1562,1430,1555,1458,1561,1485,1563,1525,1586,1483,1582,1454,1580,1426,1574
1709,h,1,1,1228,1228,1673,1673,56.96666666666667,1189,1343,1184,1410,1185,1476,1191,1540,1213,1600,1254,1648,1307,1682,1363,1710,1424,1725,1482,1723,1532,1701,1576,1666,1608,1620,1631,1568,1649,1515,1660,1460,1665,1407,1272,1291,1313,1264,1363,1261,1412,1272,1458,1290,1520,1305,1561,1304,1602,1308,1637,1324,1654,1358,1484,1342,1483,1373,1483,1403,1482,1437,1412,1477,1439,1486,1467,1495,1494,1494,1518,1493,1320,1326,1350,1311,1382,1318,1405,1348,1376,1344,1345,1336,1532,1370,1561,1350,1591,1354,1611,1378,1588,1380,1559,1376,1352,1564,1394,1537,1437,1529,1462,1539,1490,1537,1519,1555,1536,1591,1509,1604,1478,1610,1449,1608,1422,1602,1385,1587,1367,1563,1433,1556,1458,1561,1486,1563,1524,1585,1483,1582,1455,1581,1428,1575
1710,h,1,1,1228,1228,1673,1673,57.0,1190,1342,1185,1408,1185,1474,1192,1539,1214,1599,1254,1645,1307,1678,1362,1704,1423,1719,1481,1718,1531,1696,1575,1664,1608,1621,1631,1570,1649,1519,1660,1465,1666,1412,1274,1292,1315,1265,1365,1260,1415,1271,1461,1288,1521,1304,1563,1302,1604,1307,1640,1324,1657,1359,1486,1341,1484,1372,1483,1403,1482,1436,1412,1477,1440,1485,1468,1494,1495,1493,1519,1492,1320,1327,1351,1312,1383,1319,1407,1349,1376,1345,1344,1338,1534,1371,1564,1351,1593,1355,1613,1379,1591,1382,1561,1377,1353,1563,1396,1539,1438,1530,1462,1540,1489,1538,1518,1556,1538,1589,1509,1600,1478,1605,1450,1603,1424,1597,1387,1583,1369,1562,1434,1557,1459,1563,1485,1565,1526,1584,1482,1576,1456,1573,1430,1569
1711,h,1,1,1228,1228,1673,1673,57.03333333333333,1190,1342,1185,1408,1185,1474,1192,1539,1214,1599,1254,1645,1307,1678,1362,1704,1423,1719,1481,1718,1531,1696,1575,1664,1608,1621,1631,1570,1649,1519,1660,1465,1666,1412,1274,1292,1315,1265,1365,1260,1415,1271,1461,1288,1521,1304,1563,1302,1604,1307,1640,1324,1657,1359,1486,1341,1484,1372,1483,1403,1482,1436,1412,1477,1440,1485,1468,1494,1495,1493,1519,1492,1320,1327,1351,1312,1383,1319,1407,1349,1376,1345,1344,1338,1534,1371,1564,1351,1593,1355,1613,1379,1591,1382,1561,1377,1353,1563,1396,1539,1438,1530,1462,1540,1489,1538,1518,1556,1538,1589,1509,1600,1478,1605,1450,1603,1424,1597,1387,1583,1369,1562,1434,1557,1459,1563,1485,1565,1526,1584,1482,1576,1456,1573,1430,1569
1712,h,1,1,1228,1228,1673,1673,57.06666666666667,1186,1347,1180,1412,1181,1477,1187,1541,1209,1600,1251,1645,1306,1673,1364,1696,1426,1710,1482,1708,1531,1687,1574,1657,1606,1615,1628,1567,1648,1517,1660,1468,1667,1418,1278,1288,1320,1264,1371,1262,1420,1273,1464,1292,1525,1308,1566,1306,1608,1311,1643,1327,1661,1359,1490,1342,1489,1373,1489,1403,1489,1436,1417,1477,1444,1484,1472,1493,1498,1494,1521,1493,1323,1325,1354,1312,1386,1318,1410,1348,1380,1344,1348,1337,1535,1370,1566,1351,1595,1356,1614,1379,1592,1382,1563,1377,1362,1558,1406,1537,1446,1529,1467,1539,1491,1537,1515,1553,1532,1582,1506,1591,1479,1595,1454,1593,1430,1588,1396,1576,1377,1556,1441,1553,1463,1558,1487,1560,1520,1576,1484,1567,1460,1565,1437,1560
1713,h,1,1,1228,1228,1673,1673,57.1,1193,1342,1188,1407,1189,1472,1197,1536,1220,1595,1262,1640,1315,1670,1371,1694,1431,1708,1487,1706,1535,1684,1577,1653,1608,1611,1630,1564,1648,1515,1660,1465,1667,1415,1279,1288,1322,1264,1373,1263,1423,1275,1468,1294,1527,1311,1567,1308,1608,1311,1644,1325,1662,1357,1491,1341,1490,1372,1490,1402,1491,1436,1420,1476,1447,1484,1475,1493,1500,1492,1524,1491,1325,1325,1357,1312,1389,1317,1412,1347,1382,1343,1350,1336,1536,1370,1567,1350,1597,1355,1616,1379,1594,1382,1564,1376,1367,1555,1411,1537,1450,1530,1472,1539,1495,1537,1520,1552,1537,1580,1511,1589,1484,1594,1459,1593,1436,1587,1402,1574,1382,1554,1446,1553,1468,1558,1491,1559,1525,1574,1488,1565,1465,1564,1442,1558
1714,h,1,1,1228,1228,1673,1673,57.13333333333333,1193,1344,1189,1409,1190,1475,1196,1539,1219,1598,1260,1643,1315,1673,1373,1696,1434,1709,1491,1706,1539,1684,1580,1653,1610,1611,1630,1564,1649,1515,1660,1466,1666,1417,1283,1289,1325,1265,1376,1263,1425,1274,1470,1293,1530,1309,1570,1308,1610,1312,1646,1326,1664,1358,1494,1342,1494,1373,1494,1403,1494,1436,1423,1477,1450,1485,1477,1493,1503,1493,1527,1492,1328,1325,1359,1311,1391,1318,1415,1347,1385,1343,1353,1337,1540,1370,1570,1350,1600,1355,1619,1379,1597,1381,1568,1377,1368,1557,1412,1539,1453,1531,1474,1541,1497,1538,1522,1554,1539,1582,1513,1591,1486,1596,1461,1594,1438,1588,1403,1576,1382,1557,1448,1555,1470,1560,1493,1561,1528,1577,1490,1568,1467,1566,1445,1561
1715,h,1,1,1228,1228,1673,1673,57.166666666666664,1193,1344,1189,1409,1190,1475,1196,1539,1219,1598,1260,1643,1315,1673,1373,1696,1434,1709,1491,1706,1539,1684,1580,1653,1610,1611,1630,1564,1649,1515,1660,1466,1666,1417,1283,1289,1325,1265,1376,1263,1425,1274,1470,1293,1530,1309,1570,1308,1610,1312,1646,1326,1664,1358,1494,1342,1494,1373,1494,1403,1494,1436,1423,1477,1450,1485,1477,1493,1503,1493,1527,1492,1328,1325,1359,1311,1391,1318,1415,1347,1385,1343,1353,1337,1540,1370,1570,1350,1600,1355,1619,1379,1597,1381,1568,1377,1368,1557,1412,1539,1453,1531,1474,1541,1497,1538,1522,1554,1539,1582,1513,1591,1486,1596,1461,1594,1438,1588,1403,1576,1382,1557,1448,1555,1470,1560,1493,1561,1528,1577,1490,1568,1467,1566,1445,1561
1716,h,1,1,1228,1228,1673,1673,57.2,1192,1347,1186,1412,1186,1477,1193,1541,1216,1600,1258,1648,1314,1679,1372,1703,1434,1718,1492,1716,1541,1692,1583,1659,1613,1614,1634,1565,1652,1516,1663,1466,1669,1416,1283,1291,1325,1265,1375,1262,1426,1273,1471,1292,1530,1310,1571,1308,1613,1313,1650,1330,1667,1365,1494,1342,1494,1373,1494,1403,1494,1437,1424,1479,1451,1487,1478,1495,1503,1495,1527,1493,1326,1325,1358,1312,1390,1317,1414,1347,1384,1343,1352,1336,1541,1370,1572,1350,1602,1356,1621,1380,1598,1382,1569,1377,1368,1560,1412,1541,1453,1532,1475,1541,1498,1539,1525,1555,1541,1585,1516,1595,1488,1600,1462,1599,1438,1593,1403,1580,1383,1559,1448,1557,1471,1562,1494,1563,1529,1579,1492,1572,1468,1571,1445,1565
1717,h,1,1,1228,1228,1673,1673,57.233333333333334,1196,1348,1191,1414,1193,1480,1201,1544,1225,1604,1267,1651,1321,1683,1377,1709,1438,1723,1494,1720,1541,1696,1582,1662,1613,1617,1636,1568,1655,1517,1666,1467,1672,1416,1285,1290,1326,1264,1377,1262,1427,1273,1472,1293,1531,1310,1571,1306,1611,1310,1646,1324,1664,1356,1495,1343,1494,1374,1495,1404,1495,1438,1425,1479,1452,1488,1479,1497,1504,1496,1528,1494,1328,1328,1360,1314,1392,1319,1415,1350,1385,1346,1353,1339,1541,1372,1572,1352,1602,1356,1621,1381,1599,1383,1570,1378,1370,1565,1413,1542,1454,1533,1476,1543,1499,1540,1526,1558,1543,1589,1517,1606,1488,1614,1463,1614,1438,1607,1403,1591,1385,1564,1449,1558,1472,1564,1495,1565,1531,1584,1492,1584,1468,1584,1445,1578
1718,h,1,1,1228,1228,1673,1673,57.266666666666666,1196,1348,1191,1414,1193,1480,1201,1544,1225,1604,1267,1651,1321,1683,1377,1709,1438,1723,1494,1720,1541,1696,1582,1662,1613,1617,1636,1568,1655,1517,1666,1467,1672,1416,1285,1290,1326,1264,1377,1262,1427,1273,1472,1293,1531,1310,1571,1306,1611,1310,1646,1324,1664,1356,1495,1343,1494,1374,1495,1404,1495,1438,1425,1479,1452,1488,1479,1497,1504,1496,1528,1494,1328,1328,1360,1314,1392,1319,1415,1350,1385,1346,1353,1339,1541,1372,1572,1352,1602,1356,1621,1381,1599,1383,1570,1378,1370,1565,1413,1542,1454,1533,1476,1543,1499,1540,1526,1558,1543,1589,1517,1606,1488,1614,1463,1614,1438,1607,1403,1591,1385,1564,1449,1558,1472,1564,1495,1565,1531,1584,1492,1584,1468,1584,1445,1578
1719,h,1,1,1228,1228,1673,1673,57.3,1198,1343,1192,1410,1192,1477,1199,1543,1221,1603,1262,1652,1316,1687,1372,1717,1433,1734,1491,1731,1539,1707,1581,1672,1613,1626,1636,1576,1656,1524,1668,1473,1674,1421,1291,1288,1333,1264,1382,1262,1430,1274,1473,1295,1536,1311,1575,1308,1614,1312,1650,1326,1667,1357,1498,1343,1497,1374,1497,1405,1497,1438,1427,1480,1453,1488,1480,1498,1506,1497,1530,1496,1334,1326,1365,1312,1397,1318,1420,1349,1390,1345,1359,1338,1544,1372,1574,1351,1603,1356,1623,1380,1600,1383,1572,1378,1371,1567,1411,1541,1453,1533,1476,1542,1501,1541,1530,1560,1545,1597,1519,1615,1488,1624,1461,1622,1436,1615,1400,1596,1385,1568,1448,1560,1472,1565,1496,1567,1533,1591,1493,1593,1467,1592,1444,1586
1720,h,1,1,1228,1228,1673,1673,57.333333333333336,1192,1346,1185,1412,1184,1479,1190,1544,1213,1604,1255,1651,1312,1683,1370,1710,1431,1725,1487,1723,1535,1701,1578,1668,1609,1625,1633,1575,1652,1525,1664,1474,1670,1423,1288,1291,1330,1265,1381,1262,1431,1274,1476,1294,1538,1311,1578,1308,1617,1312,1652,1327,1670,1358,1501,1344,1500,1376,1500,1405,1500,1439,1428,1479,1455,1487,1483,1497,1509,1496,1532,1495,1333,1326,1365,1312,1397,1318,1419,1349,1390,1345,1358,1337,1547,1372,1577,1352,1605,1357,1624,1380,1602,1382,1574,1378,1370,1565,1413,1541,1454,1532,1477,1541,1503,1540,1530,1558,1545,1594,1519,1610,1490,1618,1463,1616,1438,1610,1402,1593,1385,1565,1450,1557,1473,1562,1498,1565,1533,1589,1495,1589,1469,1587,1446,1581
1721,h,1,1,1228,1228,1673,1673,57.36666666666667,1201,1341,1195,1407,1193,1473,1198,1538,1220,1598,1261,1645,1315,1678,1372,1705,1434,1720,1491,1719,1539,1697,1581,1664,1612,1622,1635,1573,1655,1523,1666,1472,1672,1421,1294,1289,1337,1264,1386,1263,1435,1275,1479,1295,1540,1312,1578,1309,1616,1313,1650,1328,1667,1359,1503,1345,1502,1376,1502,1406,1502,1439,1430,1479,1458,1487,1485,1496,1510,1496,1534,1495,1337,1327,1369,1313,1400,1319,1423,1350,1394,1345,1362,1338,1548,1372,1578,1352,1606,1357,1625,1381,1603,1383,1575,1378,1374,1562,1417,1539,1458,1531,1479,1539,1505,1539,1531,1557,1547,1592,1520,1603,1492,1609,1466,1607,1442,1601,1407,1586,1389,1562,1453,1558,1475,1563,1500,1565,1534,1586,1497,1580,1472,1577,1449,1572
1722,h,1,1,1228,1228,1673,1673,57.4,1201,1341,1195,1407,1193,1473,1198,1538,1220,1598,1261,1645,1315,1678,1372,1705,1434,1720,1491,1719,1539,1697,1581,1664,1612,1622,1635,1573,1655,1523,1666,1472,1672,1421,1294,1289,1337,1264,1386,1263,1435,1275,1479,1295,1540,1312,1578,1309,1616,1313,1650,1328,1667,1359,1503,1345,1502,1376,1502,1406,1502,1439,1430,1479,1458,1487,1485,1496,1510,1496,1534,1495,1337,1327,1369,1313,1400,1319,1423,1350,1394,1345,1362,1338,1548,1372,1578,1352,1606,1357,1625,1381,1603,1383,1575,1378,1374,1562,1417,1539,1458,1531,1479,1539,1505,1539,1531,1557,1547,1592,1520,1603,1492,1609,1466,1607,1442,1601,1407,1586,1389,1562,1453,1558,1475,1563,1500,1565,1534,1586,1497,1580,1472,1577,1449,1572
1723,h,1,1,1228,1228,1673,1673,57.43333333333333,1203,1336,1196,1402,1194,1468,1199,1533,1219,1595,1260,1643,1314,1676,1372,1704,1435,1720,1493,1719,1542,1697,1584,1663,1614,1619,1636,1570,1654,1519,1665,1469,1671,1419,1295,1289,1336,1263,1386,1261,1435,1273,1479,1293,1542,1311,1581,1308,1621,1311,1656,1327,1673,1360,1504,1344,1504,1376,1503,1406,1503,1439,1431,1479,1458,1488,1486,1497,1512,1497,1536,1495,1338,1326,1369,1312,1401,1319,1424,1349,1394,1344,1363,1337,1550,1373,1581,1353,1609,1358,1628,1383,1606,1384,1577,1379,1371,1558,1417,1539,1459,1531,1481,1540,1506,1539,1533,1556,1550,1588,1522,1599,1493,1604,1466,1602,1442,1596,1406,1582,1387,1559,1454,1559,1477,1564,1501,1567,1538,1583,1498,1576,1473,1573,1450,1568
1724,h,1,1,1228,1228,1673,1673,57.46666666666667,1203,1341,1196,1405,1194,1470,1199,1535,1221,1596,1263,1642,1318,1674,1375,1700,1437,1715,1495,1713,1543,1691,1585,1658,1615,1615,1637,1568,1655,1519,1666,1469,1672,1419,1295,1290,1338,1264,1388,1262,1438,1273,1483,1292,1544,1310,1583,1308,1623,1313,1657,1330,1672,1362,1506,1344,1505,1376,1505,1406,1505,1440,1434,1480,1461,1488,1488,1497,1513,1497,1536,1495,1340,1327,1371,1313,1402,1319,1426,1350,1396,1345,1365,1338,1551,1373,1581,1353,1609,1358,1628,1382,1606,1384,1578,1379,1373,1559,1418,1540,1460,1533,1483,1543,1508,1541,1536,1558,1551,1588,1525,1600,1496,1606,1469,1604,1444,1598,1408,1583,1389,1559,1455,1559,1478,1564,1504,1566,1540,1583,1501,1578,1475,1575,1451,1570
1725,h,1,1,1228,1228,1673,1673,57.5,1204,1341,1197,1406,1195,1471,1200,1536,1221,1596,1263,1644,1317,1678,1374,1706,1437,1723,1495,1721,1544,1697,1586,1663,1617,1618,1640,1569,1658,1518,1670,1468,1676,1417,1295,1292,1336,1265,1386,1262,1435,1274,1480,1293,1543,1310,1583,1308,1622,1312,1658,1330,1674,1364,1505,1344,1504,1376,1504,1406,1504,1440,1433,1480,1460,1488,1487,1498,1513,1498,1536,1496,1340,1327,1371,1314,1402,1320,1425,1350,1395,1345,1364,1338,1551,1373,1581,1354,1609,1359,1628,1383,1606,1384,1578,1379,1373,1561,1416,1540,1458,1533,1481,1543,1508,1542,1535,1558,1552,1590,1525,1604,1495,1610,1468,1608,1442,1601,1406,1586,1388,1561,1453,1559,1477,1565,1503,1567,1539,1585,1500,1582,1474,1579,1449,1573
1726,h,1,1,1228,1228,1673,1673,57.53333333333333,1204,1341,1197,1406,1195,1471,1200,1536,1221,1596,1263,1644,1317,1678,1374,1706,1437,1723,1495,1721,1544,1697,1586,1663,1617,1618,1640,1569,1658,1518,1670,1468,1676,1417,1295,1292,1336,1265,1386,1262,1435,1274,1480,1293,1543,1310,1583,1308,1622,1312,1658,1330,1674,1364,1505,1344,1504,1376,1504,1406,1504,1440,1433,1480,1460,1488,1487,1498,1513,1498,1536,1496,1340,1327,1371,1314,1402,1320,1425,1350,1395,1345,1364,1338,1551,1373,1581,1354,1609,1359,1628,1383,1606,1384,1578,1379,1373,1561,1416,1540,1458,1533,1481,1543,1508,1542,1535,1558,1552,1590,1525,1604,1495,1610,1468,1608,1442,1601,1406,1586,1388,1561,1453,1559,1477,1565,1503,1567,1539,1585,1500,1582,1474,1579,1449,1573
1727,h,1,1,1176,1176,1711,1711,57.56666666666667,1206,1335,1196,1400,1193,1466,1198,1531,1219,1592,1261,1643,1315,1679,1372,1709,1434,1727,1492,1725,1542,1700,1587,1663,1621,1617,1645,1567,1663,1515,1674,1463,1678,1412,1300,1286,1341,1263,1390,1261,1438,1274,1482,1293,1543,1310,1582,1309,1620,1312,1655,1326,1671,1357,1507,1344,1506,1376,1506,1406,1505,1440,1434,1480,1461,1490,1488,1500,1514,1499,1538,1497,1343,1324,1373,1312,1404,1319,1426,1348,1397,1343,1366,1336,1553,1372,1582,1354,1610,1359,1628,1383,1607,1384,1579,1379,1373,1564,1417,1541,1460,1534,1483,1544,1510,1542,1538,1559,1553,1592,1527,1605,1498,1611,1470,1610,1443,1603,1407,1587,1389,1563,1455,1562,1479,1568,1506,1570,1541,1586,1503,1581,1476,1579,1451,1574
1728,h,1,1,1228,1228,1673,1673,57.6,1200,1340,1194,1404,1192,1470,1195,1534,1215,1595,1255,1643,1310,1676,1369,1704,1433,1720,1492,1720,1541,1698,1583,1665,1613,1621,1634,1571,1652,1521,1663,1470,1668,1420,1295,1287,1337,1263,1387,1261,1437,1274,1481,1293,1543,1310,1582,1309,1620,1312,1655,1326,1671,1357,1506,1344,1505,1376,1505,1407,1505,1441,1433,1480,1460,1488,1487,1498,1512,1498,1535,1497,1339,1326,1370,1313,1402,1319,1425,1349,1395,1345,1363,1338,1551,1373,1581,1353,1609,1358,1627,1382,1606,1384,1578,1379,1371,1561,1416,1540,1458,1533,1481,1543,1509,1541,1535,1558,1550,1592,1524,1602,1495,1607,1467,1605,1441,1598,1405,1583,1386,1561,1453,1561,1477,1566,1504,1569,1538,1586,1500,1579,1474,1575,1449,1570
1729,h,1,1,1176,1176,1711,1711,57.63333333333333,1199,1345,1191,1410,1189,1476,1194,1540,1217,1599,1262,1645,1318,1677,1376,1705,1438,1722,1496,1720,1545,1696,1590,1662,1622,1617,1644,1567,1662,1516,1672,1465,1677,1416,1296,1288,1339,1263,1389,1262,1439,1275,1483,1294,1542,1311,1581,1309,1620,1313,1656,1327,1673,1358,1507,1346,1506,1377,1506,1407,1506,1440,1433,1481,1460,1489,1487,1500,1514,1499,1537,1498,1340,1327,1371,1314,1402,1321,1425,1350,1396,1344,1365,1337,1552,1374,1581,1355,1610,1360,1628,1384,1607,1385,1579,1380,1373,1560,1418,1538,1460,1532,1483,1543,1510,1541,1537,1558,1555,1590,1527,1599,1498,1604,1469,1602,1443,1595,1408,1581,1389,1559,1455,1560,1479,1566,1506,1569,1542,1584,1503,1575,1475,1573,1451,1567
1730,h,1,1,1176,1176,1711,1711,57.666666666666664,1199,1345,1191,1410,1189,1476,1194,1540,1217,1599,1262,1645,1318,1677,1376,1705,1438,1722,1496,1720,1545,1696,1590,1662,1622,1617,1644,1567,1662,1516,1672,1465,1677,1416,1296,1288,1339,1263,1389,1262,1439,1275,1483,1294,1542,1311,1581,1309,1620,1313,1656,1327,1673,1358,1507,1346,1506,1377,1506,1407,1506,1440,1433,1481,1460,1489,1487,1500,1514,1499,1537,1498,1340,1327,1371,1314,1402,1321,1425,1350,1396,1344,1365,1337,1552,1374,1581,1355,1610,1360,1628,1384,1607,1385,1579,1380,1373,1560,1418,1538,1460,1532,1483,1543,1510,1541,1537,1558,1555,1590,1527,1599,1498,1604,1469,1602,1443,1595,1408,1581,1389,1559,1455,1560,1479,1566,1506,1569,1542,1584,1503,1575,1475,1573,1451,1567
1731,h,1,1,1228,1228,1673,1673,57.7,1197,1346,1191,1411,1190,1477,1196,1542,1218,1601,1262,1647,1318,1677,1376,1702,1438,1716,1495,1715,1543,1694,1584,1662,1615,1620,1637,1572,1654,1523,1664,1473,1669,1424,1291,1292,1333,1265,1385,1263,1435,1274,1481,1294,1542,1312,1581,1309,1621,1313,1656,1329,1672,1363,1505,1345,1505,1376,1504,1407,1505,1440,1433,1480,1460,1488,1487,1498,1512,1498,1536,1497,1337,1328,1368,1313,1400,1319,1424,1350,1393,1346,1361,1339,1550,1374,1580,1354,1609,1358,1628,1383,1606,1385,1578,1381,1371,1558,1417,1539,1458,1533,1482,1543,1509,1542,1535,1558,1551,1588,1525,1597,1496,1602,1468,1600,1442,1593,1406,1579,1386,1558,1453,1558,1478,1564,1505,1566,1539,1583,1501,1574,1474,1572,1449,1566
1732,h,1,1,1228,1228,1673,1673,57.733333333333334,1202,1344,1197,1409,1196,1475,1200,1539,1222,1599,1265,1644,1319,1675,1376,1700,1436,1715,1493,1715,1541,1694,1583,1663,1614,1621,1637,1573,1655,1524,1666,1474,1673,1422,1294,1290,1336,1265,1386,1263,1435,1274,1480,1293,1542,1310,1581,1309,1621,1312,1656,1328,1672,1361,1505,1344,1504,1376,1504,1407,1504,1441,1432,1480,1459,1488,1487,1498,1512,1497,1536,1496,1338,1328,1369,1314,1401,1320,1424,1350,1395,1346,1363,1339,1550,1374,1580,1354,1608,1359,1627,1383,1605,1385,1577,1380,1371,1561,1415,1538,1457,1531,1482,1541,1509,1540,1536,1557,1551,1590,1525,1600,1495,1604,1467,1602,1440,1595,1404,1581,1386,1560,1452,1557,1477,1563,1504,1566,1539,1584,1501,1577,1473,1574,1448,1569
1733,h,1,1,1228,1228,1673,1673,57.766666666666666,1202,1344,1197,1409,1196,1475,1200,1539,1222,1599,1265,1644,1319,1675,1376,1700,1436,1715,1493,1715,1541,1694,1583,1663,1614,1621,1637,1573,1655,1524,1666,1474,1673,1422,1294,1290,1336,1265,1386,1263,1435,1274,1480,1293,1542,1310,1581,1309,1621,1312,1656,1328,1672,1361,1505,1344,1504,1376,1504,1407,1504,1441,1432,1480,1459,1488,1487,1498,1512,1497,1536,1496,1338,1328,1369,1314,1401,1320,1424,1350,1395,1346,1363,1339,1550,1374,1580,1354,1608,1359,1627,1383,1605,1385,1577,1380,1371,1561,1415,1538,1457,1531,1482,1541,1509,1540,1536,1557,1551,1590,1525,1600,1495,1604,1467,1602,1440,1595,1404,1581,1386,1560,1452,1557,1477,1563,1504,1566,1539,1584,1501,1577,1473,1574,1448,1569
1734,h,1,1,1176,1176,1711,1711,57.8,1198,1341,1190,1407,1188,1473,1193,1539,1218,1600,1262,1648,1319,1683,1377,1712,1438,1729,1495,1726,1543,1701,1586,1665,1620,1619,1644,1567,1661,1514,1670,1461,1673,1411,1296,1289,1338,1265,1387,1263,1436,1275,1480,1295,1542,1311,1580,1310,1618,1313,1651,1329,1666,1360,1506,1346,1505,1377,1505,1407,1505,1440,1431,1480,1458,1489,1486,1499,1513,1498,1538,1497,1339,1326,1370,1314,1400,1321,1423,1349,1394,1344,1364,1337,1551,1374,1580,1355,1608,1360,1627,1383,1606,1384,1578,1380,1372,1561,1416,1537,1458,1531,1482,1541,1510,1540,1539,1557,1554,1591,1529,1602,1498,1608,1468,1606,1441,1599,1405,1583,1387,1560,1454,1559,1478,1565,1506,1567,1541,1584,1503,1578,1474,1575,1449,1570
1735,h,1,1,1228,1228,1673,1673,57.833333333333336,1198,1340,1193,1406,1193,1471,1197,1536,1219,1596,1262,1642,1317,1673,1375,1700,1436,1714,1493,1713,1541,1692,1584,1660,1614,1617,1636,1569,1653,1520,1664,1470,1670,1420,1292,1291,1334,1265,1385,1261,1435,1273,1480,1292,1541,1308,1580,1307,1620,1312,1655,1328,1671,1361,1504,1343,1503,1376,1503,1407,1503,1441,1432,1480,1459,1487,1486,1497,1512,1496,1535,1495,1338,1327,1369,1313,1400,1320,1423,1349,1393,1344,1362,1338,1549,1372,1579,1353,1608,1358,1626,1382,1605,1383,1577,1378,1370,1560,1414,1538,1456,1531,1481,1540,1508,1539,1535,1556,1551,1589,1525,1601,1495,1607,1466,1605,1439,1598,1403,1583,1384,1559,1451,1556,1477,1562,1503,1564,1539,1583,1500,1579,1473,1577,1447,1572
1736,h,1,1,1228,1228,1673,1673,57.86666666666667,1199,1338,1192,1404,1191,1469,1195,1535,1217,1595,1259,1643,1313,1675,1371,1703,1433,1719,1490,1720,1538,1698,1580,1666,1611,1623,1635,1574,1653,1523,1665,1473,1671,1421,1294,1288,1337,1264,1387,1262,1437,1274,1481,1294,1542,1311,1581,1309,1621,1313,1656,1328,1672,1360,1505,1345,1505,1376,1504,1407,1505,1441,1433,1480,1460,1488,1487,1498,1513,1497,1536,1496,1338,1327,1368,1314,1400,1320,1424,1350,1394,1346,1362,1338,1550,1374,1580,1354,1609,1359,1628,1383,1606,1385,1577,1380,1371,1562,1415,1539,1458,1532,1482,1542,1509,1540,1536,1558,1551,1591,1526,1604,1496,1610,1468,1608,1441,1601,1404,1585,1386,1562,1453,1558,1478,1564,1504,1566,1539,1586,1501,1582,1474,1579,1448,1574
1737,h,1,1,1228,1228,1673,1673,57.9,1199,1338,1192,1404,1191,1469,1195,1535,1217,1595,1259,1643,1313,1675,1371,1703,1433,1719,1490,1720,1538,1698,1580,1666,1611,1623,1635,1574,1653,1523,1665,1473,1671,1421,1294,1288,1337,1264,1387,1262,1437,1274,1481,1294,1542,1311,1581,1309,1621,1313,1656,1328,1672,1360,1505,1345,1505,1376,1504,1407,1505,1441,1433,1480,1460,1488,1487,1498,1513,1497,1536,1496,1338,1327,1368,1314,1400,1320,1424,1350,1394,1346,1362,1338,1550,1374,1580,1354,1609,1359,1628,1383,1606,1385,1577,1380,1371,1562,1415,1539,1458,1532,1482,1542,1509,1540,1536,1558,1551,1591,1526,1604,1496,1610,1468,1608,1441,1601,1404,1585,1386,1562,1453,1558,1478,1564,1504,1566,1539,1586,1501,1582,1474,1579,1448,1574
1738,h,1,1,1228,1228,1673,1673,57.93333333333333,1202,1339,1195,1404,1194,1470,1199,1535,1221,1595,1262,1642,1316,1675,1373,1703,1433,1719,1490,1718,1539,1696,1582,1664,1614,1621,1638,1573,1657,1522,1668,1471,1675,1420,1295,1288,1337,1264,1387,1261,1436,1273,1480,1293,1542,1312,1580,1308,1620,1312,1656,1327,1673,1359,1505,1345,1504,1376,1504,1407,1504,1440,1432,1480,1459,1488,1487,1498,1512,1497,1536,1496,1338,1327,1369,1313,1401,1320,1424,1349,1394,1345,1363,1337,1550,1374,1580,1354,1609,1359,1628,1383,1606,1384,1577,1379,1370,1563,1414,1540,1456,1533,1481,1542,1508,1541,1535,1558,1551,1592,1524,1605,1494,1611,1466,1609,1439,1603,1403,1587,1385,1562,1452,1558,1477,1564,1503,1566,1539,1587,1500,1583,1473,1581,1447,1576
1739,h,1,1,1228,1228,1673,1673,57.96666666666667,1206,1337,1199,1404,1198,1470,1203,1535,1225,1595,1266,1643,1320,1676,1376,1704,1436,1719,1493,1718,1542,1696,1585,1665,1616,1623,1639,1575,1657,1524,1668,1473,1674,1422,1299,1287,1341,1263,1391,1261,1440,1274,1483,1294,1545,1312,1584,1308,1623,1312,1657,1328,1673,1360,1508,1345,1507,1377,1507,1408,1507,1442,1434,1480,1461,1488,1488,1498,1515,1498,1538,1497,1342,1326,1373,1312,1404,1319,1428,1349,1398,1345,1366,1338,1552,1373,1582,1353,1611,1358,1630,1382,1608,1385,1580,1380,1372,1562,1415,1539,1457,1532,1481,1542,1509,1541,1538,1559,1553,1593,1527,1605,1497,1612,1467,1610,1440,1603,1404,1586,1387,1562,1452,1559,1477,1565,1505,1567,1541,1587,1502,1582,1473,1580,1448,1574
1740,h,1,1,1228,1228,1673,1673,58.0,1205,1341,1199,1408,1199,1474,1206,1539,1230,1599,1272,1646,1324,1679,1380,1706,1439,1721,1494,1719,1541,1696,1582,1663,1614,1619,1638,1571,1656,1520,1668,1469,1673,1417,1296,1288,1338,1263,1388,1261,1437,1273,1482,1293,1544,1310,1584,1309,1623,1312,1658,1328,1674,1360,1507,1345,1506,1377,1506,1407,1507,1441,1434,1481,1462,1490,1489,1500,1515,1499,1538,1498,1339,1326,1370,1312,1401,1319,1425,1349,1395,1345,1363,1338,1551,1373,1581,1353,1611,1358,1630,1383,1608,1385,1579,1380,1373,1562,1416,1540,1458,1534,1483,1543,1510,1542,1538,1559,1554,1593,1527,1606,1496,1613,1468,1611,1441,1604,1405,1587,1388,1562,1453,1560,1478,1566,1505,1568,1541,1587,1502,1583,1474,1580,1449,1575
1741,h,1,1,1228,1228,1673,1673,58.03333333333333,1205,1341,1199,1408,1199,1474,1206,1539,1230,1599,1272,1646,1324,1679,1380,1706,1439,1721,1494,1719,1541,1696,1582,1663,1614,1619,1638,1571,1656,1520,1668,1469,1673,1417,1296,1288,1338,1263,1388,1261,1437,1273,1482,1293,1544,1310,1584,1309,1623,1312,1658,1328,1674,1360,1507,1345,1506,1377,1506,1407,1507,1441,1434,1481,1462,1490,1489,1500,1515,1499,1538,1498,1339,1326,1370,1312,1401,1319,1425,1349,1395,1345,1363,1338,1551,1373,1581,1353,1611,1358,1630,1383,1608,1385,1579,1380,1373,1562,1416,1540,1458,1534,1483,1543,1510,1542,1538,1559,1554,1593,1527,1606,1496,1613,1468,1611,1441,1604,1405,1587,1388,1562,1453,1560,1478,1566,1505,1568,1541,1587,1502,1583,1474,1580,1449,1575
1742,h,1,1,1228,1228,1673,1673,58.06666666666667,1203,1341,1197,1408,1197,1475,1201,1541,1223,1601,1266,1648,1320,1681,1376,1709,1437,1724,1492,1723,1540,1700,1583,1667,1615,1623,1639,1573,1658,1523,1670,1472,1677,1420,1297,1292,1339,1265,1390,1262,1441,1273,1486,1292,1544,1310,1585,1310,1626,1315,1661,1332,1677,1366,1508,1346,1507,1377,1507,1407,1507,1441,1435,1481,1462,1489,1489,1499,1515,1499,1538,1498,1342,1326,1373,1313,1405,1319,1428,1350,1398,1344,1367,1337,1552,1374,1582,1355,1611,1360,1630,1384,1608,1385,1579,1381,1371,1562,1414,1540,1457,1533,1482,1543,1510,1542,1537,1560,1554,1594,1526,1608,1496,1614,1467,1612,1439,1605,1403,1588,1385,1562,1451,1559,1477,1565,1505,1567,1541,1589,1502,1585,1473,1582,1447,1576
1743,h,1,1,1277,1228,1723,1673,58.1,1207,1343,1203,1409,1204,1474,1211,1538,1234,1597,1275,1644,1327,1678,1381,1705,1442,1722,1498,1722,1545,1700,1586,1667,1617,1621,1641,1570,1660,1520,1674,1467,1680,1414,1295,1292,1337,1265,1388,1261,1438,1273,1485,1292,1545,1311,1587,1309,1630,1313,1667,1330,1685,1368,1507,1344,1506,1376,1506,1407,1505,1440,1435,1481,1461,1489,1489,1499,1515,1499,1541,1498,1341,1326,1372,1312,1404,1319,1428,1348,1396,1344,1365,1337,1555,1375,1584,1356,1614,1361,1635,1386,1610,1387,1580,1382,1377,1564,1416,1541,1458,1534,1486,1544,1512,1542,1538,1559,1555,1595,1529,1609,1499,1615,1471,1612,1441,1605,1405,1588,1392,1564,1453,1560,1481,1566,1507,1568,1543,1589,1505,1585,1478,1582,1449,1576
1744,h,1,1,1277,1228,1723,1673,58.13333333333333,1209,1344,1204,1409,1204,1473,1211,1535,1234,1594,1274,1642,1327,1677,1381,1705,1442,1721,1498,1722,1546,1699,1587,1664,1618,1617,1641,1566,1660,1516,1672,1464,1676,1411,1298,1293,1339,1267,1389,1263,1439,1274,1485,1293,1544,1313,1584,1311,1625,1316,1661,1332,1679,1366,1506,1347,1506,1378,1506,1408,1506,1441,1436,1482,1462,1490,1490,1499,1516,1499,1541,1498,1341,1331,1373,1321,1404,1326,1429,1352,1397,1349,1366,1342,1554,1377,1584,1363,1613,1368,1634,1389,1609,1391,1580,1385,1377,1566,1418,1542,1460,1535,1487,1544,1513,1542,1540,1560,1556,1595,1530,1611,1500,1617,1472,1615,1443,1608,1407,1591,1392,1566,1455,1560,1483,1566,1508,1568,1544,1590,1505,1586,1479,1584,1451,1578
1745,h,1,1,1277,1228,1723,1673,58.166666666666664,1209,1344,1204,1409,1204,1473,1211,1535,1234,1594,1274,1642,1327,1677,1381,1705,1442,1721,1498,1722,1546,1699,1587,1664,1618,1617,1641,1566,1660,1516,1672,1464,1676,1411,1298,1293,1339,1267,1389,1263,1439,1274,1485,1293,1544,1313,1584,1311,1625,1316,1661,1332,1679,1366,1506,1347,1506,1378,1506,1408,1506,1441,1436,1482,1462,1490,1490,1499,1516,1499,1541,1498,1341,1331,1373,1321,1404,1326,1429,1352,1397,1349,1366,1342,1554,1377,1584,1363,1613,1368,1634,1389,1609,1391,1580,1385,1377,1566,1418,1542,1460,1535,1487,1544,1513,1542,1540,1560,1556,1595,1530,1611,1500,1617,1472,1615,1443,1608,1407,1591,1392,1566,1455,1560,1483,1566,1508,1568,1544,1590,1505,1586,1479,1584,1451,1578
1746,h,1,1,1277,1228,1723,1673,58.2,1212,1337,1206,1403,1206,1467,1212,1531,1234,1592,1274,1641,1326,1677,1382,1705,1442,1721,1499,1722,1546,1699,1587,1665,1618,1618,1640,1567,1658,1516,1671,1464,1676,1412,1302,1289,1344,1265,1393,1263,1442,1275,1487,1293,1547,1312,1588,1310,1629,1314,1665,1330,1682,1365,1508,1348,1508,1379,1507,1410,1507,1443,1438,1483,1464,1491,1491,1501,1517,1501,1541,1499,1345,1330,1376,1319,1408,1325,1432,1352,1400,1349,1369,1342,1554,1378,1585,1363,1614,1367,1635,1390,1610,1392,1581,1386,1379,1566,1419,1542,1460,1535,1487,1546,1513,1544,1540,1561,1555,1595,1531,1610,1501,1616,1473,1614,1445,1607,1408,1590,1394,1566,1455,1561,1483,1567,1509,1569,1544,1590,1506,1587,1480,1584,1452,1578
1747,h,1,1,1277,1228,1723,1673,58.233333333333334,1212,1343,1206,1408,1206,1473,1213,1537,1234,1599,1274,1647,1327,1682,1380,1711,1441,1727,1496,1728,1543,1705,1586,1671,1618,1625,1642,1574,1662,1523,1674,1469,1679,1415,1299,1297,1339,1270,1391,1266,1442,1278,1487,1298,1546,1315,1588,1314,1630,1318,1667,1335,1684,1374,1509,1348,1508,1380,1507,1411,1507,1444,1436,1484,1463,1492,1491,1502,1517,1502,1542,1501,1344,1332,1376,1321,1408,1326,1431,1353,1401,1349,1369,1342,1556,1379,1587,1363,1616,1369,1636,1391,1612,1392,1583,1386,1379,1567,1419,1544,1461,1537,1488,1548,1515,1546,1542,1564,1558,1600,1531,1614,1501,1621,1472,1618,1444,1610,1408,1593,1393,1568,1456,1563,1484,1570,1510,1572,1546,1594,1507,1591,1479,1588,1452,1581
1748,h,1,1,1277,1228,1723,1673,58.266666666666666,1212,1343,1206,1408,1206,1473,1213,1537,1234,1599,1274,1647,1327,1682,1380,1711,1441,1727,1496,1728,1543,1705,1586,1671,1618,1625,1642,1574,1662,1523,1674,1469,1679,1415,1299,1297,1339,1270,1391,1266,1442,1278,1487,1298,1546,1315,1588,1314,1630,1318,1667,1335,1684,1374,1509,1348,1508,1380,1507,1411,1507,1444,1436,1484,1463,1492,1491,1502,1517,1502,1542,1501,1344,1332,1376,1321,1408,1326,1431,1353,1401,1349,1369,1342,1556,1379,1587,1363,1616,1369,1636,1391,1612,1392,1583,1386,1379,1567,1419,1544,1461,1537,1488,1548,1515,1546,1542,1564,1558,1600,1531,1614,1501,1621,1472,1618,1444,1610,1408,1593,1393,1568,1456,1563,1484,1570,1510,1572,1546,1594,1507,1591,1479,1588,1452,1581
1749,h,1,1,1277,1228,1723,1673,58.3,1209,1342,1204,1408,1204,1473,1210,1538,1232,1599,1274,1647,1326,1682,1381,1711,1441,1727,1495,1727,1542,1704,1584,1670,1616,1625,1639,1575,1659,1524,1672,1472,1679,1421,1302,1292,1344,1269,1394,1267,1443,1280,1488,1299,1550,1317,1590,1316,1630,1320,1665,1336,1681,1370,1511,1352,1510,1383,1509,1413,1509,1445,1438,1486,1464,1494,1491,1504,1517,1504,1542,1503,1346,1332,1378,1321,1409,1327,1433,1354,1402,1350,1371,1343,1556,1380,1585,1364,1614,1370,1634,1392,1610,1393,1581,1388,1379,1570,1419,1546,1463,1539,1489,1549,1515,1547,1541,1565,1556,1600,1531,1615,1501,1622,1473,1620,1445,1612,1408,1594,1394,1571,1457,1565,1484,1571,1510,1573,1544,1595,1507,1592,1481,1589,1453,1583
1750,h,1,1,1277,1228,1723,1673,58.333333333333336,1210,1340,1204,1406,1203,1473,1209,1538,1232,1600,1274,1648,1327,1683,1380,1713,1440,1730,1495,1730,1542,1705,1584,1671,1617,1626,1641,1575,1662,1523,1675,1470,1681,1417,1304,1292,1346,1269,1396,1267,1444,1280,1489,1299,1551,1318,1591,1317,1632,1321,1667,1337,1684,1372,1511,1353,1510,1385,1510,1415,1509,1448,1438,1487,1464,1495,1492,1505,1517,1505,1542,1504,1348,1331,1379,1320,1411,1327,1434,1355,1403,1351,1372,1344,1557,1381,1585,1364,1615,1370,1635,1392,1611,1394,1582,1389,1379,1571,1420,1547,1462,1540,1488,1550,1513,1549,1540,1566,1555,1602,1530,1617,1499,1624,1472,1621,1445,1614,1408,1596,1394,1571,1457,1565,1483,1571,1508,1574,1543,1597,1505,1594,1479,1591,1453,1585
1753,h,1,1,1236,1176,1771,1711,58.43333333333333,1205,1343,1194,1408,1191,1476,1199,1543,1225,1604,1269,1652,1324,1688,1379,1719,1440,1736,1496,1734,1543,1707,1586,1671,1620,1624,1645,1572,1666,1521,1677,1468,1678,1417,1306,1289,1348,1269,1396,1270,1443,1283,1487,1303,1550,1321,1586,1320,1622,1322,1654,1333,1672,1359,1510,1355,1509,1385,1509,1414,1509,1446,1438,1489,1464,1499,1493,1509,1518,1509,1543,1506,1347,1332,1378,1321,1410,1327,1434,1356,1402,1353,1370,1345,1556,1382,1584,1364,1614,1369,1633,1392,1610,1394,1581,1389,1378,1573,1420,1551,1464,1543,1489,1553,1513,1551,1540,1568,1557,1602,1529,1615,1500,1622,1474,1620,1447,1613,1410,1596,1394,1574,1459,1572,1485,1577,1508,1580,1544,1597,1506,1591,1481,1589,1456,1583
1755,h,1,1,1176,1176,1711,1711,58.5,1203,1349,1194,1413,1191,1480,1196,1545,1219,1606,1264,1654,1321,1687,1380,1716,1442,1733,1499,1731,1547,1707,1590,1672,1623,1627,1646,1578,1666,1527,1677,1476,1681,1425,1302,1295,1345,1270,1395,1270,1444,1283,1488,1302,1549,1319,1588,1319,1626,1323,1659,1338,1675,1369,1512,1353,1512,1384,1513,1414,1513,1447,1439,1488,1466,1497,1494,1507,1519,1507,1542,1507,1345,1334,1377,1322,1408,1329,1431,1357,1402,1352,1371,1345,1556,1381,1586,1364,1614,1369,1632,1392,1611,1393,1584,1388,1379,1566,1429,1548,1470,1542,1491,1552,1516,1551,1542,1569,1560,1597,1530,1605,1501,1608,1475,1605,1452,1599,1417,1587,1394,1567,1465,1567,1486,1573,1511,1576,1547,1592,1507,1580,1482,1576,1460,1571
1756,h,1,1,1176,1176,1711,1711,58.53333333333333,1203,1349,1194,1413,1191,1480,1196,1545,1219,1606,1264,1654,1321,1687,1380,1716,1442,1733,1499,1731,1547,1707,1590,1672,1623,1627,1646,1578,1666,1527,1677,1476,1681,1425,1302,1295,1345,1270,1395,1270,1444,1283,1488,1302,1549,1319,1588,1319,1626,1323,1659,1338,1675,1369,1512,1353,1512,1384,1513,1414,1513,1447,1439,1488,1466,1497,1494,1507,1519,1507,1542,1507,1345,1334,1377,1322,1408,1329,1431,1357,1402,1352,1371,1345,1556,1381,1586,1364,1614,1369,1632,1392,1611,1393,1584,1388,1379,1566,1429,1548,1470,1542,1491,1552,1516,1551,1542,1569,1560,1597,1530,1605,1501,1608,1475,1605,1452,1599,1417,1587,1394,1567,1465,1567,1486,1573,1511,1576,1547,1592,1507,1580,1482,1576,1460,1571
1757,h,1,1,1176,1176,1711,1711,58.56666666666667,1202,1352,1192,1417,1189,1483,1194,1546,1219,1606,1263,1652,1319,1683,1378,1710,1439,1727,1495,1726,1545,1703,1588,1669,1622,1625,1646,1575,1665,1524,1676,1474,1680,1425,1303,1293,1346,1269,1395,1268,1443,1281,1486,1302,1550,1320,1588,1318,1625,1321,1657,1336,1674,1364,1511,1353,1510,1384,1510,1414,1511,1446,1438,1489,1465,1497,1492,1506,1518,1507,1541,1506,1345,1334,1376,1321,1408,1328,1430,1357,1401,1353,1370,1346,1556,1381,1586,1362,1614,1368,1632,1392,1611,1393,1583,1388,1376,1566,1426,1548,1468,1541,1489,1550,1515,1550,1542,1567,1560,1596,1530,1603,1501,1607,1474,1605,1449,1599,1414,1587,1391,1567,1463,1566,1485,1572,1510,1575,1548,1591,1506,1579,1480,1576,1458,1571
1758,h,1,1,1176,1176,1711,1711,58.6,1201,1352,1192,1418,1190,1486,1195,1551,1220,1612,1264,1659,1321,1692,1379,1720,1442,1736,1498,1735,1548,1712,1591,1676,1624,1631,1647,1580,1668,1528,1679,1477,1683,1426,1303,1292,1347,1269,1396,1268,1446,1281,1490,1300,1550,1318,1590,1317,1628,1321,1663,1334,1680,1363,1513,1352,1512,1383,1512,1413,1513,1447,1438,1488,1466,1496,1493,1507,1519,1507,1543,1506,1346,1332,1378,1319,1409,1326,1431,1355,1403,1350,1372,1343,1558,1380,1588,1361,1616,1366,1635,1391,1614,1392,1585,1387,1375,1567,1423,1546,1467,1539,1489,1549,1516,1548,1543,1566,1558,1597,1531,1607,1501,1612,1473,1609,1447,1602,1412,1588,1390,1567,1461,1567,1485,1573,1511,1576,1546,1591,1507,1580,1480,1577,1456,1572
1759,h,1,1,1236,1176,1771,1711,58.63333333333333,1198,1352,1192,1418,1190,1483,1197,1548,1222,1609,1267,1656,1324,1689,1381,1718,1443,1735,1500,1735,1548,1712,1592,1675,1625,1629,1650,1577,1670,1525,1681,1473,1684,1421,1302,1291,1344,1269,1395,1268,1443,1280,1489,1300,1548,1318,1585,1317,1624,1319,1659,1331,1679,1360,1510,1350,1510,1383,1510,1413,1510,1447,1438,1488,1464,1497,1493,1507,1520,1507,1545,1504,1344,1333,1375,1320,1407,1325,1432,1355,1400,1351,1369,1343,1557,1380,1586,1361,1616,1365,1637,1390,1612,1391,1583,1386,1379,1569,1419,1547,1464,1539,1490,1550,1514,1548,1542,1566,1558,1599,1530,1616,1499,1624,1473,1622,1445,1614,1408,1595,1393,1569,1459,1566,1486,1573,1509,1575,1545,1593,1505,1592,1480,1591,1454,1585
1760,h,1,1,1236,1176,1771,1711,58.666666666666664,1198,1352,1192,1418,1190,1483,1197,1548,1222,1609,1267,1656,1324,1689,1381,1718,1443,1735,1500,1735,1548,1712,1592,1675,1625,1629,1650,1577,1670,1525,1681,1473,1684,1421,1302,1291,1344,1269,1395,1268,1443,1280,1489,1300,1548,1318,1585,1317,1624,1319,1659,1331,1679,1360,1510,1350,1510,1383,1510,1413,1510,1447,1438,1488,1464,1497,1493,1507,1520,1507,1545,1504,1344,1333,1375,1320,1407,1325,1432,1355,1400,1351,1369,1343,1557,1380,1586,1361,1616,1365,1637,1390,1612,1391,1583,1386,1379,1569,1419,1547,1464,1539,1490,1550,1514,1548,1542,1566,1558,1599,1530,1616,1499,1624,1473,1622,1445,1614,1408,1595,1393,1569,1459,1566,1486,1573,1509,1575,1545,1593,1505,1592,1480,1591,1454,1585
1761,h,1,1,1236,1176,1771,1711,58.7,1203,1352,1196,1417,1195,1483,1204,1549,1230,1610,1275,1657,1330,1692,1384,1723,1444,1741,1500,1739,1547,1713,1589,1676,1624,1629,1649,1579,1670,1527,1681,1474,1684,1424,1304,1292,1345,1269,1394,1269,1443,1280,1488,1299,1548,1316,1585,1316,1623,1319,1657,1332,1676,1360,1510,1350,1509,1382,1509,1413,1508,1447,1436,1487,1464,1497,1492,1507,1519,1507,1544,1505,1344,1332,1375,1320,1407,1325,1432,1355,1400,1350,1369,1342,1556,1380,1585,1362,1615,1366,1637,1391,1612,1392,1582,1386,1379,1570,1417,1545,1462,1538,1489,1550,1516,1547,1545,1565,1561,1600,1533,1620,1502,1631,1473,1629,1443,1621,1406,1599,1393,1570,1457,1566,1485,1573,1511,1575,1549,1595,1507,1598,1480,1597,1452,1590
1762,h,1,1,1236,1176,1771,1711,58.733333333333334,1197,1351,1190,1417,1188,1483,1196,1548,1222,1609,1267,1656,1323,1690,1379,1719,1442,1737,1498,1737,1545,1713,1587,1677,1621,1631,1646,1580,1667,1528,1679,1474,1683,1421,1301,1294,1343,1270,1394,1268,1444,1280,1490,1299,1546,1318,1585,1316,1626,1320,1662,1334,1682,1364,1510,1352,1510,1383,1510,1414,1510,1447,1437,1488,1464,1498,1493,1508,1520,1508,1545,1505,1343,1333,1375,1319,1408,1325,1433,1356,1401,1352,1368,1344,1555,1381,1585,1362,1616,1366,1637,1392,1612,1393,1582,1387,1378,1571,1419,1547,1462,1539,1489,1550,1515,1548,1542,1565,1557,1602,1530,1617,1501,1626,1474,1625,1445,1617,1408,1598,1393,1571,1457,1568,1485,1574,1510,1576,1544,1596,1507,1595,1481,1593,1453,1587
1763,h,1,1,1236,1176,1771,1711,58.766666666666666,1197,1351,1190,1417,1188,1483,1196,1548,1222,1609,1267,1656,1323,1690,1379,1719,1442,1737,1498,1737,1545,1713,1587,1677,1621,1631,1646,1580,1667,1528,1679,1474,1683,1421,1301,1294,1343,1270,1394,1268,1444,1280,1490,1299,1546,1318,1585,1316,1626,1320,1662,1334,1682,1364,1510,1352,1510,1383,1510,1414,1510,1447,1437,1488,1464,1498,1493,1508,1520,1508,1545,1505,1343,1333,1375,1319,1408,1325,1433,1356,1401,1352,1368,1344,1555,1381,1585,1362,1616,1366,1637,1392,1612,1393,1582,1387,1378,1571,1419,1547,1462,1539,1489,1550,1515,1548,1542,1565,1557,1602,1530,1617,1501,1626,1474,1625,1445,1617,1408,1598,1393,1571,1457,1568,1485,1574,1510,1576,1544,1596,1507,1595,1481,1593,1453,1587
1764,h,1,1,1236,1176,1771,1711,58.8,1199,1344,1192,1409,1190,1475,1197,1541,1223,1602,1267,1649,1324,1683,1380,1712,1444,1730,1501,1729,1548,1705,1591,1669,1624,1623,1647,1573,1666,1522,1679,1470,1683,1420,1302,1290,1345,1269,1394,1268,1442,1281,1488,1299,1550,1318,1589,1317,1628,1320,1663,1332,1681,1362,1510,1352,1510,1383,1509,1413,1509,1446,1438,1488,1464,1497,1493,1508,1519,1508,1543,1505,1345,1332,1376,1318,1409,1324,1433,1356,1401,1351,1369,1343,1557,1381,1586,1361,1616,1366,1638,1391,1613,1393,1583,1387,1379,1571,1422,1550,1465,1543,1490,1553,1514,1551,1541,1567,1559,1600,1531,1611,1502,1616,1476,1614,1448,1607,1413,1591,1395,1570,1460,1571,1486,1576,1510,1578,1546,1594,1508,1586,1483,1583,1457,1578
1765,h,1,1,1176,1176,1711,1711,58.833333333333336,1201,1346,1191,1412,1187,1478,1192,1543,1214,1606,1258,1655,1315,1690,1375,1716,1438,1733,1495,1730,1546,1706,1591,1672,1624,1626,1647,1575,1666,1523,1678,1471,1683,1422,1302,1294,1347,1269,1397,1269,1446,1282,1490,1302,1552,1319,1590,1317,1628,1320,1662,1331,1678,1361,1514,1352,1513,1384,1513,1414,1513,1448,1437,1487,1465,1496,1493,1506,1520,1506,1544,1504,1346,1332,1378,1320,1409,1327,1432,1356,1403,1351,1371,1343,1558,1380,1587,1361,1615,1366,1634,1389,1613,1391,1585,1386,1375,1567,1424,1548,1466,1541,1488,1552,1514,1550,1541,1567,1558,1598,1529,1605,1500,1608,1473,1606,1448,1599,1413,1585,1391,1567,1460,1568,1484,1574,1509,1576,1545,1593,1506,1580,1480,1578,1456,1572
1766,h,1,1,1176,1176,1711,1711,58.86666666666667,1196,1347,1187,1414,1185,1481,1192,1547,1216,1608,1261,1655,1319,1689,1376,1717,1438,1733,1494,1730,1542,1705,1586,1671,1620,1627,1644,1576,1664,1525,1675,1475,1680,1425,1298,1297,1341,1270,1392,1267,1443,1280,1488,1300,1550,1318,1589,1316,1627,1318,1662,1333,1677,1365,1512,1351,1511,1383,1511,1414,1511,1448,1436,1487,1464,1496,1492,1507,1518,1506,1541,1504,1344,1331,1376,1318,1407,1325,1430,1355,1400,1351,1368,1344,1556,1380,1585,1359,1614,1364,1632,1388,1611,1391,1583,1386,1376,1568,1423,1548,1465,1540,1487,1551,1512,1550,1538,1567,1554,1598,1527,1607,1499,1613,1472,1611,1447,1604,1412,1589,1392,1567,1460,1568,1483,1574,1507,1577,1541,1592,1504,1584,1478,1581,1455,1575
1767,h,1,1,1176,1176,1711,1711,58.9,1196,1347,1187,1414,1185,1481,1192,1547,1216,1608,1261,1655,1319,1689,1376,1717,1438,1733,1494,1730,1542,1705,1586,1671,1620,1627,1644,1576,1664,1525,1675,1475,1680,1425,1298,1297,1341,1270,1392,1267,1443,1280,1488,1300,1550,1318,1589,1316,1627,1318,1662,1333,1677,1365,1512,1351,1511,1383,1511,1414,1511,1448,1436,1487,1464,1496,1492,1507,1518,1506,1541,1504,1344,1331,1376,1318,1407,1325,1430,1355,1400,1351,1368,1344,1556,1380,1585,1359,1614,1364,1632,1388,1611,1391,1583,1386,1376,1568,1423,1548,1465,1540,1487,1551,1512,1550,1538,1567,1554,1598,1527,1607,1499,1613,1472,1611,1447,1604,1412,1589,1392,1567,1460,1568,1483,1574,1507,1577,1541,1592,1504,1584,1478,1581,1455,1575
1768,h,1,1,1176,1176,1711,1711,58.93333333333333,1199,1346,1189,1412,1187,1480,1194,1546,1218,1607,1263,1656,1320,1691,1378,1720,1440,1738,1497,1736,1546,1710,1590,1674,1624,1627,1647,1575,1666,1523,1677,1472,1681,1423,1299,1294,1342,1268,1392,1267,1443,1280,1487,1300,1548,1318,1586,1315,1625,1318,1660,1331,1677,1361,1511,1351,1510,1383,1510,1414,1511,1448,1435,1487,1463,1496,1491,1507,1519,1506,1543,1505,1344,1332,1375,1319,1406,1326,1429,1354,1400,1350,1369,1343,1556,1379,1585,1360,1613,1365,1633,1388,1611,1390,1583,1385,1372,1571,1416,1546,1461,1538,1485,1549,1513,1547,1542,1566,1557,1601,1531,1614,1500,1622,1471,1620,1443,1612,1405,1594,1387,1570,1456,1568,1481,1574,1508,1576,1545,1595,1505,1590,1477,1587,1452,1581
1769,h,1,1,1176,1176,1711,1711,58.96666666666667,1203,1345,1194,1411,1192,1478,1198,1543,1222,1605,1265,1655,1320,1692,1378,1724,1440,1740,1497,1738,1546,1711,1590,1673,1622,1625,1646,1572,1666,1520,1678,1469,1683,1418,1299,1293,1341,1268,1392,1267,1441,1280,1485,1298,1547,1316,1586,1315,1624,1318,1658,1330,1676,1359,1511,1349,1510,1382,1509,1413,1509,1447,1434,1486,1462,1496,1490,1507,1517,1506,1542,1504,1343,1330,1374,1317,1405,1324,1428,1353,1399,1348,1368,1341,1555,1378,1585,1359,1613,1364,1633,1387,1611,1389,1583,1384,1373,1572,1414,1545,1458,1538,1484,1549,1514,1548,1543,1566,1556,1604,1531,1620,1500,1628,1469,1626,1440,1618,1402,1599,1388,1572,1454,1566,1480,1572,1509,1575,1543,1598,1505,1597,1475,1595,1449,1589
1770,h,1,1,1176,1176,1711,1711,59.0,1197,1340,1187,1406,1185,1474,1190,1541,1215,1602,1260,1652,1315,1690,1373,1722,1435,1740,1492,1738,1541,1711,1585,1673,1620,1625,1645,1574,1665,1521,1676,1469,1681,1417,1299,1291,1342,1268,1392,1268,1441,1281,1485,1299,1545,1317,1583,1316,1621,1319,1656,1332,1673,1362,1507,1351,1507,1383,1506,1414,1506,1448,1432,1487,1460,1496,1488,1507,1515,1507,1539,1506,1341,1331,1373,1319,1404,1326,1426,1355,1397,1350,1366,1343,1552,1379,1582,1360,1611,1365,1631,1389,1608,1391,1580,1386,1369,1570,1413,1545,1458,1537,1483,1548,1512,1546,1541,1565,1556,1602,1529,1619,1499,1628,1468,1626,1440,1618,1402,1600,1385,1570,1453,1567,1479,1572,1507,1575,1542,1597,1504,1597,1475,1594,1448,1588
1771,h,1,1,1176,1176,1711,1711,59.03333333333333,1197,1340,1187,1406,1185,1474,1190,1541,1215,1602,1260,1652,1315,1690,1373,1722,1435,1740,1492,1738,1541,1711,1585,1673,1620,1625,1645,1574,1665,1521,1676,1469,1681,1417,1299,1291,1342,1268,1392,1268,1441,1281,1485,1299,1545,1317,1583,1316,1621,1319,1656,1332,1673,1362,1507,1351,1507,1383,1506,1414,1506,1448,1432,1487,1460,1496,1488,1507,1515,1507,1539,1506,1341,1331,1373,1319,1404,1326,1426,1355,1397,1350,1366,1343,1552,1379,1582,1360,1611,1365,1631,1389,1608,1391,1580,1386,1369,1570,1413,1545,1458,1537,1483,1548,1512,1546,1541,1565,1556,1602,1529,1619,1499,1628,1468,1626,1440,1618,1402,1600,1385,1570,1453,1567,1479,1572,1507,1575,1542,1597,1504,1597,1475,1594,1448,1588
1772,h,1,1,1176,1176,1711,1711,59.06666666666667,1199,1343,1191,1410,1188,1478,1193,1545,1217,1607,1261,1659,1316,1696,1372,1726,1434,1743,1491,1740,1540,1713,1583,1678,1616,1631,1641,1580,1661,1527,1671,1474,1676,1422,1295,1298,1336,1271,1387,1268,1438,1280,1484,1299,1542,1314,1582,1315,1621,1320,1655,1335,1671,1366,1506,1349,1505,1382,1505,1414,1504,1449,1429,1487,1458,1496,1486,1507,1513,1506,1538,1505,1340,1329,1371,1318,1401,1325,1425,1352,1396,1347,1365,1340,1553,1377,1582,1360,1609,1365,1629,1388,1607,1388,1580,1383,1368,1572,1410,1545,1454,1537,1479,1548,1510,1546,1539,1565,1556,1603,1529,1617,1496,1625,1465,1624,1437,1617,1399,1599,1383,1571,1450,1565,1476,1571,1505,1573,1543,1596,1501,1594,1471,1592,1445,1587
1773,h,1,1,1176,1176,1711,1711,59.1,1197,1341,1188,1408,1186,1475,1191,1541,1213,1603,1257,1654,1311,1692,1367,1725,1429,1745,1487,1743,1537,1717,1582,1681,1616,1633,1641,1581,1661,1525,1673,1471,1679,1417,1297,1296,1338,1271,1388,1268,1439,1280,1484,1299,1541,1315,1581,1315,1621,1319,1655,1334,1672,1366,1506,1350,1505,1383,1504,1413,1503,1447,1430,1486,1457,1496,1485,1506,1513,1506,1538,1504,1341,1329,1371,1317,1402,1324,1425,1351,1396,1347,1365,1340,1552,1376,1580,1358,1608,1364,1627,1387,1605,1388,1578,1383,1369,1571,1411,1545,1455,1537,1480,1548,1510,1546,1539,1565,1555,1603,1528,1617,1496,1624,1465,1622,1438,1614,1401,1597,1385,1570,1451,1564,1476,1571,1505,1574,1543,1597,1502,1595,1472,1592,1446,1585
1774,h,1,1,1176,1176,1711,1711,59.13333333333333,1191,1351,1184,1418,1182,1486,1190,1551,1216,1611,1261,1660,1314,1695,1368,1725,1430,1744,1486,1743,1535,1717,1579,1682,1614,1636,1641,1586,1661,1532,1673,1479,1677,1427,1296,1296,1338,1272,1388,1269,1438,1280,1482,1299,1542,1316,1582,1315,1621,1319,1656,1335,1673,1367,1505,1350,1504,1383,1503,1414,1503,1448,1429,1488,1457,1497,1485,1507,1512,1507,1537,1506,1338,1330,1370,1318,1401,1324,1424,1354,1395,1349,1363,1341,1552,1379,1580,1359,1610,1364,1629,1388,1608,1390,1579,1385,1367,1573,1410,1545,1455,1538,1480,1548,1510,1547,1539,1566,1556,1605,1528,1618,1495,1625,1465,1623,1437,1616,1399,1598,1383,1572,1450,1566,1476,1572,1505,1575,1543,1598,1501,1595,1471,1592,1445,1586
1775,h,1,1,1176,1176,1711,1711,59.166666666666664,1191,1351,1184,1418,1182,1486,1190,1551,1216,1611,1261,1660,1314,1695,1368,1725,1430,1744,1486,1743,1535,1717,1579,1682,1614,1636,1641,1586,1661,1532,1673,1479,1677,1427,1296,1296,1338,1272,1388,1269,1438,1280,1482,1299,1542,1316,1582,1315,1621,1319,1656,1335,1673,1367,1505,1350,1504,1383,1503,1414,1503,1448,1429,1488,1457,1497,1485,1507,1512,1507,1537,1506,1338,1330,1370,1318,1401,1324,1424,1354,1395,1349,1363,1341,1552,1379,1580,1359,1610,1364,1629,1388,1608,1390,1579,1385,1367,1573,1410,1545,1455,1538,1480,1548,1510,1547,1539,1566,1556,1605,1528,1618,1495,1625,1465,1623,1437,1616,1399,1598,1383,1572,1450,1566,1476,1572,1505,1575,1543,1598,1501,1595,1471,1592,1445,1586
1776,h,1,1,1228,1228,1673,1673,59.2,1191,1352,1185,1418,1185,1485,1191,1551,1215,1612,1260,1658,1315,1692,1372,1721,1433,1737,1489,1736,1536,1711,1578,1678,1610,1634,1634,1585,1653,1533,1665,1481,1671,1429,1289,1296,1332,1272,1384,1269,1436,1281,1482,1302,1541,1318,1581,1316,1621,1320,1656,1335,1672,1368,1505,1351,1504,1383,1504,1414,1504,1448,1431,1487,1458,1496,1486,1506,1512,1506,1535,1505,1335,1333,1367,1319,1399,1325,1423,1356,1393,1352,1361,1345,1549,1379,1579,1359,1608,1364,1628,1389,1606,1391,1577,1386,1368,1570,1411,1545,1456,1538,1480,1549,1508,1547,1537,1566,1552,1603,1526,1621,1495,1628,1465,1626,1438,1619,1400,1600,1383,1571,1451,1566,1476,1572,1503,1575,1540,1598,1500,1596,1472,1594,1446,1587
1777,h,1,1,1176,1176,1711,1711,59.233333333333334,1194,1346,1185,1413,1182,1483,1189,1549,1214,1612,1258,1663,1313,1699,1368,1730,1431,1748,1488,1745,1536,1718,1581,1681,1616,1635,1643,1584,1663,1531,1674,1477,1678,1425,1294,1294,1336,1269,1385,1267,1436,1280,1480,1299,1542,1315,1581,1314,1620,1317,1654,1332,1670,1364,1504,1350,1503,1382,1503,1413,1503,1447,1429,1487,1457,1496,1485,1506,1512,1506,1537,1505,1338,1330,1368,1318,1399,1324,1422,1352,1393,1348,1362,1341,1551,1377,1579,1359,1607,1364,1626,1387,1605,1388,1577,1384,1365,1574,1409,1545,1454,1538,1479,1548,1508,1547,1538,1566,1554,1604,1526,1620,1493,1628,1463,1626,1435,1620,1397,1602,1380,1573,1449,1566,1475,1572,1503,1574,1541,1598,1499,1596,1469,1594,1443,1589
1778,h,1,1,1176,1176,1711,1711,59.266666666666666,1194,1346,1185,1413,1182,1483,1189,1549,1214,1612,1258,1663,1313,1699,1368,1730,1431,1748,1488,1745,1536,1718,1581,1681,1616,1635,1643,1584,1663,1531,1674,1477,1678,1425,1294,1294,1336,1269,1385,1267,1436,1280,1480,1299,1542,1315,1581,1314,1620,1317,1654,1332,1670,1364,1504,1350,1503,1382,1503,1413,1503,1447,1429,1487,1457,1496,1485,1506,1512,1506,1537,1505,1338,1330,1368,1318,1399,1324,1422,1352,1393,1348,1362,1341,1551,1377,1579,1359,1607,1364,1626,1387,1605,1388,1577,1384,1365,1574,1409,1545,1454,1538,1479,1548,1508,1547,1538,1566,1554,1604,1526,1620,1493,1628,1463,1626,1435,1620,1397,1602,1380,1573,1449,1566,1475,1572,1503,1574,1541,1598,1499,1596,1469,1594,1443,1589
1779,h,1,1,1176,1176,1711,1711,59.3,1192,1346,1184,1413,1181,1482,1188,1548,1213,1610,1257,1660,1313,1695,1369,1725,1429,1743,1485,1742,1533,1717,1577,1681,1612,1634,1639,1582,1660,1528,1672,1474,1678,1422,1292,1294,1334,1270,1384,1269,1435,1281,1480,1300,1541,1316,1580,1315,1619,1319,1652,1333,1669,1366,1503,1349,1503,1381,1502,1412,1502,1446,1430,1486,1457,1495,1485,1505,1511,1505,1535,1504,1336,1330,1367,1317,1399,1324,1422,1353,1392,1349,1361,1342,1550,1378,1579,1359,1607,1364,1626,1388,1605,1390,1577,1385,1368,1573,1411,1545,1455,1537,1480,1548,1509,1547,1538,1566,1552,1605,1526,1620,1495,1628,1464,1626,1436,1619,1399,1600,1383,1572,1450,1563,1476,1570,1504,1572,1540,1599,1500,1598,1471,1595,1444,1589
1780,h,1,1,1176,1176,1711,1711,59.333333333333336,1196,1338,1188,1403,1185,1470,1189,1537,1212,1601,1255,1652,1309,1691,1366,1723,1429,1742,1487,1740,1536,1714,1582,1679,1616,1631,1641,1579,1661,1524,1672,1469,1677,1416,1294,1291,1336,1267,1386,1266,1436,1279,1480,1298,1543,1315,1582,1314,1620,1316,1654,1328,1671,1358,1504,1350,1503,1382,1503,1413,1503,1447,1428,1486,1456,1494,1484,1505,1511,1504,1537,1503,1337,1330,1367,1318,1399,1325,1422,1353,1393,1348,1362,1341,1551,1377,1579,1359,1607,1363,1626,1386,1605,1387,1577,1383,1368,1574,1410,1545,1455,1537,1480,1548,1510,1547,1538,1566,1553,1605,1526,1619,1495,1627,1464,1625,1435,1618,1398,1600,1382,1573,1450,1566,1476,1571,1505,1575,1540,1599,1500,1597,1470,1593,1444,1587
1781,h,1,1,1176,1176,1711,1711,59.36666666666667,1194,1343,1185,1410,1182,1477,1188,1542,1213,1603,1256,1653,1311,1689,1369,1719,1431,1738,1488,1737,1537,1712,1581,1677,1614,1631,1639,1579,1659,1526,1671,1474,1676,1422,1294,1291,1337,1267,1387,1266,1436,1279,1480,1297,1541,1315,1580,1313,1619,1317,1653,1331,1670,1361,1504,1349,1503,1381,1502,1411,1502,1445,1429,1486,1457,1494,1484,1504,1511,1504,1536,1503,1337,1329,1368,1317,1399,1324,1422,1353,1393,1348,1362,1341,1550,1377,1579,1358,1608,1363,1627,1387,1605,1388,1577,1384,1369,1571,1412,1545,1456,1537,1480,1547,1508,1546,1538,1565,1553,1602,1526,1616,1494,1624,1464,1621,1437,1614,1400,1598,1384,1570,1451,1565,1476,1571,1503,1574,1541,1596,1499,1594,1471,1591,1446,1585
1782,h,1,1,1176,1176,1711,1711,59.4,1194,1343,1185,1410,1182,1477,1188,1542,1213,1603,1256,1653,1311,1689,1369,1719,1431,1738,1488,1737,1537,1712,1581,1677,1614,1631,1639,1579,1659,1526,1671,1474,1676,1422,1294,1291,1337,1267,1387,1266,1436,1279,1480,1297,1541,1315,1580,1313,1619,1317,1653,1331,1670,1361,1504,1349,1503,1381,1502,1411,1502,1445,1429,1486,1457,1494,1484,1504,1511,1504,1536,1503,1337,1329,1368,1317,1399,1324,1422,1353,1393,1348,1362,1341,1550,1377,1579,1358,1608,1363,1627,1387,1605,1388,1577,1384,1369,1571,1412,1545,1456,1537,1480,1547,1508,1546,1538,1565,1553,1602,1526,1616,1494,1624,1464,1621,1437,1614,1400,1598,1384,1570,1451,1565,1476,1571,1503,1574,1541,1596,1499,1594,1471,1591,1446,1585
1783,h,1,1,1176,1176,1711,1711,59.43333333333333,1196,1344,1188,1410,1185,1476,1190,1541,1216,1602,1261,1648,1316,1680,1372,1710,1430,1727,1485,1726,1531,1704,1574,1672,1609,1628,1635,1579,1655,1526,1668,1473,1674,1420,1292,1292,1336,1267,1387,1267,1437,1279,1481,1298,1541,1314,1580,1313,1618,1316,1652,1329,1669,1358,1504,1350,1504,1382,1503,1411,1503,1444,1429,1485,1456,1493,1484,1503,1510,1503,1535,1502,1336,1331,1368,1318,1400,1326,1423,1354,1393,1350,1361,1343,1549,1378,1578,1358,1607,1363,1626,1386,1605,1388,1577,1384,1369,1564,1415,1543,1458,1536,1480,1545,1507,1545,1535,1563,1552,1597,1523,1613,1492,1620,1464,1618,1439,1611,1403,1594,1384,1565,1453,1561,1476,1567,1502,1570,1540,1592,1497,1592,1471,1589,1447,1584
1784,h,1,1,1176,1176,1711,1711,59.46666666666667,1200,1339,1190,1404,1186,1470,1190,1534,1212,1597,1257,1646,1314,1682,1372,1713,1434,1731,1491,1729,1539,1703,1583,1667,1616,1623,1640,1571,1658,1518,1668,1467,1673,1416,1294,1290,1337,1267,1386,1266,1435,1279,1478,1298,1542,1314,1581,1313,1619,1316,1652,1328,1669,1358,1503,1350,1502,1381,1502,1411,1502,1445,1429,1484,1456,1492,1483,1503,1509,1503,1533,1502,1337,1329,1367,1317,1399,1324,1421,1353,1392,1348,1361,1341,1550,1376,1579,1357,1607,1362,1626,1386,1605,1388,1577,1384,1366,1563,1413,1543,1457,1536,1480,1545,1506,1544,1536,1563,1553,1596,1525,1611,1493,1618,1464,1615,1439,1608,1401,1591,1382,1564,1452,1564,1476,1570,1502,1573,1540,1591,1498,1586,1471,1584,1447,1578
1785,h,1,1,1176,1176,1711,1711,59.5,1191,1344,1183,1410,1180,1477,1185,1541,1210,1602,1256,1649,1315,1682,1373,1711,1432,1727,1488,1726,1535,1701,1578,1667,1611,1622,1636,1572,1653,1519,1663,1467,1667,1417,1291,1292,1334,1268,1385,1267,1434,1280,1479,1299,1539,1315,1578,1313,1615,1316,1648,1331,1663,1362,1502,1351,1502,1382,1503,1412,1504,1444,1430,1485,1457,1493,1485,1503,1510,1503,1534,1503,1335,1330,1366,1318,1397,1324,1419,1353,1390,1348,1359,1341,1548,1377,1577,1358,1605,1363,1623,1385,1603,1388,1575,1384,1362,1560,1411,1544,1456,1538,1480,1548,1508,1547,1537,1564,1554,1596,1525,1609,1493,1614,1464,1612,1437,1605,1399,1588,1378,1562,1451,1564,1476,1570,1503,1573,1542,1591,1498,1586,1470,1583,1445,1577
1786,h,1,1,1176,1176,1711,1711,59.53333333333333,1191,1344,1183,1410,1180,1477,1185,1541,1210,1602,1256,1649,1315,1682,1373,1711,1432,1727,1488,1726,1535,1701,1578,1667,1611,1622,1636,1572,1653,1519,1663,1467,1667,1417,1291,1292,1334,1268,1385,1267,1434,1280,1479,1299,1539,1315,1578,1313,1615,1316,1648,1331,1663,1362,1502,1351,1502,1382,1503,1412,1504,1444,1430,1485,1457,1493,1485,1503,1510,1503,1534,1503,1335,1330,1366,1318,1397,1324,1419,1353,1390,1348,1359,1341,1548,1377,1577,1358,1605,1363,1623,1385,1603,1388,1575,1384,1362,1560,1411,1544,1456,1538,1480,1548,1508,1547,1537,1564,1554,1596,1525,1609,1493,1614,1464,1612,1437,1605,1399,1588,1378,1562,1451,1564,1476,1570,1503,1573,1542,1591,1498,1586,1470,1583,1445,1577
1787,h,1,1,1176,1176,1711,1711,59.56666666666667,1195,1344,1185,1409,1181,1476,1186,1540,1210,1602,1255,1650,1312,1685,1369,1715,1430,1732,1487,1731,1534,1707,1577,1674,1611,1628,1636,1577,1655,1524,1666,1471,1670,1420,1290,1291,1334,1267,1384,1267,1434,1279,1479,1297,1540,1314,1579,1313,1618,1316,1652,1330,1670,1361,1502,1349,1501,1381,1501,1411,1501,1445,1428,1485,1455,1494,1483,1504,1508,1504,1533,1504,1335,1329,1366,1317,1397,1324,1421,1353,1391,1347,1359,1340,1549,1377,1578,1358,1607,1363,1626,1386,1605,1388,1576,1383,1367,1564,1412,1545,1455,1539,1480,1549,1508,1548,1536,1565,1553,1598,1524,1610,1493,1616,1464,1614,1437,1606,1401,1589,1382,1565,1450,1565,1475,1572,1503,1574,1541,1593,1499,1586,1470,1583,1444,1577
1788,h,1,1,1176,1176,1711,1711,59.6,1195,1346,1186,1412,1183,1479,1191,1544,1217,1605,1262,1654,1318,1689,1375,1719,1436,1736,1492,1734,1539,1708,1582,1673,1615,1627,1638,1577,1657,1525,1668,1472,1673,1420,1293,1292,1336,1268,1386,1268,1436,1281,1480,1300,1539,1316,1579,1315,1618,1318,1653,1332,1669,1365,1502,1350,1502,1382,1502,1412,1502,1446,1426,1486,1455,1495,1483,1506,1509,1505,1534,1505,1335,1330,1367,1318,1399,1325,1421,1355,1392,1350,1360,1342,1548,1379,1578,1360,1607,1364,1626,1388,1604,1390,1576,1386,1369,1570,1410,1544,1453,1538,1478,1548,1507,1546,1537,1565,1555,1602,1527,1613,1495,1618,1465,1615,1437,1608,1401,1591,1384,1569,1449,1566,1475,1572,1503,1574,1542,1595,1500,1587,1471,1584,1445,1578
1789,h,1,1,1176,1176,1711,1711,59.63333333333333,1194,1351,1187,1418,1186,1485,1194,1551,1219,1611,1263,1659,1319,1693,1375,1722,1435,1739,1491,1737,1538,1712,1582,1676,1615,1630,1640,1578,1660,1526,1671,1473,1676,1420,1289,1294,1332,1269,1383,1268,1434,1280,1480,1299,1536,1315,1577,1314,1616,1318,1652,1332,1670,1364,1501,1348,1500,1381,1500,1411,1500,1445,1426,1487,1454,1496,1482,1507,1508,1507,1533,1506,1333,1330,1364,1317,1396,1323,1420,1353,1390,1348,1358,1341,1547,1378,1577,1359,1607,1364,1627,1388,1604,1390,1575,1385,1367,1571,1409,1546,1453,1539,1477,1549,1505,1548,1535,1567,1553,1603,1524,1616,1492,1623,1463,1620,1436,1613,1398,1596,1382,1570,1448,1566,1473,1572,1501,1575,1539,1597,1497,1592,1469,1589,1443,1583
1790,h,1,1,1176,1176,1711,1711,59.666666666666664,1194,1351,1187,1418,1186,1485,1194,1551,1219,1611,1263,1659,1319,1693,1375,1722,1435,1739,1491,1737,1538,1712,1582,1676,1615,1630,1640,1578,1660,1526,1671,1473,1676,1420,1289,1294,1332,1269,1383,1268,1434,1280,1480,1299,1536,1315,1577,1314,1616,1318,1652,1332,1670,1364,1501,1348,1500,1381,1500,1411,1500,1445,1426,1487,1454,1496,1482,1507,1508,1507,1533,1506,1333,1330,1364,1317,1396,1323,1420,1353,1390,1348,1358,1341,1547,1378,1577,1359,1607,1364,1627,1388,1604,1390,1575,1385,1367,1571,1409,1546,1453,1539,1477,1549,1505,1548,1535,1567,1553,1603,1524,1616,1492,1623,1463,1620,1436,1613,1398,1596,1382,1570,1448,1566,1473,1572,1501,1575,1539,1597,1497,1592,1469,1589,1443,1583
1791,h,1,1,1176,1176,1711,1711,59.7,1191,1346,1183,1413,1182,1481,1189,1547,1214,1608,1259,1656,1314,1690,1369,1719,1429,1736,1484,1734,1532,1710,1575,1676,1608,1629,1634,1578,1655,1526,1668,1473,1675,1419,1288,1292,1331,1268,1382,1267,1432,1280,1477,1300,1538,1316,1577,1314,1616,1317,1651,1331,1669,1361,1501,1350,1500,1381,1500,1412,1500,1445,1427,1487,1454,1496,1481,1506,1507,1505,1532,1505,1331,1331,1363,1318,1395,1324,1418,1354,1389,1349,1357,1342,1547,1378,1577,1358,1606,1363,1625,1386,1603,1389,1575,1385,1369,1573,1410,1546,1453,1538,1477,1549,1505,1547,1534,1566,1549,1603,1523,1619,1492,1626,1462,1624,1435,1617,1398,1601,1383,1573,1448,1567,1473,1573,1500,1575,1537,1597,1497,1595,1468,1593,1443,1587
1792,h,1,1,1176,1176,1711,1711,59.733333333333334,1192,1351,1183,1418,1182,1485,1188,1550,1213,1611,1258,1659,1314,1694,1369,1725,1429,1743,1484,1741,1532,1716,1576,1679,1610,1632,1635,1580,1656,1526,1668,1472,1672,1419,1289,1294,1332,1269,1383,1268,1433,1280,1478,1299,1537,1315,1577,1315,1615,1317,1649,1332,1666,1365,1501,1349,1500,1381,1500,1412,1501,1446,1426,1486,1454,1495,1482,1505,1508,1505,1532,1504,1332,1331,1363,1318,1395,1324,1418,1353,1388,1349,1357,1341,1546,1378,1575,1359,1605,1364,1623,1388,1602,1389,1574,1385,1366,1573,1406,1546,1450,1538,1476,1549,1506,1547,1535,1567,1550,1604,1523,1620,1491,1628,1460,1625,1431,1618,1394,1600,1381,1573,1445,1566,1472,1573,1500,1575,1536,1599,1496,1596,1467,1594,1439,1587
1793,h,1,1,1176,1176,1711,1711,59.766666666666666,1192,1351,1183,1418,1182,1485,1188,1550,1213,1611,1258,1659,1314,1694,1369,1725,1429,1743,1484,1741,1532,1716,1576,1679,1610,1632,1635,1580,1656,1526,1668,1472,1672,1419,1289,1294,1332,1269,1383,1268,1433,1280,1478,1299,1537,1315,1577,1315,1615,1317,1649,1332,1666,1365,1501,1349,1500,1381,1500,1412,1501,1446,1426,1486,1454,1495,1482,1505,1508,1505,1532,1504,1332,1331,1363,1318,1395,1324,1418,1353,1388,1349,1357,1341,1546,1378,1575,1359,1605,1364,1623,1388,1602,1389,1574,1385,1366,1573,1406,1546,1450,1538,1476,1549,1506,1547,1535,1567,1550,1604,1523,1620,1491,1628,1460,1625,1431,1618,1394,1600,1381,1573,1445,1566,1472,1573,1500,1575,1536,1599,1496,1596,1467,1594,1439,1587
1794,h,1,1,1228,1228,1673,1673,59.8,1194,1350,1188,1417,1187,1485,1194,1550,1217,1610,1260,1658,1314,1692,1370,1721,1431,1738,1488,1737,1537,1713,1580,1679,1612,1634,1637,1583,1657,1530,1669,1477,1675,1424,1287,1295,1330,1269,1381,1267,1432,1278,1478,1298,1539,1314,1579,1313,1618,1316,1652,1331,1669,1364,1501,1349,1500,1382,1499,1413,1499,1447,1426,1488,1454,1496,1482,1506,1508,1506,1532,1505,1334,1331,1365,1317,1397,1323,1420,1354,1390,1349,1358,1342,1547,1378,1576,1358,1606,1362,1625,1387,1603,1389,1574,1385,1364,1572,1406,1547,1450,1540,1476,1550,1504,1548,1533,1567,1550,1603,1523,1619,1491,1628,1462,1625,1433,1618,1395,1601,1379,1572,1445,1567,1472,1573,1499,1575,1537,1598,1496,1595,1468,1593,1441,1587
1795,h,1,1,1176,1176,1711,1711,59.833333333333336,1194,1342,1185,1409,1182,1477,1188,1543,1213,1605,1258,1655,1312,1691,1367,1723,1427,1742,1484,1740,1533,1715,1577,1678,1611,1629,1637,1576,1657,1522,1667,1468,1672,1415,1293,1296,1333,1271,1382,1270,1432,1282,1476,1301,1540,1317,1578,1316,1616,1319,1649,1335,1663,1367,1502,1352,1501,1383,1501,1414,1500,1447,1427,1488,1454,1497,1482,1507,1508,1507,1532,1507,1336,1330,1366,1320,1397,1326,1420,1353,1391,1348,1360,1341,1547,1377,1575,1360,1604,1365,1622,1387,1601,1389,1573,1384,1365,1572,1407,1546,1452,1540,1476,1550,1505,1548,1534,1567,1550,1604,1523,1618,1492,1626,1462,1623,1434,1616,1396,1599,1381,1572,1447,1567,1472,1573,1500,1576,1537,1598,1497,1595,1468,1592,1442,1586
1796,h,1,1,1228,1228,1673,1673,59.86666666666667,1194,1355,1189,1421,1189,1488,1196,1553,1220,1613,1264,1660,1318,1693,1373,1722,1434,1738,1490,1736,1538,1711,1581,1677,1614,1631,1637,1580,1657,1528,1668,1475,1673,1421,1284,1303,1325,1274,1377,1270,1429,1282,1477,1301,1535,1317,1576,1315,1616,1319,1652,1335,1667,1371,1499,1352,1498,1383,1498,1414,1498,1447,1425,1489,1453,1497,1481,1507,1508,1506,1532,1505,1333,1337,1365,1324,1397,1330,1420,1359,1391,1355,1359,1348,1544,1382,1574,1363,1604,1368,1624,1392,1602,1394,1572,1389,1365,1572,1407,1547,1451,1540,1476,1550,1504,1548,1533,1567,1550,1602,1522,1619,1492,1625,1462,1623,1435,1616,1398,1599,1380,1572,1446,1566,1472,1572,1499,1574,1537,1597,1496,1595,1468,1592,1442,1586
1797,h,1,1,1228,1228,1673,1673,59.9,1194,1355,1189,1421,1189,1488,1196,1553,1220,1613,1264,1660,1318,1693,1373,1722,1434,1738,1490,1736,1538,1711,1581,1677,1614,1631,1637,1580,1657,1528,1668,1475,1673,1421,1284,1303,1325,1274,1377,1270,1429,1282,1477,1301,1535,1317,1576,1315,1616,1319,1652,1335,1667,1371,1499,1352,1498,1383,1498,1414,1498,1447,1425,1489,1453,1497,1481,1507,1508,1506,1532,1505,1333,1337,1365,1324,1397,1330,1420,1359,1391,1355,1359,1348,1544,1382,1574,1363,1604,1368,1624,1392,1602,1394,1572,1389,1365,1572,1407,1547,1451,1540,1476,1550,1504,1548,1533,1567,1550,1602,1522,1619,1492,1625,1462,1623,1435,1616,1398,1599,1380,1572,1446,1566,1472,1572,1499,1574,1537,1597,1496,1595,1468,1592,1442,1586
1798,h,1,1,1176,1176,1711,1711,59.93333333333333,1197,1346,1191,1413,1189,1480,1196,1545,1221,1606,1265,1653,1319,1689,1374,1721,1433,1738,1488,1738,1535,1713,1578,1678,1612,1631,1636,1579,1655,1524,1665,1468,1669,1413,1291,1299,1331,1273,1380,1271,1430,1282,1474,1300,1535,1316,1575,1315,1614,1320,1647,1337,1662,1370,1499,1352,1499,1383,1499,1413,1500,1447,1424,1488,1453,1498,1482,1508,1508,1508,1533,1507,1334,1337,1366,1328,1397,1334,1421,1358,1392,1354,1361,1348,1543,1383,1573,1370,1601,1375,1620,1394,1598,1395,1571,1391,1365,1572,1408,1546,1451,1540,1476,1550,1505,1549,1535,1568,1554,1604,1524,1617,1492,1623,1462,1620,1434,1614,1397,1597,1381,1571,1446,1567,1472,1573,1501,1575,1540,1598,1497,1593,1468,1590,1441,1584
1799,h,1,1,1228,1228,1673,1673,59.96666666666667,1194,1352,1189,1419,1190,1486,1197,1551,1221,1612,1266,1659,1321,1692,1376,1720,1436,1735,1491,1733,1538,1709,1581,1676,1613,1632,1636,1581,1655,1529,1667,1476,1672,1423,1286,1299,1328,1273,1378,1270,1429,1282,1475,1300,1535,1316,1576,1314,1616,1318,1651,1334,1666,1368,1498,1351,1498,1384,1498,1415,1498,1448,1424,1489,1452,1498,1481,1507,1507,1507,1531,1506,1332,1337,1364,1327,1395,1332,1419,1358,1390,1355,1358,1348,1543,1382,1573,1366,1602,1371,1622,1392,1599,1393,1571,1389,1365,1572,1408,1547,1451,1541,1476,1551,1504,1549,1533,1567,1551,1601,1524,1616,1492,1623,1463,1621,1435,1614,1398,1598,1380,1572,1446,1568,1472,1573,1500,1576,1538,1596,1497,1592,1469,1590,1442,1584
1800,h,1,1,1228,1228,1673,1673,60.0,1195,1348,1189,1415,1189,1482,1196,1547,1221,1608,1263,1656,1318,1691,1373,1719,1433,1734,1489,1732,1537,1709,1580,1676,1612,1631,1635,1580,1654,1527,1665,1475,1671,1422,1286,1297,1329,1271,1380,1269,1430,1280,1476,1299,1537,1316,1577,1314,1617,1319,1652,1335,1668,1369,1499,1353,1499,1384,1498,1414,1498,1448,1424,1489,1452,1498,1481,1507,1508,1507,1532,1506,1332,1335,1364,1322,1396,1328,1420,1358,1390,1354,1358,1347,1544,1381,1575,1362,1604,1367,1624,1390,1602,1392,1573,1388,1366,1572,1409,1547,1452,1541,1476,1551,1504,1549,1532,1567,1549,1601,1521,1616,1491,1622,1462,1619,1435,1613,1398,1596,1381,1572,1447,1567,1472,1573,1499,1575,1537,1596,1496,1592,1468,1589,1443,1584
1801,h,1,1,1228,1228,1673,1673,60.03333333333333,1195,1348,1189,1415,1189,1482,1196,1547,1221,1608,1263,1656,1318,1691,1373,1719,1433,1734,1489,1732,1537,1709,1580,1676,1612,1631,1635,1580,1654,1527,1665,1475,1671,1422,1286,1297,1329,1271,1380,1269,1430,1280,1476,1299,1537,1316,1577,1314,1617,1319,1652,1335,1668,1369,1499,1353,1499,1384,1498,1414,1498,1448,1424,1489,1452,1498,1481,1507,1508,1507,1532,1506,1332,1335,1364,1322,1396,1328,1420,1358,1390,1354,1358,1347,1544,1381,1575,1362,1604,1367,1624,1390,1602,1392,1573,1388,1366,1572,1409,1547,1452,1541,1476,1551,1504,1549,1532,1567,1549,1601,1521,1616,1491,1622,1462,1619,1435,1613,1398,1596,1381,1572,1447,1567,1472,1573,1499,1575,1537,1596,1496,1592,1468,1589,1443,1584
1802,h,1,1,1176,1176,1711,1711,60.06666666666667,1186,1351,1181,1419,1180,1487,1187,1552,1212,1613,1257,1661,1313,1696,1369,1727,1430,1745,1485,1742,1532,1714,1576,1679,1609,1632,1635,1581,1654,1527,1666,1473,1671,1419,1282,1301,1323,1273,1375,1271,1427,1281,1474,1299,1534,1314,1575,1314,1614,1319,1650,1333,1666,1366,1498,1350,1498,1383,1498,1414,1497,1449,1421,1488,1450,1497,1479,1508,1507,1507,1532,1505,1329,1334,1361,1323,1392,1329,1415,1355,1386,1351,1355,1344,1544,1379,1573,1362,1602,1367,1621,1389,1599,1390,1571,1386,1362,1572,1404,1548,1447,1540,1474,1551,1504,1550,1532,1568,1549,1604,1521,1617,1490,1623,1459,1621,1430,1614,1393,1598,1377,1572,1443,1566,1470,1573,1499,1575,1536,1597,1495,1592,1465,1590,1438,1585
1803,h,1,1,1176,1176,1711,1711,60.1,1187,1346,1181,1414,1178,1482,1185,1548,1210,1610,1255,1661,1311,1696,1367,1728,1427,1745,1483,1743,1532,1716,1576,1681,1611,1634,1637,1583,1657,1529,1668,1474,1673,1421,1284,1298,1326,1273,1377,1270,1427,1282,1473,1300,1534,1318,1574,1317,1614,1319,1650,1333,1668,1366,1497,1352,1496,1383,1496,1413,1495,1447,1421,1488,1450,1498,1479,1508,1506,1507,1532,1505,1329,1334,1360,1323,1392,1329,1417,1356,1386,1352,1355,1345,1543,1380,1572,1363,1602,1367,1622,1389,1600,1391,1571,1387,1362,1571,1404,1547,1448,1540,1473,1550,1503,1548,1532,1567,1550,1602,1521,1616,1489,1622,1459,1620,1431,1613,1393,1596,1377,1570,1443,1567,1469,1573,1498,1575,1538,1597,1494,1592,1465,1590,1438,1584
1804,h,1,1,1176,1176,1711,1711,60.13333333333333,1189,1348,1184,1416,1184,1485,1191,1551,1216,1612,1261,1660,1316,1695,1371,1726,1431,1742,1485,1741,1533,1715,1578,1679,1611,1631,1637,1578,1658,1525,1670,1471,1674,1417,1283,1298,1324,1272,1375,1270,1425,1282,1470,1301,1534,1316,1575,1316,1615,1318,1651,1331,1668,1364,1496,1351,1496,1383,1496,1414,1496,1448,1421,1488,1450,1498,1479,1508,1506,1507,1532,1506,1328,1335,1359,1322,1391,1328,1415,1356,1386,1352,1354,1345,1544,1380,1573,1362,1602,1366,1623,1390,1600,1391,1571,1387,1362,1571,1404,1547,1448,1540,1473,1550,1502,1549,1531,1568,1550,1603,1521,1616,1489,1621,1459,1619,1431,1612,1394,1597,1376,1571,1444,1567,1470,1573,1498,1575,1536,1597,1494,1592,1465,1589,1439,1584
1805,h,1,1,1176,1176,1711,1711,60.166666666666664,1189,1348,1184,1416,1184,1485,1191,1551,1216,1612,1261,1660,1316,1695,1371,1726,1431,1742,1485,1741,1533,1715,1578,1679,1611,1631,1637,1578,1658,1525,1670,1471,1674,1417,1283,1298,1324,1272,1375,1270,1425,1282,1470,1301,1534,1316,1575,1316,1615,1318,1651,1331,1668,1364,1496,1351,1496,1383,1496,1414,1496,1448,1421,1488,1450,1498,1479,1508,1506,1507,1532,1506,1328,1335,1359,1322,1391,1328,1415,1356,1386,1352,1354,1345,1544,1380,1573,1362,1602,1366,1623,1390,1600,1391,1571,1387,1362,1571,1404,1547,1448,1540,1473,1550,1502,1549,1531,1568,1550,1603,1521,1616,1489,1621,1459,1619,1431,1612,1394,1597,1376,1571,1444,1567,1470,1573,1498,1575,1536,1597,1494,1592,1465,1589,1439,1584
1806,h,1,1,1176,1176,1711,1711,60.2,1187,1346,1180,1415,1178,1485,1184,1551,1208,1614,1252,1663,1310,1697,1366,1726,1427,1744,1482,1743,1532,1717,1575,1680,1610,1632,1635,1579,1656,1524,1667,1469,1672,1415,1281,1301,1321,1274,1372,1271,1422,1283,1469,1300,1534,1316,1576,1317,1616,1321,1651,1337,1668,1371,1496,1352,1495,1384,1495,1414,1494,1447,1421,1489,1449,1498,1478,1507,1504,1507,1529,1506,1326,1336,1357,1322,1390,1328,1414,1357,1384,1353,1352,1347,1543,1381,1572,1362,1602,1367,1623,1391,1600,1393,1570,1388,1360,1572,1403,1547,1447,1540,1473,1550,1501,1549,1530,1567,1547,1603,1520,1617,1489,1623,1459,1620,1430,1614,1393,1598,1375,1571,1442,1568,1468,1574,1497,1576,1534,1597,1494,1592,1465,1590,1438,1585
1807,h,1,1,1176,1176,1711,1711,60.233333333333334,1192,1351,1185,1419,1184,1487,1192,1553,1218,1614,1263,1662,1318,1696,1373,1726,1431,1743,1485,1741,1533,1716,1576,1681,1610,1634,1637,1582,1657,1527,1669,1472,1673,1417,1285,1303,1325,1274,1375,1271,1425,1283,1469,1301,1531,1316,1572,1316,1611,1320,1646,1336,1661,1371,1496,1351,1495,1383,1495,1413,1495,1447,1420,1489,1450,1498,1479,1508,1506,1507,1532,1507,1328,1335,1359,1323,1391,1329,1414,1358,1385,1353,1354,1346,1543,1381,1571,1362,1600,1367,1621,1390,1599,1392,1570,1388,1362,1572,1404,1547,1448,1541,1474,1551,1503,1549,1532,1568,1550,1605,1521,1617,1489,1623,1459,1620,1431,1614,1393,1598,1377,1571,1444,1566,1470,1572,1498,1575,1537,1598,1494,1594,1465,1591,1439,1585
1808,h,1,1,1176,1176,1711,1711,60.266666666666666,1192,1351,1185,1419,1184,1487,1192,1553,1218,1614,1263,1662,1318,1696,1373,1726,1431,1743,1485,1741,1533,1716,1576,1681,1610,1634,1637,1582,1657,1527,1669,1472,1673,1417,1285,1303,1325,1274,1375,1271,1425,1283,1469,1301,1531,1316,1572,1316,1611,1320,1646,1336,1661,1371,1496,1351,1495,1383,1495,1413,1495,1447,1420,1489,1450,1498,1479,1508,1506,1507,1532,1507,1328,1335,1359,1323,1391,1329,1414,1358,1385,1353,1354,1346,1543,1381,1571,1362,1600,1367,1621,1390,1599,1392,1570,1388,1362,1572,1404,1547,1448,1541,1474,1551,1503,1549,1532,1568,1550,1605,1521,1617,1489,1623,1459,1620,1431,1614,1393,1598,1377,1571,1444,1566,1470,1572,1498,1575,1537,1598,1494,1594,1465,1591,1439,1585
1809,h,1,1,1176,1176,1711,1711,60.3,1192,1345,1185,1414,1183,1483,1189,1550,1214,1612,1259,1661,1315,1695,1372,1724,1434,1739,1490,1736,1539,1708,1583,1673,1616,1626,1640,1573,1657,1519,1668,1466,1673,1413,1286,1298,1327,1271,1377,1270,1428,1282,1472,1300,1532,1315,1573,1315,1613,1318,1648,1333,1663,1367,1497,1352,1496,1384,1496,1414,1496,1448,1421,1488,1450,1498,1479,1508,1506,1507,1531,1505,1331,1333,1362,1322,1393,1329,1416,1357,1387,1352,1356,1345,1544,1380,1572,1362,1601,1367,1620,1389,1599,1391,1571,1387,1362,1574,1404,1547,1447,1541,1472,1551,1502,1549,1531,1567,1548,1603,1520,1616,1489,1622,1459,1620,1431,1613,1394,1597,1377,1573,1443,1567,1468,1573,1498,1574,1535,1597,1494,1593,1465,1590,1438,1585
1810,h,1,1,1176,1176,1711,1711,60.333333333333336,1189,1345,1181,1414,1179,1482,1185,1549,1208,1611,1251,1661,1309,1695,1366,1723,1427,1740,1484,1738,1535,1712,1580,1677,1612,1630,1636,1577,1655,1523,1667,1469,1672,1416,1284,1297,1325,1271,1375,1269,1425,1282,1470,1300,1533,1315,1574,1314,1613,1317,1648,1330,1664,1362,1497,1352,1495,1384,1495,1415,1494,1448,1421,1489,1449,1498,1477,1508,1505,1507,1530,1505,1328,1333,1360,1322,1391,1328,1415,1357,1385,1352,1354,1344,1544,1380,1572,1362,1601,1367,1622,1388,1600,1391,1571,1387,1361,1575,1403,1549,1446,1541,1472,1553,1501,1551,1529,1569,1547,1606,1518,1618,1487,1623,1457,1621,1429,1614,1392,1599,1376,1574,1442,1568,1468,1574,1496,1577,1534,1600,1492,1595,1463,1592,1437,1587
1811,h,1,1,1176,1176,1711,1711,60.36666666666667,1194,1343,1185,1412,1182,1482,1189,1549,1214,1611,1258,1661,1313,1697,1367,1727,1426,1745,1482,1744,1532,1717,1575,1681,1610,1632,1636,1579,1656,1522,1667,1467,1673,1412,1285,1296,1327,1272,1376,1272,1425,1285,1469,1302,1533,1319,1573,1316,1612,1318,1647,1332,1663,1364,1495,1353,1493,1385,1492,1416,1491,1449,1419,1491,1448,1500,1476,1510,1504,1509,1529,1508,1329,1333,1360,1322,1392,1329,1415,1357,1386,1352,1355,1345,1543,1379,1571,1362,1600,1366,1620,1387,1598,1390,1570,1386,1362,1576,1403,1550,1446,1543,1471,1553,1501,1552,1530,1570,1548,1606,1519,1619,1488,1625,1457,1623,1429,1616,1392,1599,1376,1575,1441,1569,1467,1575,1496,1578,1536,1600,1493,1596,1462,1594,1436,1588
1812,h,1,1,1176,1176,1711,1711,60.4,1194,1343,1185,1412,1182,1482,1189,1549,1214,1611,1258,1661,1313,1697,1367,1727,1426,1745,1482,1744,1532,1717,1575,1681,1610,1632,1636,1579,1656,1522,1667,1467,1673,1412,1285,1296,1327,1272,1376,1272,1425,1285,1469,1302,1533,1319,1573,1316,1612,1318,1647,1332,1663,1364,1495,1353,1493,1385,1492,1416,1491,1449,1419,1491,1448,1500,1476,1510,1504,1509,1529,1508,1329,1333,1360,1322,1392,1329,1415,1357,1386,1352,1355,1345,1543,1379,1571,1362,1600,1366,1620,1387,1598,1390,1570,1386,1362,1576,1403,1550,1446,1543,1471,1553,1501,1552,1530,1570,1548,1606,1519,1619,1488,1625,1457,1623,1429,1616,1392,1599,1376,1575,1441,1569,1467,1575,1496,1578,1536,1600,1493,1596,1462,1594,1436,1588
1813,h,1,1,1176,1176,1711,1711,60.43333333333333,1191,1349,1184,1416,1183,1484,1190,1551,1214,1613,1258,1662,1313,1698,1369,1728,1428,1743,1484,1741,1534,1714,1578,1678,1611,1630,1637,1577,1656,1522,1667,1467,1671,1413,1282,1302,1321,1275,1371,1271,1422,1283,1468,1301,1530,1316,1571,1315,1611,1318,1646,1332,1663,1366,1494,1353,1493,1385,1493,1416,1493,1449,1419,1491,1448,1501,1476,1510,1503,1510,1529,1509,1327,1336,1358,1323,1390,1329,1413,1359,1383,1354,1351,1347,1541,1382,1570,1362,1600,1366,1620,1390,1598,1392,1569,1388,1360,1577,1401,1551,1444,1544,1470,1555,1499,1553,1528,1571,1546,1606,1517,1620,1486,1626,1455,1623,1427,1617,1390,1601,1375,1576,1439,1571,1466,1577,1494,1579,1533,1601,1491,1597,1461,1594,1434,1589
1814,h,1,1,1176,1176,1711,1711,60.46666666666667,1187,1352,1180,1420,1180,1487,1187,1553,1213,1614,1258,1664,1314,1699,1369,1728,1428,1744,1482,1741,1532,1715,1576,1681,1611,1634,1637,1583,1657,1528,1668,1472,1673,1417,1281,1303,1322,1276,1372,1273,1423,1285,1470,1303,1529,1318,1569,1316,1610,1319,1645,1334,1662,1368,1493,1355,1492,1387,1492,1418,1492,1451,1418,1494,1447,1502,1475,1512,1502,1511,1528,1510,1326,1337,1357,1324,1389,1331,1412,1361,1382,1356,1351,1348,1540,1383,1568,1363,1598,1367,1618,1391,1596,1393,1567,1389,1356,1579,1398,1553,1442,1546,1468,1556,1498,1554,1528,1572,1546,1608,1517,1622,1486,1629,1455,1627,1426,1620,1388,1604,1372,1579,1438,1572,1465,1578,1493,1580,1533,1602,1491,1600,1461,1597,1433,1592
1815,h,1,1,1176,1176,1711,1711,60.5,1182,1353,1174,1420,1173,1489,1180,1555,1205,1617,1250,1666,1307,1700,1364,1729,1424,1746,1479,1744,1529,1719,1575,1684,1609,1637,1634,1584,1654,1529,1665,1474,1670,1420,1278,1301,1320,1275,1371,1273,1422,1285,1467,1303,1529,1318,1570,1317,1610,1320,1646,1333,1663,1365,1491,1355,1490,1388,1490,1418,1489,1452,1417,1495,1445,1503,1473,1513,1499,1513,1524,1512,1322,1338,1354,1324,1387,1331,1410,1361,1380,1357,1348,1350,1540,1384,1568,1363,1598,1368,1618,1392,1597,1394,1568,1390,1356,1581,1397,1555,1442,1547,1468,1557,1496,1555,1526,1574,1544,1611,1515,1624,1483,1630,1453,1627,1425,1621,1387,1605,1371,1580,1438,1574,1464,1580,1491,1582,1531,1604,1488,1601,1460,1599,1433,1593
1816,h,1,1,1176,1176,1711,1711,60.53333333333333,1182,1353,1174,1420,1173,1489,1180,1555,1205,1617,1250,1666,1307,1700,1364,1729,1424,1746,1479,1744,1529,1719,1575,1684,1609,1637,1634,1584,1654,1529,1665,1474,1670,1420,1278,1301,1320,1275,1371,1273,1422,1285,1467,1303,1529,1318,1570,1317,1610,1320,1646,1333,1663,1365,1491,1355,1490,1388,1490,1418,1489,1452,1417,1495,1445,1503,1473,1513,1499,1513,1524,1512,1322,1338,1354,1324,1387,1331,1410,1361,1380,1357,1348,1350,1540,1384,1568,1363,1598,1368,1618,1392,1597,1394,1568,1390,1356,1581,1397,1555,1442,1547,1468,1557,1496,1555,1526,1574,1544,1611,1515,1624,1483,1630,1453,1627,1425,1621,1387,1605,1371,1580,1438,1574,1464,1580,1491,1582,1531,1604,1488,1601,1460,1599,1433,1593
1817,h,1,1,1176,1176,1711,1711,60.56666666666667,1186,1353,1179,1421,1177,1490,1184,1556,1207,1619,1253,1669,1308,1704,1364,1734,1425,1750,1481,1748,1529,1721,1575,1685,1609,1638,1635,1585,1654,1529,1665,1474,1669,1420,1277,1306,1318,1278,1369,1275,1421,1287,1468,1305,1527,1321,1568,1320,1608,1322,1644,1337,1660,1372,1491,1356,1490,1388,1490,1420,1490,1454,1415,1494,1445,1504,1474,1515,1501,1514,1527,1512,1324,1339,1355,1326,1387,1332,1410,1362,1381,1357,1349,1350,1539,1385,1568,1365,1597,1369,1617,1393,1595,1395,1566,1391,1356,1582,1398,1556,1442,1548,1468,1559,1497,1557,1525,1576,1544,1611,1514,1625,1483,1631,1453,1629,1425,1622,1387,1606,1371,1581,1437,1574,1464,1580,1492,1583,1530,1606,1488,1602,1459,1600,1432,1594
1818,h,1,1,1176,1176,1711,1711,60.6,1183,1353,1177,1422,1176,1491,1183,1557,1207,1619,1252,1669,1307,1704,1362,1736,1423,1753,1480,1751,1528,1722,1573,1687,1608,1639,1633,1587,1652,1532,1664,1476,1669,1421,1276,1306,1318,1278,1369,1275,1420,1287,1467,1305,1526,1319,1568,1319,1608,1322,1643,1337,1660,1371,1490,1357,1489,1390,1488,1421,1488,1456,1415,1495,1443,1505,1471,1516,1499,1515,1524,1513,1323,1340,1354,1327,1386,1333,1410,1362,1380,1358,1348,1351,1539,1385,1567,1366,1598,1371,1618,1394,1596,1397,1566,1393,1354,1582,1395,1556,1439,1549,1466,1559,1496,1557,1525,1575,1541,1611,1514,1625,1483,1632,1451,1630,1422,1623,1385,1607,1369,1581,1435,1575,1462,1582,1491,1583,1528,1605,1487,1603,1457,1601,1430,1595
1819,h,1,1,1176,1176,1711,1711,60.63333333333333,1185,1355,1177,1423,1175,1492,1182,1557,1206,1618,1251,1666,1306,1702,1362,1733,1422,1750,1478,1748,1527,1721,1573,1687,1608,1640,1634,1587,1654,1532,1664,1477,1669,1423,1276,1305,1318,1278,1369,1275,1420,1287,1468,1304,1526,1320,1567,1319,1607,1322,1643,1336,1661,1370,1489,1357,1488,1390,1487,1421,1487,1456,1414,1497,1443,1506,1471,1516,1499,1515,1525,1513,1322,1340,1354,1326,1386,1332,1410,1363,1380,1358,1348,1351,1538,1386,1566,1365,1596,1369,1617,1394,1595,1396,1566,1392,1354,1582,1396,1557,1440,1550,1466,1561,1494,1559,1524,1577,1544,1611,1513,1626,1482,1633,1452,1630,1424,1624,1386,1608,1370,1582,1436,1576,1462,1582,1490,1584,1530,1606,1487,1604,1458,1602,1431,1596
1820,h,1,1,1176,1176,1711,1711,60.666666666666664,1185,1355,1177,1423,1175,1492,1182,1557,1206,1618,1251,1666,1306,1702,1362,1733,1422,1750,1478,1748,1527,1721,1573,1687,1608,1640,1634,1587,1654,1532,1664,1477,1669,1423,1276,1305,1318,1278,1369,1275,1420,1287,1468,1304,1526,1320,1567,1319,1607,1322,1643,1336,1661,1370,1489,1357,1488,1390,1487,1421,1487,1456,1414,1497,1443,1506,1471,1516,1499,1515,1525,1513,1322,1340,1354,1326,1386,1332,1410,1363,1380,1358,1348,1351,1538,1386,1566,1365,1596,1369,1617,1394,1595,1396,1566,1392,1354,1582,1396,1557,1440,1550,1466,1561,1494,1559,1524,1577,1544,1611,1513,1626,1482,1633,1452,1630,1424,1624,1386,1608,1370,1582,1436,1576,1462,1582,1490,1584,1530,1606,1487,1604,1458,1602,1431,1596
1821,h,1,1,1176,1176,1711,1711,60.7,1189,1351,1183,1420,1184,1488,1192,1555,1216,1616,1260,1664,1313,1699,1366,1729,1426,1745,1481,1744,1530,1719,1574,1686,1609,1641,1634,1589,1654,1534,1667,1479,1674,1424,1276,1303,1318,1277,1369,1275,1419,1287,1464,1305,1527,1320,1568,1320,1609,1323,1646,1337,1663,1371,1488,1358,1488,1391,1487,1423,1487,1457,1413,1496,1443,1505,1471,1515,1499,1514,1525,1514,1322,1340,1353,1326,1385,1333,1408,1364,1379,1359,1347,1352,1539,1387,1566,1366,1597,1370,1619,1395,1596,1397,1566,1393,1354,1581,1396,1556,1439,1549,1465,1560,1494,1558,1524,1576,1542,1610,1513,1625,1481,1631,1450,1628,1422,1621,1386,1605,1370,1581,1434,1575,1461,1581,1490,1584,1529,1605,1486,1602,1457,1600,1429,1593
1822,h,1,1,1176,1176,1711,1711,60.733333333333334,1188,1356,1181,1424,1181,1492,1188,1558,1213,1618,1258,1666,1312,1701,1367,1730,1427,1745,1481,1742,1530,1717,1573,1683,1607,1638,1633,1587,1653,1533,1664,1479,1669,1426,1278,1304,1320,1278,1371,1276,1421,1288,1467,1306,1526,1322,1567,1322,1606,1325,1641,1340,1657,1374,1490,1358,1489,1391,1489,1422,1489,1456,1414,1497,1443,1505,1472,1515,1500,1515,1526,1514,1324,1339,1354,1325,1387,1332,1409,1363,1380,1358,1348,1351,1539,1387,1566,1366,1597,1370,1617,1395,1595,1397,1566,1393,1355,1579,1397,1555,1440,1548,1465,1560,1494,1557,1523,1576,1543,1610,1513,1624,1482,1629,1451,1627,1423,1620,1387,1604,1371,1579,1435,1576,1461,1582,1490,1584,1530,1605,1487,1600,1457,1598,1431,1591
1823,h,1,1,1176,1176,1711,1711,60.766666666666666,1188,1356,1181,1424,1181,1492,1188,1558,1213,1618,1258,1666,1312,1701,1367,1730,1427,1745,1481,1742,1530,1717,1573,1683,1607,1638,1633,1587,1653,1533,1664,1479,1669,1426,1278,1304,1320,1278,1371,1276,1421,1288,1467,1306,1526,1322,1567,1322,1606,1325,1641,1340,1657,1374,1490,1358,1489,1391,1489,1422,1489,1456,1414,1497,1443,1505,1472,1515,1500,1515,1526,1514,1324,1339,1354,1325,1387,1332,1409,1363,1380,1358,1348,1351,1539,1387,1566,1366,1597,1370,1617,1395,1595,1397,1566,1393,1355,1579,1397,1555,1440,1548,1465,1560,1494,1557,1523,1576,1543,1610,1513,1624,1482,1629,1451,1627,1423,1620,1387,1604,1371,1579,1435,1576,1461,1582,1490,1584,1530,1605,1487,1600,1457,1598,1431,1591
1824,h,1,1,1176,1176,1711,1711,60.8,1184,1348,1178,1417,1178,1486,1184,1552,1209,1613,1254,1663,1309,1700,1365,1731,1425,1748,1481,1745,1530,1717,1575,1682,1609,1635,1634,1582,1653,1527,1665,1471,1669,1417,1276,1303,1317,1278,1368,1275,1418,1287,1465,1304,1527,1320,1568,1321,1608,1323,1644,1336,1662,1368,1489,1357,1488,1390,1487,1422,1487,1456,1413,1495,1442,1504,1471,1514,1498,1513,1525,1512,1322,1339,1352,1326,1384,1333,1407,1361,1378,1357,1347,1350,1538,1385,1565,1366,1595,1370,1616,1393,1593,1395,1565,1391,1352,1581,1394,1555,1438,1548,1465,1559,1494,1557,1524,1575,1543,1610,1513,1624,1481,1631,1450,1628,1421,1622,1384,1605,1369,1580,1433,1574,1461,1581,1490,1583,1529,1605,1487,1601,1457,1599,1429,1593
1825,h,1,1,1176,1176,1711,1711,60.833333333333336,1182,1353,1175,1421,1174,1489,1182,1555,1206,1615,1252,1664,1308,1700,1363,1732,1423,1750,1478,1748,1526,1720,1571,1685,1606,1638,1632,1586,1653,1532,1664,1477,1670,1422,1274,1304,1316,1278,1368,1275,1419,1287,1466,1305,1524,1321,1567,1320,1608,1323,1645,1337,1663,1372,1488,1357,1487,1390,1487,1422,1486,1456,1411,1496,1441,1506,1470,1516,1498,1515,1524,1513,1321,1340,1351,1325,1383,1331,1407,1362,1377,1358,1345,1351,1537,1386,1565,1365,1596,1370,1617,1394,1594,1397,1564,1392,1352,1582,1393,1556,1437,1549,1463,1560,1492,1557,1522,1576,1542,1612,1512,1626,1480,1633,1449,1631,1421,1624,1384,1607,1367,1581,1433,1576,1460,1581,1487,1584,1528,1606,1484,1603,1456,1601,1428,1595
1826,h,1,1,1176,1176,1711,1711,60.86666666666667,1183,1351,1175,1420,1174,1489,1181,1555,1206,1617,1252,1667,1307,1702,1361,1735,1421,1754,1477,1750,1526,1721,1571,1685,1608,1638,1634,1585,1654,1529,1665,1474,1671,1419,1274,1305,1315,1279,1366,1276,1417,1288,1464,1306,1524,1322,1566,1321,1607,1323,1643,1338,1661,1372,1487,1357,1486,1391,1485,1422,1485,1457,1411,1497,1440,1507,1469,1517,1497,1516,1523,1513,1322,1339,1352,1325,1385,1331,1408,1362,1378,1357,1346,1350,1536,1385,1564,1364,1594,1369,1615,1393,1592,1396,1563,1392,1351,1584,1393,1557,1438,1550,1463,1561,1492,1559,1522,1577,1540,1613,1511,1629,1479,1638,1449,1636,1421,1629,1383,1611,1367,1584,1434,1577,1460,1582,1488,1584,1527,1608,1484,1608,1455,1606,1429,1600
1827,h,1,1,1176,1176,1711,1711,60.9,1183,1351,1175,1420,1174,1489,1181,1555,1206,1617,1252,1667,1307,1702,1361,1735,1421,1754,1477,1750,1526,1721,1571,1685,1608,1638,1634,1585,1654,1529,1665,1474,1671,1419,1274,1305,1315,1279,1366,1276,1417,1288,1464,1306,1524,1322,1566,1321,1607,1323,1643,1338,1661,1372,1487,1357,1486,1391,1485,1422,1485,1457,1411,1497,1440,1507,1469,1517,1497,1516,1523,1513,1322,1339,1352,1325,1385,1331,1408,1362,1378,1357,1346,1350,1536,1385,1564,1364,1594,1369,1615,1393,1592,1396,1563,1392,1351,1584,1393,1557,1438,1550,1463,1561,1492,1559,1522,1577,1540,1613,1511,1629,1479,1638,1449,1636,1421,1629,1383,1611,1367,1584,1434,1577,1460,1582,1488,1584,1527,1608,1484,1608,1455,1606,1429,1600
1828,h,1,1,1176,1176,1711,1711,60.93333333333333,1182,1355,1175,1424,1175,1493,1183,1559,1208,1621,1252,1671,1307,1708,1361,1741,1421,1759,1478,1756,1527,1725,1570,1687,1605,1638,1631,1586,1652,1532,1663,1476,1668,1421,1275,1306,1315,1279,1365,1276,1415,1288,1461,1305,1526,1322,1566,1322,1606,1324,1641,1338,1659,1370,1487,1358,1486,1391,1485,1423,1484,1457,1411,1499,1440,1507,1468,1517,1495,1517,1521,1516,1321,1340,1351,1326,1383,1332,1406,1362,1377,1358,1345,1351,1537,1386,1564,1365,1594,1370,1615,1394,1593,1397,1563,1393,1352,1586,1392,1558,1436,1551,1462,1561,1491,1559,1521,1578,1539,1616,1510,1633,1478,1643,1447,1640,1419,1634,1382,1615,1367,1586,1432,1578,1458,1584,1487,1587,1524,1611,1483,1612,1454,1610,1426,1604
1829,h,1,1,1176,1176,1711,1711,60.96666666666667,1179,1355,1173,1424,1173,1492,1181,1558,1206,1621,1251,1672,1306,1709,1361,1743,1422,1761,1479,1758,1527,1727,1572,1689,1606,1640,1631,1587,1652,1532,1663,1476,1668,1422,1273,1306,1314,1279,1365,1276,1415,1288,1462,1306,1525,1322,1566,1321,1606,1324,1643,1338,1660,1372,1486,1358,1484,1391,1484,1423,1483,1458,1410,1499,1439,1508,1467,1518,1496,1517,1522,1515,1318,1342,1348,1327,1381,1333,1405,1363,1374,1359,1343,1352,1537,1386,1564,1366,1595,1370,1616,1394,1593,1397,1564,1393,1351,1587,1391,1559,1435,1550,1461,1561,1491,1559,1521,1578,1540,1616,1511,1634,1479,1642,1447,1640,1418,1633,1381,1615,1366,1587,1431,1578,1458,1584,1487,1587,1525,1611,1483,1612,1454,1611,1426,1604
1830,h,1,1,1176,1176,1711,1711,61.0,1182,1356,1176,1424,1175,1492,1183,1558,1207,1620,1253,1670,1309,1709,1363,1744,1424,1762,1480,1759,1526,1727,1571,1689,1606,1641,1632,1588,1651,1533,1663,1478,1668,1422,1274,1306,1315,1280,1366,1277,1417,1288,1464,1306,1521,1321,1563,1321,1604,1324,1641,1339,1659,1373,1486,1357,1485,1391,1485,1424,1484,1459,1411,1499,1440,1508,1468,1518,1496,1517,1522,1516,1320,1341,1350,1326,1383,1332,1406,1363,1376,1359,1345,1352,1536,1386,1564,1365,1594,1370,1615,1394,1592,1396,1563,1392,1351,1587,1393,1559,1437,1551,1463,1562,1491,1559,1522,1578,1540,1615,1511,1633,1479,1643,1449,1641,1421,1635,1383,1616,1367,1587,1433,1579,1459,1585,1487,1587,1526,1611,1483,1612,1455,1611,1428,1605
1831,h,1,1,1176,1176,1711,1711,61.03333333333333,1182,1356,1176,1424,1175,1492,1183,1558,1207,1620,1253,1670,1309,1709,1363,1744,1424,1762,1480,1759,1526,1727,1571,1689,1606,1641,1632,1588,1651,1533,1663,1478,1668,1422,1274,1306,1315,1280,1366,1277,1417,1288,1464,1306,1521,1321,1563,1321,1604,1324,1641,1339,1659,1373,1486,1357,1485,1391,1485,1424,1484,1459,1411,1499,1440,1508,1468,1518,1496,1517,1522,1516,1320,1341,1350,1326,1383,1332,1406,1363,1376,1359,1345,1352,1536,1386,1564,1365,1594,1370,1615,1394,1592,1396,1563,1392,1351,1587,1393,1559,1437,1551,1463,1562,1491,1559,1522,1578,1540,1615,1511,1633,1479,1643,1449,1641,1421,1635,1383,1616,1367,1587,1433,1579,1459,1585,1487,1587,1526,1611,1483,1612,1455,1611,1428,1605
1832,h,1,1,1176,1176,1711,1711,61.06666666666667,1181,1362,1174,1429,1174,1497,1182,1562,1206,1623,1251,1672,1305,1709,1360,1740,1420,1758,1476,1755,1525,1726,1571,1690,1607,1643,1633,1590,1653,1536,1665,1480,1669,1425,1273,1304,1314,1278,1364,1275,1415,1286,1461,1305,1524,1319,1565,1317,1605,1320,1642,1336,1659,1369,1486,1356,1485,1390,1485,1422,1485,1457,1410,1496,1440,1506,1468,1517,1496,1516,1522,1514,1318,1340,1348,1326,1381,1331,1404,1361,1375,1357,1343,1350,1536,1384,1563,1363,1593,1368,1614,1393,1592,1394,1563,1390,1350,1587,1391,1558,1436,1550,1462,1561,1491,1559,1521,1578,1538,1615,1510,1634,1477,1644,1446,1643,1418,1636,1380,1617,1365,1587,1431,1577,1458,1583,1486,1585,1524,1611,1483,1612,1453,1612,1426,1605
1833,h,1,1,1176,1176,1711,1711,61.1,1182,1359,1175,1427,1175,1495,1182,1561,1206,1623,1251,1672,1305,1708,1360,1739,1421,1756,1477,1753,1526,1725,1571,1689,1606,1641,1631,1589,1652,1535,1664,1480,1669,1424,1273,1302,1315,1277,1365,1276,1415,1287,1461,1305,1524,1319,1565,1319,1605,1322,1642,1336,1660,1368,1486,1356,1485,1390,1484,1422,1484,1457,1411,1496,1439,1506,1468,1517,1495,1516,1521,1514,1317,1341,1348,1326,1380,1331,1405,1361,1375,1357,1343,1351,1535,1384,1564,1364,1594,1368,1615,1392,1592,1394,1563,1390,1352,1587,1391,1558,1437,1550,1462,1560,1490,1558,1520,1577,1537,1616,1509,1635,1477,1644,1447,1642,1419,1636,1381,1618,1366,1587,1432,1576,1458,1582,1486,1584,1523,1611,1482,1614,1454,1613,1427,1607
1834,h,1,1,1176,1176,1711,1711,61.13333333333333,1180,1362,1174,1430,1174,1497,1182,1562,1207,1622,1253,1671,1308,1707,1361,1739,1422,1757,1478,1754,1526,1725,1571,1688,1606,1641,1632,1588,1652,1534,1664,1478,1668,1422,1274,1302,1315,1277,1365,1275,1416,1286,1460,1304,1523,1318,1564,1317,1605,1320,1641,1335,1659,1367,1484,1355,1484,1389,1484,1422,1484,1457,1411,1496,1440,1506,1468,1517,1495,1515,1521,1513,1319,1339,1349,1325,1382,1331,1405,1360,1375,1356,1344,1349,1535,1383,1563,1362,1593,1366,1614,1391,1591,1392,1562,1389,1351,1587,1390,1557,1435,1550,1462,1560,1491,1558,1522,1577,1538,1615,1511,1637,1478,1647,1448,1645,1419,1638,1380,1618,1366,1587,1431,1576,1458,1582,1487,1584,1525,1610,1483,1616,1454,1615,1426,1609
1835,h,1,1,1176,1176,1711,1711,61.166666666666664,1180,1362,1174,1430,1174,1497,1182,1562,1207,1622,1253,1671,1308,1707,1361,1739,1422,1757,1478,1754,1526,1725,1571,1688,1606,1641,1632,1588,1652,1534,1664,1478,1668,1422,1274,1302,1315,1277,1365,1275,1416,1286,1460,1304,1523,1318,1564,1317,1605,1320,1641,1335,1659,1367,1484,1355,1484,1389,1484,1422,1484,1457,1411,1496,1440,1506,1468,1517,1495,1515,1521,1513,1319,1339,1349,1325,1382,1331,1405,1360,1375,1356,1344,1349,1535,1383,1563,1362,1593,1366,1614,1391,1591,1392,1562,1389,1351,1587,1390,1557,1435,1550,1462,1560,1491,1558,1522,1577,1538,1615,1511,1637,1478,1647,1448,1645,1419,1638,1380,1618,1366,1587,1431,1576,1458,1582,1487,1584,1525,1610,1483,1616,1454,1615,1426,1609
1836,h,1,1,1176,1176,1711,1711,61.2,1181,1354,1175,1423,1174,1493,1180,1559,1203,1621,1247,1671,1302,1707,1356,1740,1419,1759,1477,1755,1527,1725,1573,1687,1608,1639,1634,1586,1653,1532,1664,1476,1669,1421,1275,1301,1316,1277,1366,1276,1416,1286,1460,1304,1525,1319,1566,1317,1606,1320,1642,1333,1661,1364,1485,1356,1483,1389,1483,1422,1482,1457,1411,1496,1439,1505,1467,1516,1494,1515,1520,1513,1319,1340,1349,1325,1382,1331,1406,1361,1376,1357,1344,1350,1536,1383,1563,1362,1594,1366,1614,1391,1592,1393,1562,1389,1351,1588,1390,1558,1435,1550,1461,1561,1491,1558,1521,1577,1538,1617,1510,1637,1477,1647,1446,1645,1417,1638,1379,1619,1365,1588,1431,1577,1457,1583,1486,1585,1524,1612,1482,1616,1453,1614,1425,1608
1837,h,1,1,1176,1176,1711,1711,61.233333333333334,1182,1352,1174,1421,1172,1490,1179,1557,1203,1620,1247,1671,1301,1710,1355,1745,1418,1763,1476,1759,1526,1728,1571,1689,1608,1641,1633,1587,1653,1532,1665,1476,1669,1421,1271,1302,1314,1277,1365,1276,1416,1287,1462,1306,1523,1321,1565,1320,1605,1322,1641,1336,1659,1367,1485,1356,1484,1389,1484,1422,1483,1457,1410,1497,1439,1507,1467,1517,1494,1516,1521,1514,1318,1340,1348,1325,1381,1331,1405,1360,1375,1356,1343,1350,1535,1383,1563,1362,1593,1367,1614,1392,1591,1393,1562,1389,1349,1587,1390,1558,1436,1550,1461,1560,1490,1558,1521,1577,1539,1616,1510,1637,1477,1646,1446,1644,1418,1638,1380,1618,1364,1587,1431,1578,1458,1583,1485,1585,1525,1611,1482,1614,1453,1612,1426,1606
1838,h,1,1,1176,1176,1711,1711,61.266666666666666,1182,1352,1174,1421,1172,1490,1179,1557,1203,1620,1247,1671,1301,1710,1355,1745,1418,1763,1476,1759,1526,1728,1571,1689,1608,1641,1633,1587,1653,1532,1665,1476,1669,1421,1271,1302,1314,1277,1365,1276,1416,1287,1462,1306,1523,1321,1565,1320,1605,1322,1641,1336,1659,1367,1485,1356,1484,1389,1484,1422,1483,1457,1410,1497,1439,1507,1467,1517,1494,1516,1521,1514,1318,1340,1348,1325,1381,1331,1405,1360,1375,1356,1343,1350,1535,1383,1563,1362,1593,1367,1614,1392,1591,1393,1562,1389,1349,1587,1390,1558,1436,1550,1461,1560,1490,1558,1521,1577,1539,1616,1510,1637,1477,1646,1446,1644,1418,1638,1380,1618,1364,1587,1431,1578,1458,1583,1485,1585,1525,1611,1482,1614,1453,1612,1426,1606
1839,h,1,1,1176,1176,1711,1711,61.3,1179,1358,1173,1426,1172,1493,1179,1558,1202,1621,1246,1671,1301,1706,1357,1738,1419,1756,1477,1752,1526,1723,1571,1687,1607,1641,1633,1589,1654,1535,1667,1479,1672,1425,1273,1304,1314,1278,1364,1276,1416,1287,1462,1304,1524,1320,1565,1320,1604,1323,1640,1335,1658,1367,1485,1357,1484,1390,1484,1422,1484,1457,1409,1497,1438,1507,1467,1518,1495,1517,1521,1514,1318,1340,1348,1325,1381,1331,1405,1362,1375,1358,1343,1351,1535,1385,1564,1363,1594,1368,1615,1393,1592,1396,1563,1392,1350,1583,1392,1557,1436,1550,1462,1561,1490,1558,1519,1576,1538,1613,1509,1632,1477,1640,1447,1638,1419,1631,1382,1612,1365,1583,1432,1577,1458,1583,1485,1586,1524,1608,1482,1608,1454,1606,1427,1600
1840,h,1,1,1176,1176,1711,1711,61.333333333333336,1181,1354,1174,1422,1173,1490,1179,1555,1203,1618,1247,1670,1303,1706,1360,1737,1421,1754,1479,1749,1528,1721,1574,1686,1609,1638,1634,1586,1654,1531,1665,1475,1669,1421,1273,1301,1314,1276,1364,1274,1415,1285,1461,1304,1525,1320,1565,1319,1606,1322,1642,1335,1660,1368,1486,1357,1485,1390,1484,1421,1483,1456,1409,1497,1438,1506,1467,1517,1494,1515,1521,1514,1318,1339,1349,1324,1382,1331,1405,1362,1375,1357,1343,1350,1535,1385,1563,1364,1594,1368,1615,1392,1592,1395,1563,1392,1348,1582,1390,1556,1434,1550,1461,1561,1490,1558,1521,1576,1541,1612,1511,1629,1478,1636,1446,1634,1418,1628,1380,1610,1364,1582,1430,1577,1457,1583,1486,1585,1527,1606,1483,1605,1453,1604,1425,1597
1841,h,1,1,1176,1176,1711,1711,61.36666666666667,1178,1357,1173,1424,1172,1492,1179,1558,1202,1621,1247,1672,1303,1707,1359,1739,1421,1756,1478,1752,1527,1723,1573,1688,1608,1641,1634,1588,1653,1533,1664,1476,1669,1422,1270,1304,1312,1279,1361,1276,1412,1287,1459,1306,1524,1320,1564,1319,1603,1322,1638,1337,1656,1368,1483,1357,1482,1390,1482,1421,1482,1456,1409,1496,1437,1506,1465,1516,1493,1515,1520,1513,1316,1340,1346,1325,1380,1331,1403,1361,1373,1357,1341,1351,1534,1384,1562,1362,1592,1367,1613,1392,1591,1394,1561,1390,1350,1584,1390,1556,1435,1549,1460,1559,1489,1558,1519,1576,1538,1613,1509,1631,1477,1639,1446,1637,1418,1630,1380,1612,1365,1584,1430,1576,1457,1582,1484,1584,1525,1608,1481,1608,1452,1607,1425,1600
1842,h,1,1,1176,1176,1711,1711,61.4,1178,1357,1173,1424,1172,1492,1179,1558,1202,1621,1247,1672,1303,1707,1359,1739,1421,1756,1478,1752,1527,1723,1573,1688,1608,1641,1634,1588,1653,1533,1664,1476,1669,1422,1270,1304,1312,1279,1361,1276,1412,1287,1459,1306,1524,1320,1564,1319,1603,1322,1638,1337,1656,1368,1483,1357,1482,1390,1482,1421,1482,1456,1409,1496,1437,1506,1465,1516,1493,1515,1520,1513,1316,1340,1346,1325,1380,1331,1403,1361,1373,1357,1341,1351,1534,1384,1562,1362,1592,1367,1613,1392,1591,1394,1561,1390,1350,1584,1390,1556,1435,1549,1460,1559,1489,1558,1519,1576,1538,1613,1509,1631,1477,1639,1446,1637,1418,1630,1380,1612,1365,1584,1430,1576,1457,1582,1484,1584,1525,1608,1481,1608,1452,1607,1425,1600
1843,h,1,1,1176,1176,1711,1711,61.43333333333333,1178,1361,1172,1428,1172,1495,1180,1560,1204,1623,1249,1674,1305,1710,1360,1742,1423,1759,1480,1756,1530,1727,1575,1687,1609,1638,1633,1584,1653,1528,1664,1472,1668,1417,1270,1304,1311,1278,1361,1275,1413,1285,1459,1304,1518,1320,1561,1318,1602,1321,1639,1336,1657,1370,1483,1357,1482,1390,1482,1421,1482,1456,1408,1496,1437,1506,1466,1516,1493,1515,1519,1514,1314,1339,1345,1325,1377,1331,1401,1360,1371,1356,1339,1349,1532,1384,1561,1363,1591,1368,1613,1393,1590,1394,1560,1390,1349,1584,1389,1556,1435,1549,1460,1559,1489,1557,1520,1576,1538,1614,1509,1633,1476,1641,1446,1638,1418,1631,1380,1612,1365,1584,1430,1576,1456,1583,1485,1585,1524,1609,1481,1610,1452,1608,1425,1601
1844,h,1,1,1176,1176,1711,1711,61.46666666666667,1178,1355,1171,1422,1172,1491,1180,1558,1204,1621,1249,1671,1304,1708,1361,1741,1424,1758,1483,1753,1532,1723,1576,1685,1610,1636,1634,1582,1653,1527,1664,1471,1668,1416,1268,1306,1309,1280,1359,1277,1410,1287,1456,1305,1520,1319,1562,1318,1602,1321,1638,1336,1656,1368,1482,1356,1481,1389,1481,1421,1481,1455,1408,1497,1437,1506,1465,1516,1492,1515,1518,1513,1314,1341,1344,1325,1377,1331,1401,1361,1371,1357,1339,1351,1533,1383,1561,1362,1592,1366,1613,1391,1590,1393,1561,1390,1347,1586,1388,1557,1433,1549,1459,1559,1489,1557,1520,1576,1540,1614,1511,1632,1477,1641,1446,1639,1417,1631,1379,1613,1363,1585,1429,1577,1456,1583,1485,1585,1525,1609,1482,1609,1452,1607,1425,1600
1845,h,1,1,1176,1176,1711,1711,61.5,1174,1355,1168,1424,1168,1492,1177,1558,1202,1620,1248,1671,1303,1707,1358,1740,1421,1758,1479,1755,1526,1725,1571,1687,1605,1639,1631,1587,1652,1532,1663,1475,1667,1420,1268,1303,1309,1278,1361,1275,1413,1286,1458,1305,1519,1319,1561,1319,1602,1322,1639,1337,1656,1371,1482,1354,1481,1388,1481,1419,1480,1454,1406,1496,1435,1505,1464,1516,1492,1514,1518,1513,1315,1338,1345,1323,1377,1329,1401,1359,1371,1355,1340,1348,1532,1382,1560,1361,1591,1366,1612,1391,1589,1393,1559,1389,1346,1583,1387,1556,1433,1549,1459,1559,1488,1557,1519,1576,1538,1613,1508,1632,1475,1640,1445,1638,1417,1631,1378,1612,1361,1583,1429,1575,1456,1581,1483,1583,1524,1608,1480,1609,1451,1607,1424,1600
1846,h,1,1,1176,1176,1711,1711,61.53333333333333,1174,1355,1168,1424,1168,1492,1177,1558,1202,1620,1248,1671,1303,1707,1358,1740,1421,1758,1479,1755,1526,1725,1571,1687,1605,1639,1631,1587,1652,1532,1663,1475,1667,1420,1268,1303,1309,1278,1361,1275,1413,1286,1458,1305,1519,1319,1561,1319,1602,1322,1639,1337,1656,1371,1482,1354,1481,1388,1481,1419,1480,1454,1406,1496,1435,1505,1464,1516,1492,1514,1518,1513,1315,1338,1345,1323,1377,1329,1401,1359,1371,1355,1340,1348,1532,1382,1560,1361,1591,1366,1612,1391,1589,1393,1559,1389,1346,1583,1387,1556,1433,1549,1459,1559,1488,1557,1519,1576,1538,1613,1508,1632,1475,1640,1445,1638,1417,1631,1378,1612,1361,1583,1429,1575,1456,1581,1483,1583,1524,1608,1480,1609,1451,1607,1424,1600
1847,h,1,1,1176,1176,1711,1711,61.56666666666667,1176,1352,1170,1420,1170,1488,1178,1554,1201,1616,1245,1666,1300,1702,1356,1733,1418,1751,1475,1748,1524,1720,1570,1684,1605,1637,1630,1584,1649,1527,1661,1470,1664,1414,1266,1304,1307,1277,1357,1274,1408,1285,1455,1303,1517,1318,1559,1316,1601,1318,1638,1334,1655,1369,1480,1353,1479,1387,1479,1418,1478,1453,1405,1494,1434,1504,1463,1514,1491,1513,1517,1510,1313,1338,1344,1324,1376,1329,1401,1359,1370,1356,1338,1349,1530,1382,1558,1361,1589,1365,1611,1389,1587,1392,1558,1388,1347,1581,1388,1555,1431,1548,1457,1558,1486,1557,1516,1574,1537,1609,1507,1626,1474,1633,1444,1631,1415,1624,1378,1607,1362,1580,1427,1574,1454,1580,1482,1582,1523,1604,1479,1603,1450,1601,1423,1594
1848,h,1,1,1228,1228,1673,1673,61.6,1179,1350,1173,1415,1171,1481,1177,1545,1197,1608,1238,1657,1295,1691,1351,1721,1415,1738,1475,1737,1526,1712,1571,1678,1604,1633,1627,1581,1645,1529,1659,1476,1666,1422,1262,1308,1304,1279,1356,1273,1408,1282,1456,1301,1517,1317,1562,1315,1607,1320,1647,1339,1665,1379,1479,1353,1477,1386,1476,1418,1475,1453,1405,1493,1433,1501,1461,1511,1488,1510,1513,1508,1311,1339,1340,1323,1373,1328,1399,1358,1368,1354,1335,1349,1529,1381,1559,1359,1590,1364,1612,1389,1587,1391,1556,1386,1346,1577,1389,1555,1432,1546,1457,1556,1484,1553,1514,1570,1534,1602,1506,1618,1474,1626,1445,1624,1417,1618,1380,1601,1362,1576,1427,1571,1454,1577,1481,1579,1520,1598,1478,1597,1451,1595,1424,1589
1849,h,1,1,1176,1176,1711,1711,61.63333333333333,1178,1350,1170,1418,1168,1485,1176,1551,1202,1612,1246,1660,1300,1695,1355,1725,1415,1742,1473,1740,1522,1714,1566,1678,1602,1632,1627,1581,1647,1526,1658,1471,1663,1416,1266,1301,1308,1275,1359,1273,1409,1284,1455,1302,1518,1319,1559,1318,1599,1320,1635,1334,1654,1366,1480,1354,1479,1387,1479,1418,1478,1452,1406,1493,1434,1502,1462,1512,1489,1510,1515,1508,1311,1339,1341,1324,1374,1330,1399,1359,1368,1355,1336,1349,1530,1380,1559,1361,1589,1365,1611,1389,1587,1392,1558,1387,1349,1578,1391,1553,1435,1545,1459,1554,1486,1553,1514,1570,1533,1603,1505,1617,1475,1625,1446,1624,1419,1617,1382,1601,1364,1577,1430,1572,1455,1578,1482,1580,1521,1598,1479,1595,1452,1593,1426,1588
1850,h,1,1,1176,1176,1711,1711,61.666666666666664,1178,1350,1170,1418,1168,1485,1176,1551,1202,1612,1246,1660,1300,1695,1355,1725,1415,1742,1473,1740,1522,1714,1566,1678,1602,1632,1627,1581,1647,1526,1658,1471,1663,1416,1266,1301,1308,1275,1359,1273,1409,1284,1455,1302,1518,1319,1559,1318,1599,1320,1635,1334,1654,1366,1480,1354,1479,1387,1479,1418,1478,1452,1406,1493,1434,1502,1462,1512,1489,1510,1515,1508,1311,1339,1341,1324,1374,1330,1399,1359,1368,1355,1336,1349,1530,1380,1559,1361,1589,1365,1611,1389,1587,1392,1558,1387,1349,1578,1391,1553,1435,1545,1459,1554,1486,1553,1514,1570,1533,1603,1505,1617,1475,1625,1446,1624,1419,1617,1382,1601,1364,1577,1430,1572,1455,1578,1482,1580,1521,1598,1479,1595,1452,1593,1426,1588
1851,h,1,1,1176,1176,1711,1711,61.7,1174,1354,1167,1422,1166,1491,1175,1557,1201,1618,1246,1665,1303,1697,1359,1725,1420,1740,1475,1736,1523,1710,1567,1677,1601,1631,1626,1580,1646,1527,1657,1473,1662,1419,1264,1302,1306,1276,1357,1273,1408,1284,1454,1302,1519,1318,1560,1317,1600,1320,1636,1336,1655,1368,1479,1354,1478,1387,1478,1418,1478,1452,1406,1493,1434,1501,1462,1511,1489,1510,1515,1508,1311,1339,1341,1325,1374,1330,1398,1359,1368,1355,1336,1349,1529,1382,1557,1361,1588,1366,1609,1390,1586,1392,1556,1388,1349,1577,1391,1552,1435,1544,1459,1554,1485,1552,1514,1568,1533,1601,1505,1615,1474,1622,1446,1621,1419,1615,1382,1599,1364,1576,1430,1570,1455,1575,1481,1577,1520,1596,1479,1593,1452,1592,1426,1587
1852,h,1,1,1176,1176,1711,1711,61.733333333333334,1179,1354,1171,1421,1169,1487,1176,1551,1200,1613,1244,1661,1298,1696,1354,1725,1415,1741,1472,1739,1521,1713,1566,1678,1602,1632,1628,1580,1647,1525,1657,1470,1661,1416,1265,1303,1306,1276,1357,1273,1408,1284,1455,1302,1514,1317,1555,1316,1596,1319,1633,1334,1650,1368,1478,1354,1477,1386,1477,1417,1476,1452,1404,1492,1432,1501,1461,1511,1488,1510,1514,1507,1311,1338,1341,1324,1372,1329,1397,1358,1367,1353,1335,1348,1527,1380,1555,1360,1585,1365,1606,1388,1583,1390,1554,1386,1348,1577,1390,1554,1433,1546,1457,1556,1484,1554,1513,1570,1533,1602,1503,1615,1473,1621,1444,1620,1417,1613,1381,1599,1364,1576,1428,1572,1454,1578,1480,1580,1519,1597,1477,1592,1450,1590,1424,1584
1853,h,1,1,1176,1176,1711,1711,61.766666666666666,1179,1354,1171,1421,1169,1487,1176,1551,1200,1613,1244,1661,1298,1696,1354,1725,1415,1741,1472,1739,1521,1713,1566,1678,1602,1632,1628,1580,1647,1525,1657,1470,1661,1416,1265,1303,1306,1276,1357,1273,1408,1284,1455,1302,1514,1317,1555,1316,1596,1319,1633,1334,1650,1368,1478,1354,1477,1386,1477,1417,1476,1452,1404,1492,1432,1501,1461,1511,1488,1510,1514,1507,1311,1338,1341,1324,1372,1329,1397,1358,1367,1353,1335,1348,1527,1380,1555,1360,1585,1365,1606,1388,1583,1390,1554,1386,1348,1577,1390,1554,1433,1546,1457,1556,1484,1554,1513,1570,1533,1602,1503,1615,1473,1621,1444,1620,1417,1613,1381,1599,1364,1576,1428,1572,1454,1578,1480,1580,1519,1597,1477,1592,1450,1590,1424,1584
1854,h,1,1,1176,1176,1711,1711,61.8,1182,1348,1174,1417,1172,1486,1180,1552,1204,1614,1247,1664,1300,1699,1355,1729,1416,1746,1475,1742,1524,1716,1570,1679,1605,1632,1629,1579,1649,1524,1660,1469,1663,1414,1267,1303,1307,1276,1356,1272,1407,1283,1453,1301,1516,1316,1557,1315,1598,1318,1634,1333,1651,1367,1479,1353,1477,1386,1476,1417,1475,1452,1404,1493,1433,1502,1461,1513,1488,1512,1513,1509,1313,1336,1343,1323,1375,1329,1399,1358,1368,1354,1337,1347,1528,1380,1557,1360,1586,1364,1608,1387,1585,1390,1555,1386,1348,1579,1387,1554,1430,1548,1456,1558,1484,1556,1512,1572,1532,1605,1503,1619,1472,1626,1442,1625,1413,1618,1378,1602,1363,1578,1425,1575,1452,1581,1479,1583,1518,1600,1476,1596,1448,1595,1421,1589
1855,h,1,1,1176,1176,1711,1711,61.833333333333336,1182,1352,1174,1420,1173,1487,1180,1553,1205,1613,1249,1662,1302,1697,1356,1727,1417,1744,1473,1741,1523,1715,1568,1678,1604,1632,1629,1579,1648,1523,1658,1467,1662,1412,1268,1303,1307,1276,1357,1273,1408,1284,1454,1301,1515,1317,1555,1316,1596,1318,1632,1333,1650,1366,1478,1353,1477,1386,1477,1418,1476,1452,1405,1493,1433,1503,1461,1513,1488,1512,1514,1509,1311,1337,1341,1323,1374,1329,1399,1360,1367,1355,1335,1348,1528,1381,1556,1359,1586,1363,1608,1388,1585,1391,1555,1387,1347,1580,1387,1554,1430,1547,1456,1557,1485,1555,1514,1572,1532,1608,1504,1623,1473,1631,1442,1629,1414,1622,1378,1605,1362,1580,1426,1574,1453,1580,1481,1582,1520,1603,1477,1601,1448,1599,1421,1592
1856,h,1,1,1176,1176,1711,1711,61.86666666666667,1179,1352,1170,1421,1169,1490,1178,1556,1204,1616,1248,1665,1301,1699,1354,1730,1414,1747,1469,1745,1518,1718,1565,1683,1601,1637,1628,1584,1648,1528,1659,1472,1662,1416,1270,1299,1309,1274,1358,1272,1407,1283,1452,1301,1518,1316,1558,1314,1598,1316,1633,1331,1650,1364,1478,1353,1477,1386,1476,1417,1475,1452,1403,1493,1431,1502,1459,1512,1486,1512,1512,1509,1312,1336,1342,1321,1375,1327,1398,1359,1368,1354,1336,1347,1529,1380,1556,1358,1586,1362,1607,1386,1585,1390,1556,1386,1345,1582,1384,1554,1428,1546,1454,1556,1483,1554,1512,1572,1530,1607,1503,1622,1472,1631,1441,1629,1412,1623,1376,1607,1360,1581,1423,1574,1450,1579,1479,1581,1518,1602,1476,1599,1447,1598,1420,1593
1857,h,1,1,1176,1176,1711,1711,61.9,1179,1352,1170,1421,1169,1490,1178,1556,1204,1616,1248,1665,1301,1699,1354,1730,1414,1747,1469,1745,1518,1718,1565,1683,1601,1637,1628,1584,1648,1528,1659,1472,1662,1416,1270,1299,1309,1274,1358,1272,1407,1283,1452,1301,1518,1316,1558,1314,1598,1316,1633,1331,1650,1364,1478,1353,1477,1386,1476,1417,1475,1452,1403,1493,1431,1502,1459,1512,1486,1512,1512,1509,1312,1336,1342,1321,1375,1327,1398,1359,1368,1354,1336,1347,1529,1380,1556,1358,1586,1362,1607,1386,1585,1390,1556,1386,1345,1582,1384,1554,1428,1546,1454,1556,1483,1554,1512,1572,1530,1607,1503,1622,1472,1631,1441,1629,1412,1623,1376,1607,1360,1581,1423,1574,1450,1579,1479,1581,1518,1602,1476,1599,1447,1598,1420,1593
1858,h,1,1,1228,1228,1673,1673,61.93333333333333,1177,1352,1171,1420,1170,1488,1176,1553,1198,1614,1240,1663,1294,1697,1348,1727,1410,1744,1468,1743,1517,1718,1562,1684,1596,1638,1620,1586,1640,1532,1654,1478,1660,1422,1262,1303,1303,1275,1353,1271,1404,1281,1451,1299,1515,1315,1557,1313,1600,1317,1638,1334,1655,1371,1475,1351,1473,1385,1472,1417,1471,1452,1402,1491,1429,1500,1457,1510,1484,1508,1510,1506,1309,1337,1339,1322,1372,1328,1396,1357,1366,1354,1333,1348,1526,1380,1555,1359,1586,1363,1607,1388,1583,1391,1553,1386,1347,1579,1385,1553,1427,1546,1453,1556,1481,1554,1510,1570,1530,1606,1501,1622,1470,1630,1440,1628,1411,1621,1376,1604,1361,1578,1422,1572,1449,1578,1477,1580,1516,1601,1474,1599,1446,1598,1419,1592
1859,h,1,1,1228,1228,1673,1673,61.96666666666667,1180,1351,1175,1418,1174,1485,1180,1550,1203,1612,1243,1661,1296,1695,1351,1725,1411,1742,1469,1741,1520,1716,1566,1681,1600,1635,1623,1583,1642,1529,1655,1475,1661,1421,1261,1303,1302,1276,1352,1271,1403,1282,1450,1300,1513,1315,1555,1313,1598,1317,1636,1334,1656,1369,1474,1351,1472,1385,1471,1417,1470,1451,1402,1491,1429,1499,1457,1509,1483,1508,1509,1506,1308,1337,1338,1322,1370,1327,1395,1357,1364,1353,1332,1347,1526,1379,1554,1358,1585,1363,1607,1388,1583,1389,1552,1385,1345,1577,1385,1553,1427,1545,1453,1555,1480,1553,1509,1569,1529,1603,1500,1620,1469,1627,1440,1626,1411,1619,1375,1603,1359,1577,1422,1572,1449,1578,1476,1580,1516,1599,1473,1598,1446,1596,1418,1590
1860,h,1,1,1176,1176,1711,1711,62.0,1176,1352,1169,1421,1168,1488,1176,1553,1202,1613,1245,1662,1298,1698,1352,1729,1410,1747,1466,1745,1517,1718,1564,1683,1602,1637,1628,1585,1647,1529,1658,1472,1663,1416,1265,1302,1304,1275,1354,1271,1404,1281,1451,1298,1514,1312,1556,1311,1597,1314,1633,1329,1651,1362,1475,1349,1473,1383,1472,1415,1471,1451,1401,1490,1428,1500,1457,1511,1484,1510,1511,1507,1310,1335,1339,1321,1372,1327,1396,1356,1365,1352,1334,1346,1525,1378,1554,1357,1584,1361,1605,1385,1582,1388,1552,1384,1343,1578,1383,1553,1425,1545,1452,1557,1480,1554,1511,1571,1531,1606,1501,1621,1469,1630,1438,1628,1409,1622,1373,1604,1359,1578,1421,1572,1448,1579,1476,1580,1518,1601,1473,1598,1445,1597,1417,1591
1861,h,1,1,1176,1176,1711,1711,62.03333333333333,1176,1352,1169,1421,1168,1488,1176,1553,1202,1613,1245,1662,1298,1698,1352,1729,1410,1747,1466,1745,1517,1718,1564,1683,1602,1637,1628,1585,1647,1529,1658,1472,1663,1416,1265,1302,1304,1275,1354,1271,1404,1281,1451,1298,1514,1312,1556,1311,1597,1314,1633,1329,1651,1362,1475,1349,1473,1383,1472,1415,1471,1451,1401,1490,1428,1500,1457,1511,1484,1510,1511,1507,1310,1335,1339,1321,1372,1327,1396,1356,1365,1352,1334,1346,1525,1378,1554,1357,1584,1361,1605,1385,1582,1388,1552,1384,1343,1578,1383,1553,1425,1545,1452,1557,1480,1554,1511,1571,1531,1606,1501,1621,1469,1630,1438,1628,1409,1622,1373,1604,1359,1578,1421,1572,1448,1579,1476,1580,1518,1601,1473,1598,1445,1597,1417,1591
1862,h,1,1,1228,1228,1673,1673,62.06666666666667,1178,1351,1174,1418,1175,1483,1181,1547,1204,1608,1245,1656,1298,1690,1352,1720,1411,1736,1468,1735,1518,1711,1563,1677,1597,1632,1621,1581,1641,1528,1653,1474,1660,1419,1259,1302,1301,1276,1351,1271,1402,1280,1449,1297,1510,1313,1553,1311,1597,1316,1635,1332,1655,1367,1473,1350,1472,1384,1471,1416,1470,1450,1402,1492,1429,1500,1456,1509,1483,1508,1508,1507,1307,1337,1337,1321,1371,1327,1396,1357,1364,1353,1332,1347,1524,1379,1553,1358,1584,1362,1606,1387,1582,1390,1551,1385,1344,1576,1384,1553,1426,1546,1452,1556,1480,1554,1509,1570,1529,1603,1499,1620,1467,1628,1438,1626,1410,1619,1374,1602,1358,1576,1421,1572,1448,1578,1475,1579,1516,1599,1472,1596,1444,1595,1417,1589
1863,h,1,1,1228,1228,1673,1673,62.1,1175,1352,1171,1418,1172,1484,1178,1548,1199,1608,1241,1655,1293,1688,1348,1717,1409,1733,1468,1733,1518,1710,1564,1678,1599,1633,1623,1582,1642,1529,1656,1476,1663,1421,1257,1304,1299,1276,1350,1271,1400,1281,1448,1298,1512,1314,1557,1313,1602,1317,1642,1336,1662,1374,1473,1351,1471,1384,1470,1416,1468,1451,1401,1492,1428,1500,1455,1509,1482,1508,1508,1506,1306,1337,1336,1321,1370,1326,1395,1356,1364,1353,1331,1347,1525,1379,1554,1358,1585,1363,1608,1388,1583,1390,1552,1385,1343,1576,1383,1553,1424,1546,1451,1556,1479,1553,1508,1569,1529,1603,1499,1617,1467,1623,1438,1621,1409,1614,1374,1599,1357,1575,1420,1571,1447,1577,1475,1579,1516,1598,1472,1595,1444,1593,1416,1587
1864,h,1,1,1228,1228,1673,1673,62.13333333333333,1178,1352,1174,1419,1175,1485,1180,1550,1202,1611,1242,1659,1295,1693,1349,1722,1411,1738,1469,1738,1520,1715,1566,1682,1600,1637,1624,1584,1642,1529,1654,1474,1660,1419,1259,1304,1299,1276,1350,1272,1400,1282,1447,1298,1511,1315,1554,1314,1598,1318,1636,1334,1657,1370,1472,1351,1471,1384,1470,1416,1468,1451,1400,1491,1427,1500,1455,1509,1483,1508,1509,1506,1307,1336,1336,1321,1369,1326,1394,1356,1363,1352,1331,1346,1524,1378,1553,1358,1584,1362,1606,1387,1582,1389,1551,1384,1342,1575,1383,1553,1425,1546,1452,1556,1479,1553,1508,1569,1529,1602,1500,1617,1467,1624,1438,1623,1410,1616,1373,1600,1356,1574,1420,1572,1448,1578,1475,1579,1516,1597,1472,1594,1444,1592,1417,1587
1865,h,1,1,1228,1228,1673,1673,62.166666666666664,1178,1352,1174,1419,1175,1485,1180,1550,1202,1611,1242,1659,1295,1693,1349,1722,1411,1738,1469,1738,1520,1715,1566,1682,1600,1637,1624,1584,1642,1529,1654,1474,1660,1419,1259,1304,1299,1276,1350,1272,1400,1282,1447,1298,1511,1315,1554,1314,1598,1318,1636,1334,1657,1370,1472,1351,1471,1384,1470,1416,1468,1451,1400,1491,1427,1500,1455,1509,1483,1508,1509,1506,1307,1336,1336,1321,1369,1326,1394,1356,1363,1352,1331,1346,1524,1378,1553,1358,1584,1362,1606,1387,1582,1389,1551,1384,1342,1575,1383,1553,1425,1546,1452,1556,1479,1553,1508,1569,1529,1602,1500,1617,1467,1624,1438,1623,1410,1616,1373,1600,1356,1574,1420,1572,1448,1578,1475,1579,1516,1597,1472,1594,1444,1592,1417,1587
1866,h,1,1,1176,1176,1711,1711,62.2,1176,1354,1171,1422,1173,1487,1182,1551,1206,1611,1250,1659,1303,1694,1357,1722,1417,1737,1472,1736,1522,1712,1567,1678,1601,1632,1625,1580,1644,1525,1655,1469,1659,1414,1262,1303,1302,1275,1354,1270,1405,1281,1452,1298,1507,1312,1550,1311,1592,1314,1629,1331,1647,1366,1474,1347,1473,1381,1473,1413,1473,1448,1400,1491,1429,1499,1457,1509,1485,1507,1512,1506,1308,1336,1338,1322,1370,1327,1394,1356,1364,1352,1333,1346,1523,1377,1552,1357,1582,1361,1604,1385,1581,1388,1551,1384,1343,1575,1383,1551,1426,1544,1452,1555,1481,1552,1512,1570,1532,1604,1503,1618,1470,1626,1440,1624,1411,1617,1374,1599,1359,1575,1422,1571,1449,1577,1477,1579,1518,1599,1474,1596,1446,1594,1418,1587
1867,h,1,1,1176,1176,1711,1711,62.233333333333334,1178,1350,1172,1418,1173,1484,1182,1549,1207,1609,1250,1657,1302,1692,1354,1721,1412,1738,1467,1737,1517,1712,1563,1678,1599,1632,1626,1579,1645,1524,1656,1467,1660,1411,1264,1300,1305,1274,1354,1269,1405,1279,1451,1296,1508,1311,1549,1310,1591,1313,1628,1329,1647,1363,1473,1348,1472,1381,1471,1414,1471,1448,1399,1491,1428,1499,1457,1509,1485,1508,1511,1506,1307,1335,1337,1322,1369,1327,1394,1356,1363,1352,1332,1345,1524,1378,1552,1358,1583,1362,1605,1385,1580,1388,1551,1384,1344,1576,1383,1551,1426,1543,1452,1554,1480,1551,1510,1569,1530,1605,1501,1620,1469,1629,1439,1627,1411,1620,1374,1602,1359,1576,1422,1570,1448,1577,1476,1579,1516,1599,1473,1599,1445,1597,1418,1591
1868,h,1,1,1176,1176,1711,1711,62.266666666666666,1178,1350,1172,1418,1173,1484,1182,1549,1207,1609,1250,1657,1302,1692,1354,1721,1412,1738,1467,1737,1517,1712,1563,1678,1599,1632,1626,1579,1645,1524,1656,1467,1660,1411,1264,1300,1305,1274,1354,1269,1405,1279,1451,1296,1508,1311,1549,1310,1591,1313,1628,1329,1647,1363,1473,1348,1472,1381,1471,1414,1471,1448,1399,1491,1428,1499,1457,1509,1485,1508,1511,1506,1307,1335,1337,1322,1369,1327,1394,1356,1363,1352,1332,1345,1524,1378,1552,1358,1583,1362,1605,1385,1580,1388,1551,1384,1344,1576,1383,1551,1426,1543,1452,1554,1480,1551,1510,1569,1530,1605,1501,1620,1469,1629,1439,1627,1411,1620,1374,1602,1359,1576,1422,1570,1448,1577,1476,1579,1516,1599,1473,1599,1445,1597,1418,1591
1869,h,1,1,1176,1176,1711,1711,62.3,1176,1355,1171,1423,1171,1489,1179,1554,1203,1613,1247,1661,1301,1696,1355,1725,1414,1741,1471,1738,1521,1712,1567,1677,1601,1631,1627,1580,1646,1526,1657,1470,1662,1415,1264,1300,1304,1273,1354,1270,1405,1280,1451,1297,1509,1311,1551,1310,1592,1314,1629,1329,1648,1362,1474,1348,1474,1382,1473,1414,1472,1449,1400,1490,1429,1499,1458,1509,1485,1507,1512,1505,1308,1334,1338,1320,1371,1325,1395,1356,1365,1352,1333,1345,1524,1377,1552,1356,1583,1360,1605,1384,1582,1387,1551,1383,1341,1578,1381,1552,1426,1544,1452,1554,1481,1551,1511,1569,1530,1605,1502,1621,1470,1631,1440,1630,1411,1624,1372,1605,1356,1578,1422,1571,1449,1577,1476,1579,1516,1600,1474,1599,1445,1598,1418,1592
1870,h,1,1,1176,1176,1711,1711,62.333333333333336,1178,1358,1173,1424,1174,1490,1183,1553,1208,1613,1251,1662,1303,1697,1356,1727,1415,1745,1470,1742,1519,1715,1565,1679,1600,1633,1626,1581,1646,1527,1657,1471,1661,1415,1264,1301,1303,1274,1353,1271,1403,1281,1449,1298,1510,1312,1551,1312,1593,1315,1630,1330,1649,1363,1473,1347,1472,1381,1471,1413,1471,1448,1400,1491,1428,1499,1457,1509,1485,1507,1511,1506,1308,1335,1338,1321,1370,1326,1394,1356,1364,1352,1332,1345,1525,1377,1553,1357,1583,1360,1605,1384,1581,1387,1552,1383,1342,1579,1381,1552,1426,1544,1452,1555,1481,1551,1512,1570,1531,1606,1503,1623,1470,1632,1439,1631,1410,1625,1372,1606,1358,1578,1422,1572,1449,1577,1477,1579,1518,1601,1474,1600,1446,1600,1417,1594
1871,h,1,1,1176,1176,1711,1711,62.36666666666667,1173,1358,1167,1425,1168,1490,1175,1554,1200,1613,1244,1661,1298,1695,1352,1725,1410,1742,1467,1740,1516,1715,1562,1680,1597,1634,1624,1582,1644,1527,1656,1472,1660,1416,1262,1302,1302,1274,1353,1271,1403,1280,1450,1298,1508,1313,1549,1312,1591,1315,1628,1330,1647,1364,1473,1349,1472,1382,1471,1414,1470,1449,1399,1490,1427,1499,1456,1508,1484,1507,1511,1505,1307,1335,1338,1319,1371,1325,1395,1357,1364,1352,1332,1346,1524,1378,1552,1356,1583,1359,1605,1384,1581,1387,1551,1383,1341,1578,1380,1551,1423,1543,1451,1554,1481,1551,1511,1569,1530,1605,1501,1623,1469,1633,1437,1632,1407,1624,1370,1606,1356,1578,1419,1570,1447,1576,1476,1577,1516,1600,1473,1602,1443,1600,1415,1594
1872,h,1,1,1176,1176,1711,1711,62.4,1173,1358,1167,1425,1168,1490,1175,1554,1200,1613,1244,1661,1298,1695,1352,1725,1410,1742,1467,1740,1516,1715,1562,1680,1597,1634,1624,1582,1644,1527,1656,1472,1660,1416,1262,1302,1302,1274,1353,1271,1403,1280,1450,1298,1508,1313,1549,1312,1591,1315,1628,1330,1647,1364,1473,1349,1472,1382,1471,1414,1470,1449,1399,1490,1427,1499,1456,1508,1484,1507,1511,1505,1307,1335,1338,1319,1371,1325,1395,1357,1364,1352,1332,1346,1524,1378,1552,1356,1583,1359,1605,1384,1581,1387,1551,1383,1341,1578,1380,1551,1423,1543,1451,1554,1481,1551,1511,1569,1530,1605,1501,1623,1469,1633,1437,1632,1407,1624,1370,1606,1356,1578,1419,1570,1447,1576,1476,1577,1516,1600,1473,1602,1443,1600,1415,1594
1873,h,1,1,1176,1176,1711,1711,62.43333333333333,1175,1355,1170,1423,1171,1490,1179,1555,1204,1615,1248,1663,1300,1698,1353,1728,1411,1745,1467,1742,1516,1716,1562,1681,1597,1635,1624,1583,1644,1529,1655,1473,1659,1417,1263,1301,1303,1274,1353,1270,1404,1280,1450,1297,1511,1312,1552,1310,1593,1313,1630,1328,1650,1360,1474,1347,1473,1381,1472,1414,1471,1449,1401,1490,1428,1499,1456,1509,1484,1508,1510,1506,1308,1334,1338,1320,1371,1326,1395,1355,1364,1351,1333,1345,1525,1376,1553,1356,1583,1360,1605,1384,1581,1386,1552,1382,1341,1579,1380,1552,1424,1543,1451,1554,1481,1551,1510,1570,1530,1606,1500,1623,1468,1632,1438,1631,1408,1624,1370,1606,1356,1579,1420,1571,1448,1577,1476,1578,1516,1601,1473,1600,1444,1599,1415,1593
1874,h,1,1,1176,1176,1711,1711,62.46666666666667,1173,1358,1168,1425,1169,1492,1177,1557,1203,1618,1247,1666,1300,1701,1355,1731,1414,1748,1470,1745,1519,1718,1566,1681,1602,1635,1628,1582,1647,1526,1657,1469,1661,1413,1262,1301,1302,1274,1352,1270,1404,1280,1450,1298,1510,1313,1551,1312,1592,1314,1628,1329,1647,1363,1474,1348,1474,1381,1474,1413,1473,1448,1401,1490,1430,1499,1458,1508,1486,1507,1512,1505,1307,1334,1338,1319,1370,1325,1394,1355,1364,1352,1332,1345,1525,1376,1553,1355,1583,1359,1605,1383,1582,1387,1552,1383,1341,1579,1382,1551,1427,1543,1453,1553,1482,1550,1513,1568,1531,1606,1503,1623,1470,1631,1440,1630,1410,1623,1372,1605,1356,1578,1423,1571,1450,1577,1478,1578,1519,1601,1475,1601,1446,1599,1418,1594
1875,h,2,2,1228,1228,1673,1673,62.5,1175,1355,1172,1422,1174,1488,1181,1553,1204,1613,1245,1661,1298,1695,1352,1723,1413,1739,1470,1738,1520,1713,1565,1679,1599,1633,1623,1581,1642,1529,1655,1475,1660,1421,1261,1299,1303,1273,1353,1269,1403,1278,1449,1296,1515,1312,1557,1311,1599,1316,1635,1332,1655,1364,1475,1348,1473,1381,1472,1413,1472,1447,1403,1490,1430,1497,1458,1507,1484,1506,1510,1505,1306,1335,1336,1319,1370,1324,1395,1355,1363,1351,1331,1345,1526,1377,1555,1356,1586,1360,1608,1385,1584,1388,1553,1383,1342,1578,1382,1550,1427,1543,1453,1553,1481,1550,1511,1568,1530,1605,1501,1623,1469,1631,1439,1630,1410,1623,1372,1605,1356,1578,1422,1570,1449,1576,1476,1577,1517,1600,1473,1601,1445,1599,1418,1594
1876,h,2,2,1228,1228,1673,1673,62.53333333333333,1175,1355,1172,1422,1174,1488,1181,1553,1204,1613,1245,1661,1298,1695,1352,1723,1413,1739,1470,1738,1520,1713,1565,1679,1599,1633,1623,1581,1642,1529,1655,1475,1660,1421,1261,1299,1303,1273,1353,1269,1403,1278,1449,1296,1515,1312,1557,1311,1599,1316,1635,1332,1655,1364,1475,1348,1473,1381,1472,1413,1472,1447,1403,1490,1430,1497,1458,1507,1484,1506,1510,1505,1306,1335,1336,1319,1370,1324,1395,1355,1363,1351,1331,1345,1526,1377,1555,1356,1586,1360,1608,1385,1584,1388,1553,1383,1342,1578,1382,1550,1427,1543,1453,1553,1481,1550,1511,1568,1530,1605,1501,1623,1469,1631,1439,1630,1410,1623,1372,1605,1356,1578,1422,1570,1449,1576,1476,1577,1517,1600,1473,1601,1445,1599,1418,1594
1877,h,1,1,1228,1228,1673,1673,62.56666666666667,1180,1355,1177,1420,1178,1485,1185,1549,1207,1609,1247,1657,1299,1692,1353,1721,1413,1738,1472,1737,1522,1711,1566,1677,1600,1631,1624,1579,1643,1527,1656,1474,1663,1420,1263,1301,1303,1273,1353,1268,1403,1277,1449,1294,1515,1310,1558,1309,1602,1314,1640,1332,1659,1369,1475,1348,1473,1382,1472,1414,1471,1448,1403,1489,1429,1497,1457,1507,1484,1505,1510,1504,1308,1335,1338,1318,1371,1324,1396,1354,1365,1351,1332,1345,1526,1377,1555,1355,1587,1360,1609,1386,1584,1388,1554,1383,1342,1577,1383,1551,1427,1542,1453,1552,1481,1550,1511,1567,1530,1603,1502,1621,1469,1630,1440,1628,1412,1622,1374,1604,1357,1577,1422,1569,1450,1575,1477,1577,1517,1599,1474,1599,1446,1598,1419,1593
1878,h,1,1,1228,1228,1673,1673,62.6,1178,1353,1176,1419,1178,1485,1185,1549,1207,1609,1249,1657,1301,1692,1355,1721,1416,1736,1473,1735,1524,1711,1568,1675,1601,1629,1624,1577,1643,1524,1655,1470,1661,1415,1261,1301,1302,1273,1352,1268,1403,1278,1451,1295,1513,1310,1556,1310,1599,1314,1637,1332,1656,1368,1475,1347,1474,1380,1473,1412,1472,1447,1403,1488,1430,1496,1458,1505,1485,1504,1511,1503,1306,1335,1337,1319,1370,1324,1396,1354,1364,1350,1332,1344,1526,1377,1555,1356,1587,1360,1609,1386,1584,1387,1553,1383,1342,1576,1384,1550,1428,1541,1454,1551,1482,1549,1512,1567,1532,1605,1503,1622,1471,1630,1441,1628,1412,1622,1374,1604,1357,1576,1423,1568,1451,1574,1478,1576,1518,1600,1475,1599,1447,1597,1419,1591
1879,h,1,1,1228,1228,1673,1673,62.63333333333333,1180,1349,1176,1415,1177,1480,1183,1545,1204,1607,1245,1656,1297,1692,1351,1722,1413,1739,1471,1738,1522,1713,1567,1679,1600,1632,1623,1580,1642,1528,1655,1474,1661,1420,1261,1302,1301,1273,1352,1267,1403,1278,1450,1295,1514,1310,1557,1310,1600,1314,1638,1333,1657,1371,1474,1346,1473,1379,1472,1411,1471,1446,1402,1488,1429,1495,1458,1505,1485,1504,1511,1503,1307,1335,1338,1319,1370,1324,1395,1353,1364,1350,1332,1344,1526,1376,1555,1356,1586,1360,1608,1386,1583,1387,1553,1382,1343,1576,1384,1550,1427,1541,1454,1551,1482,1548,1512,1567,1531,1604,1503,1620,1470,1629,1441,1627,1411,1620,1374,1603,1358,1576,1422,1568,1450,1574,1478,1576,1518,1599,1475,1597,1447,1596,1419,1590
1880,h,1,1,1228,1228,1673,1673,62.666666666666664,1180,1349,1176,1415,1177,1480,1183,1545,1204,1607,1245,1656,1297,1692,1351,1722,1413,1739,1471,1738,1522,1713,1567,1679,1600,1632,1623,1580,1642,1528,1655,1474,1661,1420,1261,1302,1301,1273,1352,1267,1403,1278,1450,1295,1514,1310,1557,1310,1600,1314,1638,1333,1657,1371,1474,1346,1473,1379,1472,1411,1471,1446,1402,1488,1429,1495,1458,1505,1485,1504,1511,1503,1307,1335,1338,1319,1370,1324,1395,1353,1364,1350,1332,1344,1526,1376,1555,1356,1586,1360,1608,1386,1583,1387,1553,1382,1343,1576,1384,1550,1427,1541,1454,1551,1482,1548,1512,1567,1531,1604,1503,1620,1470,1629,1441,1627,1411,1620,1374,1603,1358,1576,1422,1568,1450,1574,1478,1576,1518,1599,1475,1597,1447,1596,1419,1590
1881,h,1,1,1228,1228,1673,1673,62.7,1180,1352,1177,1417,1179,1483,1186,1547,1207,1608,1248,1657,1300,1692,1354,1721,1415,1737,1472,1736,1523,1712,1567,1678,1601,1632,1624,1580,1643,1527,1656,1472,1662,1417,1263,1301,1303,1273,1353,1267,1404,1278,1451,1295,1513,1310,1556,1309,1600,1314,1638,1332,1656,1369,1475,1347,1474,1380,1473,1412,1472,1446,1402,1487,1430,1495,1458,1504,1486,1504,1512,1503,1308,1335,1338,1320,1371,1325,1396,1354,1365,1350,1333,1345,1526,1376,1555,1356,1586,1360,1608,1385,1583,1387,1553,1382,1343,1577,1384,1550,1427,1541,1454,1551,1481,1548,1511,1566,1530,1603,1502,1620,1470,1629,1440,1628,1412,1621,1373,1603,1358,1576,1423,1567,1450,1573,1477,1575,1516,1598,1474,1598,1446,1596,1419,1591
1882,h,1,1,1228,1228,1673,1673,62.733333333333334,1178,1353,1175,1419,1177,1484,1183,1548,1204,1609,1244,1658,1296,1692,1350,1721,1411,1738,1469,1738,1520,1714,1566,1680,1599,1635,1622,1583,1641,1530,1653,1476,1660,1421,1261,1303,1301,1274,1352,1269,1403,1278,1450,1295,1513,1311,1557,1310,1600,1315,1639,1334,1658,1372,1474,1347,1473,1381,1472,1413,1471,1448,1401,1489,1429,1497,1458,1507,1485,1505,1511,1504,1307,1336,1337,1320,1369,1325,1395,1355,1364,1351,1332,1345,1524,1377,1554,1356,1585,1361,1607,1386,1583,1388,1552,1383,1340,1576,1382,1550,1425,1542,1452,1553,1480,1550,1511,1568,1531,1605,1501,1621,1468,1630,1438,1628,1409,1621,1371,1603,1356,1576,1420,1570,1448,1576,1476,1578,1518,1599,1473,1597,1444,1596,1416,1590
1883,h,1,1,1228,1228,1673,1673,62.766666666666666,1178,1353,1175,1419,1177,1484,1183,1548,1204,1609,1244,1658,1296,1692,1350,1721,1411,1738,1469,1738,1520,1714,1566,1680,1599,1635,1622,1583,1641,1530,1653,1476,1660,1421,1261,1303,1301,1274,1352,1269,1403,1278,1450,1295,1513,1311,1557,1310,1600,1315,1639,1334,1658,1372,1474,1347,1473,1381,1472,1413,1471,1448,1401,1489,1429,1497,1458,1507,1485,1505,1511,1504,1307,1336,1337,1320,1369,1325,1395,1355,1364,1351,1332,1345,1524,1377,1554,1356,1585,1361,1607,1386,1583,1388,1552,1383,1340,1576,1382,1550,1425,1542,1452,1553,1480,1550,1511,1568,1531,1605,1501,1621,1468,1630,1438,1628,1409,1621,1371,1603,1356,1576,1420,1570,1448,1576,1476,1578,1518,1599,1473,1597,1444,1596,1416,1590
1884,h,1,1,1228,1228,1673,1673,62.8,1181,1353,1178,1420,1180,1485,1187,1550,1209,1611,1249,1658,1301,1693,1355,1721,1415,1737,1472,1735,1522,1711,1567,1677,1601,1631,1623,1579,1642,1527,1655,1474,1662,1419,1261,1303,1302,1275,1353,1270,1403,1279,1450,1297,1514,1312,1559,1311,1603,1316,1642,1335,1661,1372,1475,1349,1474,1383,1473,1415,1472,1450,1402,1490,1430,1498,1458,1508,1485,1507,1511,1506,1308,1336,1338,1319,1371,1325,1396,1355,1364,1351,1332,1345,1526,1379,1555,1357,1587,1362,1609,1388,1584,1389,1553,1384,1342,1577,1383,1552,1426,1544,1454,1554,1481,1552,1512,1569,1532,1605,1503,1621,1470,1629,1440,1627,1411,1620,1373,1602,1357,1577,1422,1571,1450,1577,1477,1579,1518,1600,1474,1598,1446,1596,1418,1590
1885,h,1,1,1176,1176,1711,1711,62.833333333333336,1177,1354,1171,1423,1171,1490,1180,1555,1205,1615,1248,1664,1301,1700,1355,1729,1414,1746,1470,1744,1520,1718,1567,1682,1604,1636,1630,1584,1649,1528,1658,1471,1662,1416,1267,1300,1306,1274,1356,1271,1406,1282,1451,1299,1511,1314,1553,1312,1595,1314,1632,1330,1650,1365,1475,1349,1475,1383,1474,1414,1473,1449,1402,1492,1430,1501,1459,1510,1486,1509,1512,1508,1311,1335,1341,1321,1372,1327,1397,1357,1366,1352,1335,1346,1526,1379,1554,1358,1584,1362,1606,1386,1582,1389,1553,1385,1343,1579,1383,1552,1427,1544,1453,1555,1482,1552,1512,1570,1532,1606,1502,1621,1470,1630,1441,1628,1412,1622,1374,1604,1357,1578,1423,1571,1450,1577,1478,1578,1519,1601,1475,1599,1446,1598,1419,1592
1886,h,1,1,1228,1228,1673,1673,62.86666666666667,1180,1349,1177,1416,1178,1483,1185,1548,1208,1609,1249,1657,1302,1691,1355,1719,1414,1735,1471,1735,1520,1711,1564,1676,1597,1631,1622,1581,1642,1528,1656,1475,1663,1420,1262,1305,1302,1276,1353,1269,1405,1278,1452,1296,1512,1312,1556,1311,1600,1317,1639,1336,1658,1373,1475,1350,1474,1384,1473,1416,1472,1451,1402,1491,1430,1499,1458,1509,1486,1508,1512,1507,1309,1336,1339,1321,1372,1326,1397,1356,1366,1352,1333,1346,1525,1379,1555,1358,1586,1363,1608,1388,1583,1390,1552,1385,1342,1577,1383,1552,1427,1544,1453,1554,1480,1552,1510,1570,1529,1604,1501,1622,1469,1631,1440,1629,1411,1622,1373,1603,1357,1577,1422,1571,1449,1577,1476,1579,1516,1600,1473,1599,1446,1597,1418,1591
1887,h,1,1,1228,1228,1673,1673,62.9,1180,1349,1177,1416,1178,1483,1185,1548,1208,1609,1249,1657,1302,1691,1355,1719,1414,1735,1471,1735,1520,1711,1564,1676,1597,1631,1622,1581,1642,1528,1656,1475,1663,1420,1262,1305,1302,1276,1353,1269,1405,1278,1452,1296,1512,1312,1556,1311,1600,1317,1639,1336,1658,1373,1475,1350,1474,1384,1473,1416,1472,1451,1402,1491,1430,1499,1458,1509,1486,1508,1512,1507,1309,1336,1339,1321,1372,1326,1397,1356,1366,1352,1333,1346,1525,1379,1555,1358,1586,1363,1608,1388,1583,1390,1552,1385,1342,1577,1383,1552,1427,1544,1453,1554,1480,1552,1510,1570,1529,1604,1501,1622,1469,1631,1440,1629,1411,1622,1373,1603,1357,1577,1422,1571,1449,1577,1476,1579,1516,1600,1473,1599,1446,1597,1418,1591
1888,h,1,1,1228,1228,1673,1673,62.93333333333333,1181,1350,1178,1416,1180,1482,1187,1546,1209,1607,1249,1656,1301,1690,1354,1720,1414,1737,1472,1736,1522,1712,1568,1678,1601,1632,1624,1580,1644,1527,1658,1474,1664,1418,1262,1306,1302,1277,1353,1272,1405,1281,1452,1298,1514,1316,1560,1315,1605,1320,1645,1339,1664,1377,1477,1350,1475,1384,1475,1416,1474,1451,1404,1490,1431,1499,1460,1508,1487,1508,1513,1507,1310,1337,1340,1321,1373,1327,1398,1356,1367,1352,1335,1346,1528,1380,1558,1360,1589,1365,1610,1390,1586,1391,1555,1386,1343,1577,1384,1552,1427,1544,1454,1554,1482,1552,1512,1570,1531,1606,1502,1622,1469,1631,1439,1629,1410,1622,1373,1603,1358,1578,1422,1570,1450,1577,1477,1579,1517,1600,1474,1599,1446,1597,1418,1591
1889,h,1,1,1228,1228,1673,1673,62.96666666666667,1180,1356,1176,1422,1176,1488,1183,1553,1204,1614,1245,1662,1297,1697,1352,1727,1412,1744,1470,1743,1522,1719,1568,1685,1603,1639,1626,1586,1645,1533,1658,1479,1665,1423,1261,1307,1301,1278,1353,1272,1405,1280,1454,1297,1514,1314,1560,1313,1605,1318,1645,1337,1664,1375,1477,1350,1476,1384,1475,1416,1474,1451,1403,1492,1430,1501,1459,1510,1487,1509,1513,1507,1309,1338,1340,1322,1373,1327,1399,1357,1367,1353,1334,1347,1528,1380,1559,1360,1590,1365,1612,1391,1587,1392,1556,1386,1342,1577,1384,1552,1427,1545,1454,1555,1483,1552,1513,1570,1533,1606,1503,1623,1470,1631,1440,1629,1411,1622,1373,1604,1358,1577,1422,1571,1450,1578,1478,1579,1519,1601,1475,1600,1446,1598,1418,1592
1890,h,1,1,1228,1228,1673,1673,63.0,1182,1355,1177,1422,1178,1488,1184,1553,1206,1614,1246,1663,1299,1697,1353,1726,1415,1742,1472,1741,1524,1718,1569,1685,1603,1639,1627,1586,1645,1532,1658,1477,1663,1423,1265,1303,1306,1276,1357,1272,1407,1282,1454,1301,1516,1317,1559,1316,1601,1319,1639,1335,1658,1370,1479,1351,1478,1384,1477,1417,1476,1451,1404,1491,1432,1500,1462,1511,1489,1509,1515,1507,1312,1338,1343,1323,1375,1329,1399,1358,1369,1354,1337,1348,1529,1381,1559,1361,1590,1366,1611,1390,1588,1392,1557,1387,1345,1578,1386,1553,1429,1545,1456,1556,1484,1553,1515,1572,1534,1608,1505,1624,1471,1631,1441,1630,1412,1623,1375,1605,1360,1578,1424,1573,1452,1579,1479,1581,1521,1603,1476,1600,1447,1598,1419,1592
1891,h,1,1,1228,1228,1673,1673,63.03333333333333,1182,1355,1177,1422,1178,1488,1184,1553,1206,1614,1246,1663,1299,1697,1353,1726,1415,1742,1472,1741,1524,1718,1569,1685,1603,1639,1627,1586,1645,1532,1658,1477,1663,1423,1265,1303,1306,1276,1357,1272,1407,1282,1454,1301,1516,1317,1559,1316,1601,1319,1639,1335,1658,1370,1479,1351,1478,1384,1477,1417,1476,1451,1404,1491,1432,1500,1462,1511,1489,1509,1515,1507,1312,1338,1343,1323,1375,1329,1399,1358,1369,1354,1337,1348,1529,1381,1559,1361,1590,1366,1611,1390,1588,1392,1557,1387,1345,1578,1386,1553,1429,1545,1456,1556,1484,1553,1515,1572,1534,1608,1505,1624,1471,1631,1441,1630,1412,1623,1375,1605,1360,1578,1424,1573,1452,1579,1479,1581,1521,1603,1476,1600,1447,1598,1419,1592
1892,h,1,1,1228,1228,1673,1673,63.06666666666667,1182,1356,1179,1423,1181,1489,1188,1554,1211,1614,1251,1662,1304,1696,1357,1725,1417,1741,1473,1739,1522,1716,1567,1682,1601,1638,1626,1587,1647,1535,1660,1480,1667,1426,1267,1302,1308,1275,1359,1272,1410,1282,1456,1300,1517,1317,1560,1316,1602,1320,1639,1337,1658,1370,1481,1353,1481,1386,1481,1417,1480,1452,1407,1493,1435,1501,1463,1511,1490,1511,1515,1510,1312,1338,1344,1322,1377,1328,1402,1360,1371,1356,1338,1349,1530,1383,1560,1361,1592,1365,1613,1391,1590,1394,1558,1389,1344,1579,1387,1554,1430,1547,1457,1557,1484,1555,1513,1572,1532,1607,1503,1624,1472,1631,1443,1630,1414,1623,1376,1606,1360,1579,1425,1572,1453,1578,1480,1580,1518,1602,1477,1600,1449,1599,1421,1593
1893,h,1,1,1228,1228,1673,1673,63.1,1179,1359,1175,1426,1177,1493,1184,1557,1207,1617,1249,1665,1303,1699,1359,1728,1421,1745,1479,1744,1527,1718,1571,1684,1604,1638,1627,1586,1646,1533,1658,1479,1664,1425,1265,1306,1305,1277,1357,1272,1410,1283,1457,1302,1519,1318,1561,1317,1603,1321,1641,1338,1659,1374,1482,1352,1481,1385,1482,1417,1481,1452,1408,1492,1437,1501,1466,1512,1493,1510,1518,1508,1312,1338,1344,1322,1377,1327,1402,1359,1371,1355,1338,1349,1531,1382,1561,1360,1593,1365,1613,1391,1590,1393,1559,1388,1345,1579,1387,1554,1431,1547,1458,1558,1487,1555,1517,1573,1537,1607,1507,1624,1476,1632,1445,1630,1415,1623,1377,1605,1360,1579,1426,1572,1455,1579,1483,1580,1523,1603,1480,1600,1451,1598,1422,1592
1894,h,1,1,1176,1176,1711,1711,63.13333333333333,1181,1360,1175,1427,1175,1494,1184,1558,1209,1618,1253,1666,1307,1701,1361,1730,1421,1748,1478,1746,1529,1722,1574,1687,1609,1641,1634,1589,1653,1535,1665,1479,1670,1425,1273,1300,1314,1274,1363,1274,1413,1285,1459,1303,1521,1319,1562,1317,1603,1318,1640,1331,1658,1364,1484,1353,1483,1386,1483,1418,1483,1453,1410,1493,1438,1503,1466,1514,1494,1513,1520,1511,1317,1338,1348,1323,1381,1329,1404,1360,1374,1356,1342,1349,1535,1382,1564,1362,1595,1366,1615,1391,1592,1393,1563,1389,1349,1580,1390,1554,1433,1547,1460,1558,1489,1556,1519,1574,1540,1610,1510,1625,1477,1632,1446,1630,1417,1623,1380,1605,1365,1580,1429,1573,1456,1580,1485,1582,1526,1605,1482,1601,1452,1599,1425,1593
1895,h,1,1,1176,1176,1711,1711,63.166666666666664,1181,1360,1175,1427,1175,1494,1184,1558,1209,1618,1253,1666,1307,1701,1361,1730,1421,1748,1478,1746,1529,1722,1574,1687,1609,1641,1634,1589,1653,1535,1665,1479,1670,1425,1273,1300,1314,1274,1363,1274,1413,1285,1459,1303,1521,1319,1562,1317,1603,1318,1640,1331,1658,1364,1484,1353,1483,1386,1483,1418,1483,1453,1410,1493,1438,1503,1466,1514,1494,1513,1520,1511,1317,1338,1348,1323,1381,1329,1404,1360,1374,1356,1342,1349,1535,1382,1564,1362,1595,1366,1615,1391,1592,1393,1563,1389,1349,1580,1390,1554,1433,1547,1460,1558,1489,1556,1519,1574,1540,1610,1510,1625,1477,1632,1446,1630,1417,1623,1380,1605,1365,1580,1429,1573,1456,1580,1485,1582,1526,1605,1482,1601,1452,1599,1425,1593
1896,h,1,1,1228,1228,1673,1673,63.2,1185,1356,1180,1424,1181,1491,1187,1557,1210,1618,1251,1666,1304,1701,1359,1729,1420,1745,1477,1744,1526,1720,1571,1685,1605,1639,1629,1588,1650,1534,1663,1480,1671,1426,1272,1303,1314,1277,1364,1274,1415,1285,1461,1303,1524,1320,1565,1318,1607,1322,1644,1339,1662,1373,1486,1352,1485,1386,1485,1419,1484,1454,1412,1493,1439,1502,1468,1512,1495,1511,1520,1510,1318,1337,1349,1323,1382,1328,1406,1359,1375,1355,1343,1348,1535,1382,1565,1362,1596,1367,1617,1391,1593,1394,1563,1389,1351,1580,1392,1555,1435,1548,1462,1559,1491,1557,1520,1574,1539,1609,1510,1626,1478,1633,1448,1631,1419,1624,1381,1607,1365,1581,1430,1572,1458,1579,1486,1581,1526,1604,1483,1604,1454,1602,1426,1596
1897,h,1,1,1176,1176,1711,1711,63.233333333333334,1182,1360,1175,1427,1173,1494,1181,1559,1206,1620,1252,1668,1307,1703,1363,1734,1423,1751,1479,1748,1526,1720,1571,1685,1606,1638,1632,1588,1653,1533,1665,1478,1671,1425,1275,1304,1316,1277,1366,1274,1417,1286,1463,1304,1526,1320,1568,1319,1609,1322,1645,1336,1664,1367,1488,1354,1487,1388,1487,1420,1486,1454,1414,1495,1442,1504,1469,1514,1496,1513,1522,1512,1319,1338,1351,1323,1384,1329,1407,1361,1377,1357,1345,1349,1539,1384,1568,1363,1599,1367,1619,1392,1597,1395,1567,1391,1351,1582,1393,1555,1438,1548,1464,1559,1492,1557,1521,1575,1540,1611,1510,1628,1479,1635,1449,1634,1421,1627,1383,1609,1366,1582,1434,1575,1460,1581,1487,1583,1527,1606,1484,1605,1455,1604,1429,1597
1898,h,1,1,1176,1176,1711,1711,63.266666666666666,1185,1358,1178,1425,1177,1493,1184,1559,1208,1621,1253,1669,1308,1705,1363,1737,1424,1755,1480,1753,1529,1726,1574,1690,1609,1643,1635,1592,1655,1537,1668,1482,1674,1427,1276,1303,1318,1278,1369,1275,1420,1287,1467,1305,1529,1321,1571,1320,1612,1323,1648,1337,1667,1369,1490,1355,1489,1389,1488,1421,1488,1455,1414,1496,1443,1506,1471,1516,1499,1515,1525,1514,1322,1338,1353,1323,1386,1329,1409,1362,1379,1357,1347,1349,1540,1385,1570,1363,1600,1368,1621,1393,1598,1396,1569,1392,1351,1583,1393,1556,1438,1550,1465,1561,1495,1559,1526,1577,1545,1614,1514,1631,1481,1639,1450,1636,1420,1629,1382,1611,1366,1583,1434,1576,1461,1583,1490,1585,1531,1608,1487,1607,1457,1605,1429,1598
1899,h,1,1,1176,1176,1711,1711,63.3,1185,1358,1178,1425,1177,1493,1184,1559,1208,1621,1253,1669,1308,1705,1363,1737,1424,1755,1480,1753,1529,1726,1574,1690,1609,1643,1635,1592,1655,1537,1668,1482,1674,1427,1276,1303,1318,1278,1369,1275,1420,1287,1467,1305,1529,1321,1571,1320,1612,1323,1648,1337,1667,1369,1490,1355,1489,1389,1488,1421,1488,1455,1414,1496,1443,1506,1471,1516,1499,1515,1525,1514,1322,1338,1353,1323,1386,1329,1409,1362,1379,1357,1347,1349,1540,1385,1570,1363,1600,1368,1621,1393,1598,1396,1569,1392,1351,1583,1393,1556,1438,1550,1465,1561,1495,1559,1526,1577,1545,1614,1514,1631,1481,1639,1450,1636,1420,1629,1382,1611,1366,1583,1434,1576,1461,1583,1490,1585,1531,1608,1487,1607,1457,1605,1429,1598
1900,h,1,1,1176,1176,1711,1711,63.333333333333336,1181,1361,1176,1428,1176,1496,1184,1561,1208,1623,1253,1671,1309,1707,1365,1737,1426,1754,1483,1752,1532,1725,1577,1690,1612,1643,1637,1591,1658,1536,1671,1480,1678,1426,1275,1304,1318,1278,1369,1275,1420,1286,1467,1305,1530,1321,1572,1320,1613,1322,1650,1336,1669,1369,1492,1357,1491,1389,1490,1421,1490,1456,1416,1496,1445,1506,1473,1517,1501,1516,1526,1515,1323,1339,1355,1324,1388,1330,1411,1362,1381,1358,1349,1350,1541,1385,1571,1364,1602,1368,1622,1393,1599,1396,1569,1392,1354,1582,1396,1556,1440,1550,1467,1561,1496,1559,1527,1578,1546,1613,1516,1630,1483,1638,1452,1635,1423,1628,1385,1610,1369,1582,1435,1576,1463,1583,1492,1585,1533,1608,1488,1608,1458,1606,1430,1599
1901,h,1,1,1176,1176,1711,1711,63.36666666666667,1187,1355,1179,1423,1178,1491,1186,1557,1211,1618,1256,1667,1310,1703,1364,1734,1424,1751,1480,1750,1529,1724,1574,1688,1609,1642,1636,1591,1657,1536,1669,1480,1674,1424,1280,1302,1322,1277,1373,1275,1424,1287,1470,1306,1529,1322,1569,1320,1610,1322,1647,1336,1666,1369,1491,1356,1490,1390,1490,1422,1490,1456,1417,1497,1445,1507,1474,1517,1501,1516,1527,1514,1325,1339,1356,1325,1389,1330,1412,1361,1382,1357,1350,1350,1541,1385,1571,1364,1601,1368,1622,1393,1599,1396,1569,1392,1355,1584,1397,1557,1441,1550,1468,1561,1497,1559,1527,1578,1547,1614,1516,1630,1483,1637,1452,1635,1423,1627,1386,1610,1370,1583,1437,1577,1464,1584,1492,1586,1533,1609,1488,1607,1459,1604,1431,1598
1902,h,1,1,1176,1176,1711,1711,63.4,1187,1355,1179,1423,1178,1491,1186,1557,1211,1618,1256,1667,1310,1703,1364,1734,1424,1751,1480,1750,1529,1724,1574,1688,1609,1642,1636,1591,1657,1536,1669,1480,1674,1424,1280,1302,1322,1277,1373,1275,1424,1287,1470,1306,1529,1322,1569,1320,1610,1322,1647,1336,1666,1369,1491,1356,1490,1390,1490,1422,1490,1456,1417,1497,1445,1507,1474,1517,1501,1516,1527,1514,1325,1339,1356,1325,1389,1330,1412,1361,1382,1357,1350,1350,1541,1385,1571,1364,1601,1368,1622,1393,1599,1396,1569,1392,1355,1584,1397,1557,1441,1550,1468,1561,1497,1559,1527,1578,1547,1614,1516,1630,1483,1637,1452,1635,1423,1627,1386,1610,1370,1583,1437,1577,1464,1584,1492,1586,1533,1609,1488,1607,1459,1604,1431,1598
1903,h,1,1,1176,1176,1711,1711,63.43333333333333,1185,1362,1179,1429,1179,1497,1188,1561,1213,1621,1258,1668,1313,1703,1367,1733,1427,1752,1483,1751,1532,1725,1577,1690,1612,1644,1638,1593,1659,1538,1672,1484,1677,1430,1279,1304,1321,1278,1372,1276,1422,1288,1468,1307,1532,1322,1573,1320,1614,1323,1651,1338,1669,1371,1493,1357,1492,1390,1491,1423,1491,1457,1418,1497,1446,1507,1474,1517,1502,1517,1528,1516,1325,1339,1356,1324,1389,1330,1412,1362,1382,1358,1350,1350,1543,1386,1572,1364,1604,1368,1624,1394,1602,1397,1571,1393,1356,1584,1397,1557,1441,1550,1468,1561,1497,1560,1528,1579,1548,1616,1517,1631,1484,1637,1453,1635,1424,1627,1387,1610,1371,1584,1436,1578,1464,1585,1492,1587,1534,1610,1489,1606,1460,1604,1432,1597
1904,h,1,1,1176,1176,1711,1711,63.46666666666667,1188,1356,1181,1425,1180,1494,1187,1559,1211,1622,1256,1671,1311,1706,1366,1737,1425,1754,1481,1752,1532,1724,1578,1690,1614,1643,1640,1591,1660,1536,1672,1481,1678,1426,1281,1305,1322,1279,1374,1277,1425,1289,1471,1307,1531,1323,1572,1322,1612,1325,1649,1339,1668,1371,1494,1356,1493,1389,1492,1421,1492,1456,1418,1497,1446,1506,1475,1516,1502,1516,1528,1515,1327,1339,1358,1324,1391,1329,1414,1361,1384,1356,1353,1349,1543,1385,1572,1364,1602,1369,1622,1394,1600,1396,1570,1391,1354,1584,1396,1557,1441,1549,1468,1560,1497,1559,1528,1578,1547,1615,1516,1631,1482,1638,1451,1635,1422,1628,1385,1610,1369,1584,1436,1576,1464,1582,1492,1585,1534,1610,1488,1607,1458,1604,1430,1599
1905,h,1,1,1176,1176,1711,1711,63.5,1187,1361,1180,1428,1179,1497,1187,1563,1214,1623,1259,1670,1312,1704,1365,1734,1424,1752,1479,1751,1527,1726,1571,1691,1608,1645,1635,1595,1655,1541,1668,1486,1673,1434,1282,1302,1325,1278,1376,1277,1426,1289,1471,1308,1533,1326,1573,1324,1612,1327,1647,1341,1666,1372,1496,1359,1495,1392,1494,1423,1493,1457,1419,1498,1448,1507,1476,1517,1503,1517,1528,1517,1327,1339,1359,1324,1392,1330,1415,1362,1385,1357,1353,1350,1544,1387,1574,1365,1604,1370,1623,1396,1601,1398,1572,1393,1354,1582,1398,1556,1443,1549,1469,1560,1498,1559,1528,1578,1547,1615,1516,1631,1483,1639,1453,1637,1424,1629,1387,1611,1369,1583,1438,1578,1464,1584,1492,1587,1534,1610,1489,1607,1460,1605,1433,1599
1906,h,1,1,1176,1176,1711,1711,63.53333333333333,1187,1361,1180,1428,1179,1497,1187,1563,1214,1623,1259,1670,1312,1704,1365,1734,1424,1752,1479,1751,1527,1726,1571,1691,1608,1645,1635,1595,1655,1541,1668,1486,1673,1434,1282,1302,1325,1278,1376,1277,1426,1289,1471,1308,1533,1326,1573,1324,1612,1327,1647,1341,1666,1372,1496,1359,1495,1392,1494,1423,1493,1457,1419,1498,1448,1507,1476,1517,1503,1517,1528,1517,1327,1339,1359,1324,1392,1330,1415,1362,1385,1357,1353,1350,1544,1387,1574,1365,1604,1370,1623,1396,1601,1398,1572,1393,1354,1582,1398,1556,1443,1549,1469,1560,1498,1559,1528,1578,1547,1615,1516,1631,1483,1639,1453,1637,1424,1629,1387,1611,1369,1583,1438,1578,1464,1584,1492,1587,1534,1610,1489,1607,1460,1605,1433,1599
1907,h,1,1,1176,1176,1711,1711,63.56666666666667,1188,1363,1183,1431,1185,1499,1194,1563,1220,1623,1264,1670,1317,1705,1370,1732,1429,1750,1484,1748,1533,1724,1578,1689,1613,1642,1639,1591,1659,1538,1672,1483,1678,1428,1282,1305,1324,1279,1375,1277,1425,1288,1471,1306,1534,1323,1575,1322,1615,1325,1651,1340,1669,1372,1496,1356,1495,1390,1494,1422,1494,1457,1420,1496,1449,1506,1477,1516,1504,1517,1530,1516,1327,1340,1358,1325,1392,1331,1414,1363,1385,1358,1353,1351,1545,1387,1575,1366,1606,1370,1626,1396,1604,1398,1574,1394,1357,1583,1400,1557,1445,1551,1471,1562,1501,1561,1532,1580,1549,1616,1519,1633,1485,1640,1454,1637,1425,1630,1388,1612,1372,1584,1440,1578,1467,1584,1496,1587,1536,1611,1491,1611,1461,1608,1434,1601
1908,h,1,1,1176,1176,1711,1711,63.6,1186,1364,1180,1431,1180,1500,1188,1566,1214,1626,1260,1673,1315,1706,1369,1736,1430,1755,1486,1753,1535,1727,1580,1691,1615,1644,1640,1592,1660,1538,1673,1483,1678,1428,1283,1304,1325,1279,1376,1277,1426,1290,1472,1308,1533,1324,1574,1323,1614,1326,1651,1340,1669,1372,1496,1357,1496,1391,1495,1423,1494,1458,1420,1498,1449,1507,1477,1518,1504,1518,1529,1517,1328,1340,1359,1325,1392,1331,1414,1362,1385,1357,1354,1350,1545,1386,1574,1365,1605,1370,1625,1395,1602,1397,1573,1393,1358,1585,1400,1557,1445,1551,1471,1561,1500,1560,1531,1580,1550,1618,1520,1634,1486,1642,1455,1639,1426,1632,1389,1613,1373,1585,1441,1579,1467,1585,1495,1588,1536,1613,1491,1611,1462,1608,1435,1601
1909,h,1,1,1176,1176,1711,1711,63.63333333333333,1188,1359,1182,1427,1181,1495,1188,1560,1212,1621,1256,1670,1310,1706,1366,1737,1427,1755,1484,1754,1533,1727,1577,1690,1613,1643,1638,1591,1660,1537,1673,1482,1678,1427,1284,1304,1325,1280,1376,1278,1426,1290,1471,1308,1534,1323,1575,1322,1615,1325,1651,1340,1668,1372,1496,1357,1496,1390,1495,1423,1494,1458,1421,1497,1449,1507,1477,1517,1504,1517,1529,1516,1329,1340,1359,1325,1392,1330,1415,1361,1385,1357,1354,1351,1544,1386,1573,1365,1604,1369,1624,1395,1601,1397,1572,1393,1357,1584,1399,1557,1444,1550,1470,1561,1500,1560,1530,1580,1549,1617,1519,1634,1485,1641,1454,1638,1425,1631,1388,1613,1372,1585,1439,1579,1466,1585,1495,1588,1534,1612,1491,1610,1461,1607,1434,1601
1910,h,1,1,1176,1176,1711,1711,63.666666666666664,1188,1359,1182,1427,1181,1495,1188,1560,1212,1621,1256,1670,1310,1706,1366,1737,1427,1755,1484,1754,1533,1727,1577,1690,1613,1643,1638,1591,1660,1537,1673,1482,1678,1427,1284,1304,1325,1280,1376,1278,1426,1290,1471,1308,1534,1323,1575,1322,1615,1325,1651,1340,1668,1372,1496,1357,1496,1390,1495,1423,1494,1458,1421,1497,1449,1507,1477,1517,1504,1517,1529,1516,1329,1340,1359,1325,1392,1330,1415,1361,1385,1357,1354,1351,1544,1386,1573,1365,1604,1369,1624,1395,1601,1397,1572,1393,1357,1584,1399,1557,1444,1550,1470,1561,1500,1560,1530,1580,1549,1617,1519,1634,1485,1641,1454,1638,1425,1631,1388,1613,1372,1585,1439,1579,1466,1585,1495,1588,1534,1612,1491,1610,1461,1607,1434,1601
1911,h,1,1,1176,1176,1711,1711,63.7,1186,1355,1179,1423,1177,1492,1183,1559,1207,1622,1252,1671,1307,1707,1362,1738,1423,1756,1480,1754,1530,1727,1576,1690,1613,1642,1639,1589,1660,1534,1673,1480,1679,1426,1284,1302,1327,1278,1377,1276,1427,1288,1473,1307,1537,1324,1578,1322,1617,1325,1653,1340,1671,1372,1498,1357,1496,1391,1496,1422,1495,1457,1421,1497,1449,1506,1477,1517,1504,1517,1529,1517,1329,1339,1360,1324,1394,1330,1416,1361,1386,1357,1355,1350,1545,1386,1575,1365,1605,1369,1625,1395,1603,1397,1573,1393,1357,1585,1399,1557,1444,1550,1470,1562,1500,1561,1530,1580,1547,1619,1517,1636,1484,1643,1453,1640,1424,1633,1387,1615,1371,1586,1439,1577,1465,1584,1494,1587,1534,1613,1490,1613,1460,1610,1433,1604
1912,h,1,1,1176,1176,1711,1711,63.733333333333334,1181,1366,1175,1434,1176,1502,1185,1566,1211,1626,1256,1674,1311,1710,1364,1742,1425,1760,1481,1758,1529,1731,1573,1694,1609,1647,1636,1595,1658,1541,1671,1486,1676,1433,1281,1304,1324,1279,1375,1277,1426,1290,1472,1309,1534,1327,1574,1325,1613,1327,1648,1341,1667,1372,1496,1360,1495,1392,1495,1423,1494,1457,1420,1498,1449,1507,1477,1518,1504,1518,1529,1517,1327,1340,1358,1325,1392,1331,1415,1362,1385,1358,1353,1351,1545,1387,1575,1366,1605,1371,1624,1397,1603,1399,1573,1394,1356,1587,1399,1558,1444,1550,1470,1562,1500,1560,1530,1581,1546,1621,1518,1640,1485,1649,1454,1647,1425,1639,1387,1619,1371,1588,1439,1580,1466,1586,1495,1589,1532,1616,1490,1615,1461,1613,1433,1607
1913,h,1,1,1176,1176,1711,1711,63.766666666666666,1186,1360,1179,1428,1178,1497,1184,1564,1209,1626,1255,1675,1310,1711,1366,1743,1428,1761,1485,1758,1533,1730,1578,1693,1611,1645,1638,1593,1660,1539,1672,1484,1678,1431,1284,1304,1328,1279,1379,1278,1431,1291,1476,1312,1533,1328,1574,1324,1615,1327,1652,1341,1671,1373,1498,1359,1497,1392,1496,1425,1496,1460,1421,1498,1450,1508,1478,1519,1505,1518,1531,1517,1329,1339,1360,1325,1393,1331,1416,1362,1387,1357,1355,1350,1546,1386,1575,1366,1606,1371,1625,1396,1603,1398,1574,1393,1359,1588,1400,1559,1445,1552,1471,1564,1501,1562,1530,1582,1545,1621,1517,1641,1485,1650,1454,1648,1425,1640,1388,1620,1373,1589,1440,1580,1467,1587,1496,1590,1531,1615,1491,1618,1461,1616,1434,1609
1914,h,1,1,1176,1176,1711,1711,63.8,1186,1360,1179,1428,1178,1497,1184,1564,1209,1626,1255,1675,1310,1711,1366,1743,1428,1761,1485,1758,1533,1730,1578,1693,1611,1645,1638,1593,1660,1539,1672,1484,1678,1431,1284,1304,1328,1279,1379,1278,1431,1291,1476,1312,1533,1328,1574,1324,1615,1327,1652,1341,1671,1373,1498,1359,1497,1392,1496,1425,1496,1460,1421,1498,1450,1508,1478,1519,1505,1518,1531,1517,1329,1339,1360,1325,1393,1331,1416,1362,1387,1357,1355,1350,1546,1386,1575,1366,1606,1371,1625,1396,1603,1398,1574,1393,1359,1588,1400,1559,1445,1552,1471,1564,1501,1562,1530,1582,1545,1621,1517,1641,1485,1650,1454,1648,1425,1640,1388,1620,1373,1589,1440,1580,1467,1587,1496,1590,1531,1615,1491,1618,1461,1616,1434,1609
1915,h,1,1,1176,1176,1711,1711,63.833333333333336,1187,1354,1179,1423,1177,1493,1184,1560,1209,1622,1254,1671,1309,1707,1364,1739,1426,1757,1485,1754,1536,1727,1581,1689,1615,1641,1639,1587,1660,1533,1672,1478,1677,1425,1286,1303,1328,1279,1378,1277,1428,1288,1473,1307,1536,1322,1577,1321,1616,1324,1652,1338,1670,1369,1497,1358,1496,1391,1495,1423,1495,1458,1421,1498,1450,1508,1477,1519,1505,1518,1530,1517,1330,1339,1361,1325,1394,1330,1416,1361,1387,1357,1355,1350,1545,1385,1575,1365,1605,1369,1624,1394,1602,1396,1573,1392,1358,1588,1399,1559,1445,1552,1470,1564,1500,1562,1531,1582,1546,1621,1518,1641,1485,1650,1454,1648,1425,1640,1387,1620,1373,1589,1440,1580,1466,1587,1495,1589,1533,1616,1490,1618,1461,1616,1434,1610
1916,h,1,1,1176,1176,1711,1711,63.86666666666667,1188,1355,1179,1424,1177,1494,1185,1561,1209,1624,1255,1673,1311,1708,1366,1740,1428,1759,1486,1755,1535,1728,1580,1692,1614,1644,1639,1591,1659,1536,1671,1482,1677,1428,1283,1306,1326,1280,1378,1279,1430,1292,1476,1311,1537,1329,1578,1325,1617,1328,1654,1340,1673,1371,1500,1361,1498,1394,1498,1425,1497,1459,1422,1498,1450,1508,1478,1519,1506,1519,1531,1517,1329,1340,1361,1325,1394,1331,1417,1363,1387,1359,1355,1351,1546,1387,1575,1366,1606,1371,1626,1396,1605,1398,1575,1394,1358,1587,1401,1560,1447,1553,1472,1564,1501,1563,1531,1583,1547,1621,1519,1642,1486,1651,1455,1649,1426,1641,1388,1621,1373,1589,1441,1580,1467,1587,1496,1590,1534,1616,1492,1619,1462,1617,1436,1610
1917,h,1,1,1176,1176,1711,1711,63.9,1188,1355,1179,1424,1177,1494,1185,1561,1209,1624,1255,1673,1311,1708,1366,1740,1428,1759,1486,1755,1535,1728,1580,1692,1614,1644,1639,1591,1659,1536,1671,1482,1677,1428,1283,1306,1326,1280,1378,1279,1430,1292,1476,1311,1537,1329,1578,1325,1617,1328,1654,1340,1673,1371,1500,1361,1498,1394,1498,1425,1497,1459,1422,1498,1450,1508,1478,1519,1506,1519,1531,1517,1329,1340,1361,1325,1394,1331,1417,1363,1387,1359,1355,1351,1546,1387,1575,1366,1606,1371,1626,1396,1605,1398,1575,1394,1358,1587,1401,1560,1447,1553,1472,1564,1501,1563,1531,1583,1547,1621,1519,1642,1486,1651,1455,1649,1426,1641,1388,1621,1373,1589,1441,1580,1467,1587,1496,1590,1534,1616,1492,1619,1462,1617,1436,1610
1918,h,1,1,1176,1176,1711,1711,63.93333333333333,1190,1356,1182,1424,1181,1493,1187,1560,1212,1622,1258,1672,1313,1708,1369,1739,1430,1757,1488,1754,1538,1727,1582,1689,1616,1641,1640,1590,1660,1535,1671,1481,1677,1428,1283,1305,1325,1280,1376,1277,1427,1289,1473,1308,1538,1323,1579,1322,1618,1325,1654,1338,1671,1370,1497,1358,1496,1392,1496,1425,1496,1460,1421,1498,1450,1508,1478,1519,1506,1519,1532,1517,1328,1340,1360,1325,1393,1331,1416,1363,1387,1358,1354,1351,1546,1387,1576,1365,1607,1370,1626,1396,1604,1398,1574,1394,1358,1585,1400,1559,1445,1553,1472,1564,1503,1563,1534,1582,1550,1619,1521,1639,1488,1648,1456,1645,1426,1637,1388,1617,1373,1586,1440,1580,1468,1587,1498,1590,1536,1614,1494,1615,1463,1612,1434,1606
1919,h,1,1,1176,1176,1711,1711,63.96666666666667,1192,1355,1184,1423,1183,1493,1189,1559,1214,1621,1259,1669,1313,1705,1369,1737,1431,1755,1488,1753,1537,1726,1582,1690,1616,1643,1641,1591,1662,1537,1674,1482,1680,1428,1286,1305,1329,1280,1381,1278,1432,1291,1477,1311,1539,1328,1580,1325,1619,1328,1655,1342,1673,1374,1501,1361,1500,1394,1499,1425,1498,1460,1423,1498,1452,1509,1481,1520,1508,1519,1534,1518,1331,1340,1362,1327,1396,1332,1419,1363,1389,1358,1357,1351,1548,1387,1577,1367,1607,1372,1627,1397,1605,1399,1576,1394,1361,1584,1403,1557,1448,1551,1474,1563,1505,1562,1535,1582,1552,1619,1523,1635,1490,1643,1458,1640,1429,1633,1391,1613,1376,1584,1443,1580,1470,1587,1500,1590,1538,1614,1496,1611,1465,1609,1437,1602
1920,h,1,1,1176,1176,1711,1711,64.0,1192,1354,1184,1421,1181,1490,1187,1557,1211,1620,1255,1670,1311,1706,1366,1737,1428,1756,1485,1755,1536,1729,1582,1693,1617,1645,1642,1592,1662,1538,1675,1483,1681,1429,1289,1306,1330,1280,1381,1277,1432,1289,1477,1308,1539,1325,1580,1323,1620,1326,1656,1341,1673,1374,1501,1358,1500,1392,1499,1424,1497,1459,1423,1498,1452,1508,1480,1518,1507,1518,1533,1517,1334,1338,1365,1324,1397,1330,1420,1360,1391,1356,1359,1349,1549,1385,1578,1365,1607,1370,1626,1395,1604,1396,1576,1392,1359,1583,1401,1558,1447,1552,1473,1563,1503,1562,1534,1581,1552,1618,1522,1636,1489,1642,1457,1639,1428,1632,1390,1613,1374,1584,1442,1579,1469,1586,1498,1588,1539,1613,1495,1613,1464,1610,1437,1603
1921,h,1,1,1176,1176,1711,1711,64.03333333333333,1192,1354,1184,1421,1181,1490,1187,1557,1211,1620,1255,1670,1311,1706,1366,1737,1428,1756,1485,1755,1536,1729,1582,1693,1617,1645,1642,1592,1662,1538,1675,1483,1681,1429,1289,1306,1330,1280,1381,1277,1432,1289,1477,1308,1539,1325,1580,1323,1620,1326,1656,1341,1673,1374,1501,1358,1500,1392,1499,1424,1497,1459,1423,1498,1452,1508,1480,1518,1507,1518,1533,1517,1334,1338,1365,1324,1397,1330,1420,1360,1391,1356,1359,1349,1549,1385,1578,1365,1607,1370,1626,1395,1604,1396,1576,1392,1359,1583,1401,1558,1447,1552,1473,1563,1503,1562,1534,1581,1552,1618,1522,1636,1489,1642,1457,1639,1428,1632,1390,1613,1374,1584,1442,1579,1469,1586,1498,1588,1539,1613,1495,1613,1464,1610,1437,1603
1922,h,1,1,1176,1176,1711,1711,64.06666666666666,1187,1362,1179,1431,1178,1501,1187,1567,1213,1629,1259,1678,1315,1711,1371,1741,1432,1758,1488,1755,1536,1728,1580,1693,1613,1645,1638,1593,1660,1540,1673,1486,1679,1433,1287,1304,1330,1279,1381,1277,1432,1290,1477,1311,1540,1328,1580,1325,1620,1328,1656,1342,1673,1375,1504,1361,1503,1394,1503,1426,1502,1460,1426,1499,1455,1509,1483,1520,1510,1520,1535,1519,1332,1340,1364,1325,1397,1332,1420,1364,1390,1359,1358,1352,1549,1389,1579,1367,1610,1372,1629,1398,1608,1400,1578,1395,1362,1585,1405,1559,1450,1552,1475,1564,1504,1562,1535,1582,1552,1618,1523,1637,1490,1645,1459,1643,1431,1635,1393,1616,1377,1586,1445,1580,1471,1587,1500,1590,1539,1613,1496,1614,1466,1611,1439,1604
1923,h,1,1,1176,1176,1711,1711,64.1,1188,1358,1181,1427,1180,1497,1188,1564,1212,1626,1257,1675,1314,1710,1370,1740,1432,1758,1489,1755,1537,1727,1581,1691,1616,1644,1641,1592,1662,1538,1674,1483,1681,1428,1287,1304,1330,1279,1381,1277,1433,1289,1478,1308,1540,1326,1581,1323,1621,1327,1657,1341,1674,1373,1502,1359,1501,1392,1501,1425,1501,1460,1425,1499,1454,1509,1482,1519,1509,1520,1535,1518,1332,1339,1365,1325,1398,1331,1421,1362,1391,1357,1359,1350,1549,1387,1579,1366,1609,1371,1628,1396,1607,1398,1577,1393,1363,1585,1406,1558,1450,1552,1475,1564,1505,1562,1536,1582,1552,1619,1524,1637,1491,1645,1459,1643,1431,1635,1393,1616,1378,1585,1445,1579,1471,1586,1501,1589,1538,1614,1496,1614,1466,1611,1439,1605
1924,h,1,1,1176,1176,1711,1711,64.13333333333334,1189,1357,1182,1426,1182,1494,1190,1560,1215,1621,1261,1669,1316,1704,1370,1736,1430,1754,1486,1752,1533,1725,1577,1689,1613,1643,1640,1592,1663,1539,1676,1485,1683,1431,1287,1303,1331,1278,1383,1275,1435,1288,1481,1308,1540,1326,1581,1324,1621,1328,1657,1341,1676,1372,1503,1361,1502,1394,1501,1426,1501,1460,1425,1500,1454,1510,1482,1520,1509,1521,1534,1520,1334,1338,1366,1324,1399,1330,1421,1363,1392,1358,1359,1350,1550,1388,1579,1366,1609,1371,1629,1397,1608,1399,1578,1395,1362,1585,1405,1558,1450,1552,1475,1564,1505,1562,1535,1582,1552,1618,1523,1637,1490,1645,1458,1642,1430,1634,1393,1615,1377,1586,1445,1580,1471,1587,1500,1590,1538,1613,1496,1612,1466,1610,1439,1603
1925,h,1,1,1176,1176,1711,1711,64.16666666666667,1189,1357,1182,1426,1182,1494,1190,1560,1215,1621,1261,1669,1316,1704,1370,1736,1430,1754,1486,1752,1533,1725,1577,1689,1613,1643,1640,1592,1663,1539,1676,1485,1683,1431,1287,1303,1331,1278,1383,1275,1435,1288,1481,1308,1540,1326,1581,1324,1621,1328,1657,1341,1676,1372,1503,1361,1502,1394,1501,1426,1501,1460,1425,1500,1454,1510,1482,1520,1509,1521,1534,1520,1334,1338,1366,1324,1399,1330,1421,1363,1392,1358,1359,1350,1550,1388,1579,1366,1609,1371,1629,1397,1608,1399,1578,1395,1362,1585,1405,1558,1450,1552,1475,1564,1505,1562,1535,1582,1552,1618,1523,1637,1490,1645,1458,1642,1430,1634,1393,1615,1377,1586,1445,1580,1471,1587,1500,1590,1538,1613,1496,1612,1466,1610,1439,1603
1926,h,1,1,1176,1176,1711,1711,64.2,1187,1358,1181,1426,1181,1495,1188,1560,1213,1621,1258,1670,1314,1706,1369,1739,1430,1758,1485,1756,1534,1729,1580,1693,1615,1646,1642,1593,1664,1539,1677,1482,1682,1427,1286,1307,1329,1280,1381,1277,1434,1289,1481,1309,1541,1326,1582,1324,1622,1327,1659,1342,1677,1375,1503,1359,1502,1393,1502,1425,1501,1460,1426,1499,1455,1509,1483,1520,1511,1520,1536,1518,1334,1340,1366,1325,1399,1331,1421,1362,1392,1358,1360,1351,1550,1387,1579,1366,1610,1371,1630,1397,1608,1399,1578,1394,1363,1586,1406,1559,1451,1552,1476,1564,1505,1562,1535,1581,1553,1618,1523,1636,1490,1644,1460,1641,1432,1633,1394,1614,1378,1586,1446,1580,1472,1587,1500,1590,1539,1613,1496,1612,1466,1609,1440,1603
1927,h,1,1,1176,1176,1711,1711,64.23333333333333,1191,1363,1185,1430,1185,1497,1192,1562,1217,1622,1263,1670,1317,1704,1372,1738,1432,1757,1489,1755,1537,1728,1582,1693,1617,1646,1643,1594,1664,1540,1676,1484,1681,1430,1288,1305,1330,1279,1381,1277,1432,1289,1479,1308,1540,1327,1580,1324,1620,1327,1656,1343,1674,1375,1503,1362,1502,1395,1501,1426,1501,1461,1426,1499,1455,1510,1483,1521,1511,1520,1536,1519,1335,1341,1366,1326,1399,1332,1422,1364,1393,1359,1360,1352,1550,1389,1579,1367,1610,1372,1630,1398,1608,1400,1578,1395,1364,1585,1407,1559,1452,1552,1476,1565,1506,1562,1536,1582,1554,1618,1525,1635,1492,1642,1461,1639,1433,1632,1396,1613,1379,1585,1447,1581,1472,1588,1501,1591,1539,1613,1497,1610,1467,1607,1441,1601
1928,h,1,1,1176,1176,1711,1711,64.26666666666667,1193,1355,1185,1423,1183,1492,1190,1557,1213,1619,1259,1669,1314,1704,1369,1738,1430,1757,1487,1754,1535,1725,1580,1689,1616,1641,1643,1590,1664,1534,1676,1479,1681,1425,1292,1303,1334,1278,1384,1277,1434,1289,1479,1308,1541,1326,1581,1325,1620,1329,1655,1344,1671,1377,1504,1361,1503,1395,1502,1427,1501,1462,1426,1499,1455,1510,1483,1521,1510,1521,1535,1520,1337,1340,1368,1326,1400,1333,1422,1363,1393,1358,1361,1351,1551,1388,1580,1369,1609,1374,1629,1398,1608,1400,1579,1395,1364,1580,1408,1558,1453,1553,1477,1565,1507,1563,1536,1582,1554,1614,1525,1634,1493,1641,1462,1638,1434,1630,1396,1611,1380,1581,1448,1580,1473,1587,1502,1590,1541,1610,1498,1610,1468,1607,1442,1600
1929,h,1,1,1176,1176,1711,1711,64.3,1193,1355,1185,1423,1183,1492,1190,1557,1213,1619,1259,1669,1314,1704,1369,1738,1430,1757,1487,1754,1535,1725,1580,1689,1616,1641,1643,1590,1664,1534,1676,1479,1681,1425,1292,1303,1334,1278,1384,1277,1434,1289,1479,1308,1541,1326,1581,1325,1620,1329,1655,1344,1671,1377,1504,1361,1503,1395,1502,1427,1501,1462,1426,1499,1455,1510,1483,1521,1510,1521,1535,1520,1337,1340,1368,1326,1400,1333,1422,1363,1393,1358,1361,1351,1551,1388,1580,1369,1609,1374,1629,1398,1608,1400,1579,1395,1364,1580,1408,1558,1453,1553,1477,1565,1507,1563,1536,1582,1554,1614,1525,1634,1493,1641,1462,1638,1434,1630,1396,1611,1380,1581,1448,1580,1473,1587,1502,1590,1541,1610,1498,1610,1468,1607,1442,1600
1930,h,1,1,1176,1176,1711,1711,64.33333333333333,1189,1359,1182,1425,1181,1492,1189,1557,1213,1617,1258,1666,1314,1702,1370,1734,1431,1753,1488,1751,1536,1724,1579,1689,1614,1643,1640,1592,1660,1537,1672,1482,1677,1429,1289,1306,1330,1279,1381,1276,1432,1288,1477,1308,1541,1326,1581,1324,1621,1328,1656,1345,1672,1379,1502,1361,1501,1394,1501,1426,1500,1461,1425,1499,1454,1509,1482,1520,1509,1520,1534,1520,1335,1339,1366,1325,1398,1332,1421,1363,1392,1357,1359,1350,1549,1388,1579,1368,1609,1373,1628,1397,1607,1399,1578,1395,1362,1580,1406,1557,1451,1552,1476,1565,1506,1562,1536,1581,1555,1615,1525,1632,1492,1639,1461,1636,1432,1629,1394,1610,1377,1580,1446,1580,1473,1587,1501,1590,1541,1611,1497,1607,1467,1605,1441,1598
1931,h,1,1,1176,1176,1711,1711,64.36666666666666,1189,1357,1181,1424,1179,1492,1188,1557,1212,1618,1259,1667,1315,1702,1372,1733,1432,1751,1488,1749,1536,1722,1579,1686,1613,1640,1639,1590,1659,1536,1670,1480,1675,1428,1288,1305,1331,1279,1383,1276,1434,1289,1480,1309,1539,1326,1580,1325,1619,1329,1655,1346,1670,1380,1503,1361,1502,1393,1501,1425,1501,1459,1426,1499,1455,1509,1483,1519,1510,1519,1535,1518,1336,1339,1366,1325,1398,1332,1421,1363,1392,1358,1360,1350,1549,1389,1578,1368,1607,1373,1627,1398,1606,1399,1577,1395,1364,1579,1408,1557,1453,1552,1478,1564,1507,1562,1536,1581,1555,1614,1525,1630,1493,1636,1462,1633,1435,1626,1397,1608,1379,1580,1448,1579,1474,1586,1502,1588,1542,1609,1498,1606,1468,1604,1443,1597
1932,h,1,1,1176,1176,1711,1711,64.4,1189,1357,1181,1424,1179,1492,1188,1557,1212,1618,1259,1667,1315,1702,1372,1733,1432,1751,1488,1749,1536,1722,1579,1686,1613,1640,1639,1590,1659,1536,1670,1480,1675,1428,1288,1305,1331,1279,1383,1276,1434,1289,1480,1309,1539,1326,1580,1325,1619,1329,1655,1346,1670,1380,1503,1361,1502,1393,1501,1425,1501,1459,1426,1499,1455,1509,1483,1519,1510,1519,1535,1518,1336,1339,1366,1325,1398,1332,1421,1363,1392,1358,1360,1350,1549,1389,1578,1368,1607,1373,1627,1398,1606,1399,1577,1395,1364,1579,1408,1557,1453,1552,1478,1564,1507,1562,1536,1581,1555,1614,1525,1630,1493,1636,1462,1633,1435,1626,1397,1608,1379,1580,1448,1579,1474,1586,1502,1588,1542,1609,1498,1606,1468,1604,1443,1597
1933,h,1,1,1176,1176,1711,1711,64.43333333333334,1189,1355,1181,1421,1180,1488,1187,1553,1212,1614,1257,1663,1313,1697,1369,1728,1430,1746,1487,1746,1538,1722,1583,1687,1617,1641,1643,1590,1663,1536,1675,1481,1680,1428,1289,1304,1332,1278,1383,1275,1435,1287,1481,1307,1541,1324,1582,1323,1622,1326,1658,1341,1676,1375,1502,1360,1501,1393,1500,1424,1500,1458,1425,1498,1454,1508,1482,1519,1509,1518,1534,1518,1335,1340,1366,1325,1399,1332,1421,1363,1392,1358,1360,1351,1550,1388,1579,1367,1609,1371,1628,1397,1607,1398,1578,1394,1364,1579,1408,1557,1452,1551,1476,1563,1505,1562,1536,1581,1554,1614,1524,1629,1491,1635,1460,1632,1433,1624,1396,1607,1379,1580,1446,1579,1472,1586,1501,1589,1541,1609,1496,1605,1467,1602,1441,1596
1934,h,1,1,1176,1176,1711,1711,64.46666666666667,1188,1355,1179,1421,1178,1488,1185,1553,1210,1616,1256,1664,1313,1699,1370,1729,1431,1747,1487,1745,1537,1720,1583,1684,1617,1637,1642,1586,1662,1532,1674,1478,1679,1425,1284,1304,1327,1278,1379,1275,1430,1288,1477,1306,1539,1326,1580,1324,1620,1328,1656,1342,1675,1375,1502,1360,1500,1392,1500,1423,1499,1457,1425,1496,1454,1506,1482,1517,1508,1517,1533,1515,1332,1339,1363,1325,1396,1332,1418,1363,1389,1358,1357,1351,1549,1388,1578,1367,1609,1372,1628,1397,1606,1400,1577,1395,1362,1577,1408,1557,1452,1550,1476,1561,1504,1561,1535,1579,1554,1611,1524,1628,1490,1634,1461,1631,1434,1624,1397,1606,1378,1578,1447,1577,1472,1584,1500,1587,1541,1607,1495,1605,1467,1602,1442,1596
1935,h,1,1,1176,1176,1711,1711,64.5,1188,1358,1181,1424,1179,1491,1186,1555,1209,1616,1255,1664,1312,1696,1369,1724,1429,1742,1485,1742,1534,1720,1576,1686,1610,1641,1635,1591,1654,1538,1665,1485,1670,1434,1283,1305,1327,1277,1380,1274,1432,1286,1478,1305,1540,1322,1581,1321,1620,1325,1655,1340,1670,1373,1502,1356,1501,1390,1501,1422,1501,1457,1425,1495,1453,1504,1482,1516,1509,1515,1534,1514,1332,1339,1363,1324,1396,1331,1418,1361,1389,1357,1357,1350,1549,1385,1578,1365,1608,1370,1627,1395,1606,1397,1576,1392,1363,1579,1408,1556,1451,1549,1476,1561,1505,1560,1536,1579,1553,1613,1524,1627,1491,1633,1461,1629,1433,1622,1396,1605,1379,1579,1447,1577,1472,1584,1500,1587,1541,1607,1496,1602,1467,1599,1442,1592
1936,h,1,1,1176,1176,1711,1711,64.53333333333333,1188,1358,1181,1424,1179,1491,1186,1555,1209,1616,1255,1664,1312,1696,1369,1724,1429,1742,1485,1742,1534,1720,1576,1686,1610,1641,1635,1591,1654,1538,1665,1485,1670,1434,1283,1305,1327,1277,1380,1274,1432,1286,1478,1305,1540,1322,1581,1321,1620,1325,1655,1340,1670,1373,1502,1356,1501,1390,1501,1422,1501,1457,1425,1495,1453,1504,1482,1516,1509,1515,1534,1514,1332,1339,1363,1324,1396,1331,1418,1361,1389,1357,1357,1350,1549,1385,1578,1365,1608,1370,1627,1395,1606,1397,1576,1392,1363,1579,1408,1556,1451,1549,1476,1561,1505,1560,1536,1579,1553,1613,1524,1627,1491,1633,1461,1629,1433,1622,1396,1605,1379,1579,1447,1577,1472,1584,1500,1587,1541,1607,1496,1602,1467,1599,1442,1592
1937,h,1,1,1176,1176,1711,1711,64.56666666666666,1189,1354,1181,1419,1180,1486,1187,1551,1213,1610,1257,1659,1311,1695,1366,1727,1426,1745,1481,1746,1531,1723,1575,1689,1611,1643,1638,1592,1658,1539,1670,1484,1676,1430,1287,1301,1330,1276,1380,1274,1430,1286,1475,1305,1539,1321,1580,1321,1620,1325,1655,1342,1670,1376,1499,1356,1498,1390,1498,1423,1498,1458,1423,1496,1451,1505,1480,1516,1507,1516,1532,1515,1331,1338,1362,1324,1394,1330,1417,1361,1388,1356,1356,1349,1547,1385,1575,1365,1605,1370,1625,1395,1603,1397,1574,1392,1363,1579,1407,1556,1451,1549,1475,1560,1503,1559,1533,1578,1552,1611,1522,1624,1490,1630,1460,1627,1433,1620,1397,1604,1379,1580,1446,1577,1470,1583,1498,1586,1538,1605,1495,1598,1466,1596,1441,1590
1938,h,1,1,1176,1176,1711,1711,64.6,1184,1355,1176,1421,1175,1488,1182,1553,1208,1613,1255,1661,1312,1695,1367,1724,1427,1742,1483,1742,1532,1718,1575,1684,1610,1638,1636,1588,1655,1535,1666,1482,1671,1430,1281,1305,1324,1278,1375,1274,1427,1286,1474,1305,1536,1322,1577,1321,1617,1326,1652,1342,1667,1377,1499,1357,1498,1391,1498,1423,1498,1458,1422,1495,1451,1505,1479,1516,1507,1516,1531,1514,1330,1338,1361,1324,1393,1331,1416,1360,1387,1356,1355,1349,1545,1385,1574,1365,1604,1370,1623,1394,1602,1396,1573,1391,1362,1578,1406,1556,1450,1549,1474,1560,1502,1558,1532,1577,1551,1609,1522,1621,1490,1626,1459,1624,1433,1616,1396,1600,1377,1578,1445,1576,1470,1582,1498,1585,1539,1603,1495,1595,1466,1593,1441,1587
1939,h,1,1,1176,1176,1711,1711,64.63333333333334,1185,1357,1177,1422,1175,1488,1182,1553,1207,1613,1253,1662,1310,1696,1367,1726,1429,1743,1486,1742,1535,1719,1579,1684,1613,1637,1639,1587,1658,1533,1670,1480,1674,1427,1283,1305,1324,1277,1376,1273,1428,1285,1474,1304,1534,1320,1575,1319,1615,1323,1651,1338,1668,1373,1498,1355,1497,1389,1497,1421,1497,1456,1422,1496,1451,1505,1479,1516,1506,1515,1531,1513,1329,1338,1360,1324,1391,1330,1415,1359,1385,1355,1354,1348,1545,1384,1574,1364,1603,1369,1623,1393,1601,1394,1572,1390,1361,1579,1405,1556,1448,1549,1474,1559,1503,1558,1533,1576,1553,1609,1523,1620,1490,1626,1459,1624,1431,1616,1395,1601,1376,1578,1443,1576,1470,1583,1499,1586,1540,1604,1495,1596,1466,1593,1439,1587
1940,h,1,1,1176,1176,1711,1711,64.66666666666667,1185,1357,1177,1422,1175,1488,1182,1553,1207,1613,1253,1662,1310,1696,1367,1726,1429,1743,1486,1742,1535,1719,1579,1684,1613,1637,1639,1587,1658,1533,1670,1480,1674,1427,1283,1305,1324,1277,1376,1273,1428,1285,1474,1304,1534,1320,1575,1319,1615,1323,1651,1338,1668,1373,1498,1355,1497,1389,1497,1421,1497,1456,1422,1496,1451,1505,1479,1516,1506,1515,1531,1513,1329,1338,1360,1324,1391,1330,1415,1359,1385,1355,1354,1348,1545,1384,1574,1364,1603,1369,1623,1393,1601,1394,1572,1390,1361,1579,1405,1556,1448,1549,1474,1559,1503,1558,1533,1576,1553,1609,1523,1620,1490,1626,1459,1624,1431,1616,1395,1601,1376,1578,1443,1576,1470,1583,1499,1586,1540,1604,1495,1596,1466,1593,1439,1587
1941,h,1,1,1176,1176,1711,1711,64.7,1189,1352,1181,1419,1179,1486,1185,1551,1208,1612,1252,1661,1308,1696,1365,1728,1428,1746,1486,1746,1537,1721,1582,1685,1615,1637,1640,1585,1659,1530,1670,1476,1676,1423,1283,1303,1325,1276,1376,1274,1427,1286,1474,1303,1536,1320,1578,1319,1617,1323,1653,1338,1669,1371,1498,1355,1496,1389,1496,1421,1495,1457,1421,1496,1450,1506,1478,1517,1506,1516,1531,1514,1329,1337,1360,1324,1392,1330,1416,1358,1386,1354,1354,1348,1546,1382,1575,1364,1605,1369,1624,1393,1602,1395,1573,1390,1361,1580,1404,1557,1448,1550,1473,1561,1503,1559,1533,1578,1554,1611,1523,1623,1490,1628,1459,1626,1431,1618,1394,1602,1376,1579,1444,1579,1469,1585,1498,1588,1540,1606,1495,1598,1465,1595,1439,1589
1942,h,1,1,1176,1176,1711,1711,64.73333333333333,1187,1351,1180,1419,1178,1486,1185,1551,1210,1612,1255,1662,1312,1697,1368,1728,1429,1745,1486,1744,1535,1718,1579,1683,1613,1635,1638,1583,1657,1530,1669,1477,1675,1423,1281,1301,1324,1275,1376,1272,1427,1285,1473,1304,1534,1320,1576,1319,1617,1322,1653,1337,1670,1371,1497,1355,1496,1389,1496,1422,1496,1457,1421,1497,1450,1507,1479,1517,1506,1516,1531,1515,1328,1338,1359,1325,1392,1331,1416,1360,1386,1356,1354,1350,1545,1385,1574,1365,1604,1369,1624,1394,1602,1396,1573,1391,1360,1579,1404,1556,1448,1549,1472,1561,1501,1559,1532,1578,1551,1611,1521,1625,1489,1631,1458,1629,1431,1622,1393,1604,1376,1579,1443,1576,1468,1583,1497,1586,1538,1606,1493,1601,1464,1599,1438,1592
1943,h,1,1,1176,1176,1711,1711,64.76666666666667,1190,1351,1182,1419,1181,1486,1187,1551,1212,1612,1256,1662,1312,1696,1368,1727,1428,1744,1484,1743,1533,1717,1577,1682,1612,1635,1637,1583,1656,1529,1669,1475,1675,1421,1284,1302,1325,1276,1376,1274,1427,1287,1472,1306,1537,1322,1577,1320,1616,1323,1652,1337,1670,1368,1498,1357,1497,1390,1497,1421,1496,1456,1422,1496,1451,1506,1479,1517,1506,1516,1531,1514,1328,1339,1360,1325,1393,1331,1416,1362,1386,1357,1354,1350,1545,1386,1574,1365,1604,1369,1624,1394,1603,1396,1573,1392,1360,1581,1403,1557,1446,1550,1471,1562,1500,1560,1530,1579,1548,1613,1518,1629,1486,1636,1455,1634,1428,1626,1391,1608,1376,1581,1441,1578,1467,1585,1495,1587,1534,1608,1491,1605,1462,1603,1436,1596
1944,h,1,1,1176,1176,1711,1711,64.8,1190,1351,1182,1419,1181,1486,1187,1551,1212,1612,1256,1662,1312,1696,1368,1727,1428,1744,1484,1743,1533,1717,1577,1682,1612,1635,1637,1583,1656,1529,1669,1475,1675,1421,1284,1302,1325,1276,1376,1274,1427,1287,1472,1306,1537,1322,1577,1320,1616,1323,1652,1337,1670,1368,1498,1357,1497,1390,1497,1421,1496,1456,1422,1496,1451,1506,1479,1517,1506,1516,1531,1514,1328,1339,1360,1325,1393,1331,1416,1362,1386,1357,1354,1350,1545,1386,1574,1365,1604,1369,1624,1394,1603,1396,1573,1392,1360,1581,1403,1557,1446,1550,1471,1562,1500,1560,1530,1579,1548,1613,1518,1629,1486,1636,1455,1634,1428,1626,1391,1608,1376,1581,1441,1578,1467,1585,1495,1587,1534,1608,1491,1605,1462,1603,1436,1596
1945,h,1,1,1176,1176,1711,1711,64.83333333333333,1184,1352,1177,1420,1177,1488,1185,1552,1210,1613,1256,1662,1313,1696,1369,1726,1429,1743,1485,1741,1533,1716,1578,1681,1613,1635,1638,1582,1659,1529,1673,1475,1679,1420,1282,1305,1323,1278,1375,1275,1426,1286,1472,1304,1534,1320,1576,1319,1616,1323,1652,1337,1671,1369,1497,1356,1496,1389,1496,1421,1495,1455,1422,1495,1450,1505,1478,1515,1504,1514,1529,1513,1329,1338,1360,1323,1393,1329,1415,1360,1387,1356,1354,1349,1545,1384,1575,1363,1605,1367,1625,1393,1603,1395,1573,1390,1362,1581,1405,1556,1448,1550,1472,1561,1501,1560,1530,1578,1547,1612,1518,1628,1487,1636,1457,1633,1430,1626,1393,1608,1377,1581,1443,1577,1468,1583,1496,1586,1533,1607,1492,1605,1463,1602,1438,1597
1946,h,2,2,1176,1176,1711,1711,64.86666666666666,1190,1348,1180,1413,1177,1480,1184,1544,1207,1606,1252,1655,1308,1690,1364,1722,1424,1741,1480,1741,1530,1717,1576,1682,1612,1634,1638,1581,1659,1527,1671,1473,1677,1419,1285,1299,1328,1276,1378,1274,1428,1287,1472,1305,1537,1324,1577,1321,1616,1324,1651,1337,1669,1369,1498,1358,1496,1391,1495,1423,1494,1457,1422,1496,1449,1506,1477,1516,1504,1516,1529,1514,1329,1338,1360,1324,1394,1331,1417,1362,1386,1357,1354,1350,1544,1386,1574,1365,1605,1370,1625,1395,1603,1398,1573,1393,1362,1579,1404,1556,1447,1550,1472,1562,1501,1560,1531,1577,1549,1611,1520,1628,1487,1636,1456,1633,1429,1625,1393,1606,1377,1580,1442,1577,1468,1584,1496,1586,1536,1607,1492,1606,1463,1603,1437,1596
1947,h,2,2,1176,1176,1711,1711,64.9,1190,1348,1180,1413,1177,1480,1184,1544,1207,1606,1252,1655,1308,1690,1364,1722,1424,1741,1480,1741,1530,1717,1576,1682,1612,1634,1638,1581,1659,1527,1671,1473,1677,1419,1285,1299,1328,1276,1378,1274,1428,1287,1472,1305,1537,1324,1577,1321,1616,1324,1651,1337,1669,1369,1498,1358,1496,1391,1495,1423,1494,1457,1422,1496,1449,1506,1477,1516,1504,1516,1529,1514,1329,1338,1360,1324,1394,1331,1417,1362,1386,1357,1354,1350,1544,1386,1574,1365,1605,1370,1625,1395,1603,1398,1573,1393,1362,1579,1404,1556,1447,1550,1472,1562,1501,1560,1531,1577,1549,1611,1520,1628,1487,1636,1456,1633,1429,1625,1393,1606,1377,1580,1442,1577,1468,1584,1496,1586,1536,1607,1492,1606,1463,1603,1437,1596
1948,h,1,1,1176,1176,1711,1711,64.93333333333334,1185,1354,1177,1420,1177,1487,1185,1551,1211,1612,1256,1660,1311,1693,1366,1723,1426,1740,1481,1739,1530,1716,1574,1682,1609,1636,1635,1585,1655,1531,1667,1477,1672,1424,1284,1300,1327,1276,1378,1275,1428,1288,1472,1306,1534,1324,1573,1322,1612,1325,1647,1339,1665,1370,1496,1359,1495,1391,1494,1422,1494,1456,1422,1496,1449,1506,1477,1516,1504,1515,1529,1514,1329,1339,1361,1325,1393,1331,1416,1362,1386,1357,1354,1350,1543,1385,1572,1365,1602,1369,1622,1394,1600,1396,1571,1392,1362,1581,1406,1557,1448,1550,1472,1561,1500,1560,1530,1577,1547,1612,1519,1626,1488,1633,1458,1631,1431,1624,1395,1607,1377,1580,1443,1576,1468,1583,1496,1585,1534,1606,1493,1605,1464,1602,1439,1596
1949,h,1,1,1176,1176,1711,1711,64.96666666666667,1186,1355,1178,1421,1175,1490,1183,1557,1208,1618,1255,1666,1310,1700,1365,1731,1425,1749,1481,1748,1530,1722,1575,1688,1611,1643,1637,1591,1658,1537,1670,1482,1675,1427,1284,1300,1326,1276,1376,1275,1426,1287,1471,1306,1536,1323,1576,1320,1616,1323,1652,1336,1669,1369,1496,1358,1494,1391,1494,1422,1493,1456,1421,1496,1449,1506,1477,1516,1503,1516,1528,1515,1328,1339,1359,1325,1392,1331,1415,1362,1385,1358,1353,1351,1544,1385,1573,1364,1603,1368,1623,1394,1602,1396,1572,1392,1361,1582,1403,1557,1446,1549,1471,1560,1500,1559,1529,1578,1547,1612,1518,1626,1486,1633,1456,1631,1428,1624,1392,1608,1376,1582,1441,1577,1467,1583,1495,1586,1534,1607,1492,1602,1463,1600,1437,1594
1950,h,1,1,1176,1176,1711,1711,65.0,1187,1357,1178,1422,1177,1487,1185,1551,1209,1611,1253,1659,1308,1694,1365,1724,1424,1742,1480,1742,1530,1718,1575,1684,1611,1639,1637,1588,1657,1535,1670,1481,1675,1427,1284,1299,1327,1276,1378,1274,1428,1287,1473,1305,1534,1323,1574,1320,1614,1323,1650,1338,1668,1370,1496,1357,1495,1390,1494,1421,1494,1455,1422,1495,1449,1504,1476,1514,1503,1515,1527,1514,1328,1339,1359,1324,1392,1330,1415,1362,1385,1357,1353,1350,1544,1385,1573,1364,1603,1368,1623,1394,1601,1396,1571,1392,1362,1578,1404,1555,1447,1548,1471,1558,1498,1557,1528,1576,1547,1608,1518,1625,1485,1632,1457,1630,1430,1623,1394,1606,1377,1578,1442,1575,1467,1581,1494,1583,1534,1603,1491,1602,1463,1600,1438,1594
1951,h,1,1,1176,1176,1711,1711,65.03333333333333,1187,1357,1178,1422,1177,1487,1185,1551,1209,1611,1253,1659,1308,1694,1365,1724,1424,1742,1480,1742,1530,1718,1575,1684,1611,1639,1637,1588,1657,1535,1670,1481,1675,1427,1284,1299,1327,1276,1378,1274,1428,1287,1473,1305,1534,1323,1574,1320,1614,1323,1650,1338,1668,1370,1496,1357,1495,1390,1494,1421,1494,1455,1422,1495,1449,1504,1476,1514,1503,1515,1527,1514,1328,1339,1359,1324,1392,1330,1415,1362,1385,1357,1353,1350,1544,1385,1573,1364,1603,1368,1623,1394,1601,1396,1571,1392,1362,1578,1404,1555,1447,1548,1471,1558,1498,1557,1528,1576,1547,1608,1518,1625,1485,1632,1457,1630,1430,1623,1394,1606,1377,1578,1442,1575,1467,1581,1494,1583,1534,1603,1491,1602,1463,1600,1438,1594
1952,h,1,1,1176,1176,1711,1711,65.06666666666666,1190,1353,1181,1420,1180,1488,1187,1553,1213,1615,1258,1663,1312,1698,1366,1728,1426,1746,1482,1745,1530,1717,1574,1681,1610,1636,1637,1584,1656,1530,1668,1476,1673,1421,1283,1303,1324,1277,1373,1274,1423,1286,1468,1305,1533,1323,1573,1321,1612,1324,1647,1338,1664,1370,1493,1356,1493,1389,1492,1422,1492,1457,1422,1495,1449,1505,1476,1515,1502,1514,1527,1513,1327,1339,1357,1325,1389,1331,1413,1360,1383,1357,1351,1351,1542,1383,1570,1363,1600,1368,1621,1393,1598,1395,1569,1390,1362,1582,1406,1559,1449,1549,1473,1559,1499,1558,1529,1576,1547,1608,1518,1625,1486,1633,1457,1631,1431,1625,1395,1609,1378,1582,1444,1577,1469,1582,1495,1585,1533,1604,1491,1602,1464,1599,1439,1594
1953,h,1,1,1176,1176,1711,1711,65.1,1190,1358,1182,1425,1182,1492,1190,1556,1215,1616,1259,1665,1313,1698,1366,1727,1425,1744,1479,1743,1528,1719,1572,1685,1607,1640,1633,1589,1654,1537,1667,1484,1673,1432,1284,1302,1326,1276,1376,1274,1427,1286,1472,1305,1533,1323,1573,1321,1613,1325,1649,1340,1666,1372,1496,1357,1494,1390,1494,1422,1493,1458,1422,1495,1449,1504,1476,1515,1502,1514,1527,1512,1328,1338,1358,1324,1391,1330,1414,1360,1385,1356,1352,1350,1544,1384,1572,1363,1602,1368,1622,1393,1600,1395,1570,1390,1366,1583,1408,1559,1451,1549,1473,1559,1499,1557,1526,1576,1543,1608,1516,1625,1486,1633,1458,1632,1433,1626,1397,1609,1381,1582,1446,1577,1469,1581,1494,1584,1529,1604,1491,1602,1465,1600,1441,1595
1954,h,1,1,1176,1176,1711,1711,65.13333333333334,1185,1357,1177,1424,1176,1492,1183,1556,1207,1619,1251,1668,1307,1701,1364,1729,1424,1746,1479,1744,1529,1719,1573,1685,1608,1638,1633,1587,1653,1534,1664,1481,1671,1429,1282,1300,1325,1276,1376,1275,1426,1287,1471,1306,1534,1323,1573,1321,1611,1324,1645,1337,1663,1366,1496,1357,1495,1390,1494,1422,1494,1457,1423,1495,1450,1504,1477,1514,1502,1513,1526,1512,1326,1339,1357,1325,1390,1331,1412,1361,1383,1357,1351,1350,1544,1384,1573,1363,1602,1368,1621,1392,1600,1395,1571,1391,1360,1585,1407,1560,1451,1551,1473,1559,1499,1558,1525,1576,1540,1610,1513,1623,1484,1632,1457,1631,1432,1625,1396,1610,1376,1585,1446,1577,1469,1581,1494,1583,1527,1604,1490,1602,1464,1600,1440,1597
1955,h,1,1,1176,1176,1711,1711,65.16666666666667,1185,1357,1177,1424,1176,1492,1183,1556,1207,1619,1251,1668,1307,1701,1364,1729,1424,1746,1479,1744,1529,1719,1573,1685,1608,1638,1633,1587,1653,1534,1664,1481,1671,1429,1282,1300,1325,1276,1376,1275,1426,1287,1471,1306,1534,1323,1573,1321,1611,1324,1645,1337,1663,1366,1496,1357,1495,1390,1494,1422,1494,1457,1423,1495,1450,1504,1477,1514,1502,1513,1526,1512,1326,1339,1357,1325,1390,1331,1412,1361,1383,1357,1351,1350,1544,1384,1573,1363,1602,1368,1621,1392,1600,1395,1571,1391,1360,1585,1407,1560,1451,1551,1473,1559,1499,1558,1525,1576,1540,1610,1513,1623,1484,1632,1457,1631,1432,1625,1396,1610,1376,1585,1446,1577,1469,1581,1494,1583,1527,1604,1490,1602,1464,1600,1440,1597
1956,h,1,1,1176,1176,1711,1711,65.2,1185,1355,1177,1421,1175,1487,1182,1553,1206,1614,1251,1664,1307,1697,1365,1725,1426,1742,1481,1740,1530,1715,1575,1681,1609,1635,1634,1585,1655,1532,1666,1479,1671,1427,1282,1301,1325,1276,1376,1275,1426,1287,1472,1307,1535,1323,1574,1321,1612,1324,1646,1337,1665,1366,1496,1358,1495,1390,1495,1421,1494,1456,1423,1495,1450,1505,1477,1515,1503,1514,1527,1512,1326,1338,1357,1324,1390,1330,1414,1360,1384,1356,1351,1350,1543,1383,1572,1362,1602,1367,1622,1392,1600,1395,1571,1390,1364,1581,1410,1561,1453,1552,1474,1562,1498,1560,1524,1577,1542,1608,1513,1622,1484,1630,1458,1628,1434,1622,1399,1608,1380,1582,1448,1579,1470,1584,1494,1586,1528,1603,1489,1598,1464,1596,1443,1592
1957,h,1,1,1176,1176,1711,1711,65.23333333333333,1186,1352,1178,1418,1177,1485,1186,1548,1211,1609,1254,1659,1310,1693,1367,1723,1429,1740,1487,1738,1534,1712,1577,1677,1611,1632,1636,1583,1657,1530,1669,1477,1674,1424,1280,1302,1322,1276,1373,1274,1425,1285,1471,1304,1535,1319,1576,1319,1615,1323,1650,1336,1668,1367,1496,1354,1496,1388,1495,1420,1495,1456,1424,1495,1451,1504,1479,1514,1504,1513,1528,1511,1327,1337,1359,1325,1391,1331,1415,1358,1385,1355,1353,1349,1544,1381,1573,1363,1602,1368,1622,1391,1600,1393,1571,1388,1367,1578,1412,1560,1454,1552,1475,1562,1500,1561,1526,1577,1543,1603,1515,1616,1487,1622,1461,1620,1437,1614,1402,1600,1382,1578,1449,1578,1472,1583,1496,1585,1531,1599,1492,1591,1468,1589,1445,1584
1958,h,1,1,1176,1176,1711,1711,65.26666666666667,1195,1348,1186,1413,1183,1479,1190,1543,1215,1605,1259,1655,1314,1690,1370,1718,1432,1734,1490,1731,1539,1706,1581,1670,1615,1624,1639,1573,1658,1521,1668,1469,1672,1419,1289,1299,1332,1275,1381,1275,1431,1287,1474,1307,1534,1323,1573,1320,1611,1323,1645,1337,1662,1366,1498,1357,1497,1389,1498,1419,1498,1452,1426,1494,1453,1503,1481,1513,1506,1511,1530,1509,1333,1341,1365,1329,1397,1336,1420,1362,1391,1360,1359,1353,1542,1385,1572,1367,1601,1373,1621,1394,1599,1397,1570,1393,1370,1577,1415,1558,1455,1551,1476,1561,1501,1559,1528,1575,1547,1603,1517,1613,1488,1618,1462,1616,1439,1610,1405,1597,1384,1577,1451,1579,1472,1584,1497,1586,1535,1598,1493,1590,1468,1588,1446,1583
1959,h,1,1,1176,1176,1711,1711,65.3,1195,1348,1186,1413,1183,1479,1190,1543,1215,1605,1259,1655,1314,1690,1370,1718,1432,1734,1490,1731,1539,1706,1581,1670,1615,1624,1639,1573,1658,1521,1668,1469,1672,1419,1289,1299,1332,1275,1381,1275,1431,1287,1474,1307,1534,1323,1573,1320,1611,1323,1645,1337,1662,1366,1498,1357,1497,1389,1498,1419,1498,1452,1426,1494,1453,1503,1481,1513,1506,1511,1530,1509,1333,1341,1365,1329,1397,1336,1420,1362,1391,1360,1359,1353,1542,1385,1572,1367,1601,1373,1621,1394,1599,1397,1570,1393,1370,1577,1415,1558,1455,1551,1476,1561,1501,1559,1528,1575,1547,1603,1517,1613,1488,1618,1462,1616,1439,1610,1405,1597,1384,1577,1451,1579,1472,1584,1497,1586,1535,1598,1493,1590,1468,1588,1446,1583
1960,h,1,1,1176,1176,1711,1711,65.33333333333333,1194,1345,1185,1411,1182,1480,1188,1545,1212,1608,1255,1659,1308,1698,1364,1728,1426,1746,1484,1743,1535,1718,1580,1680,1615,1633,1640,1582,1660,1527,1672,1474,1677,1422,1288,1300,1330,1276,1380,1275,1430,1287,1474,1308,1533,1325,1572,1321,1611,1324,1645,1338,1663,1369,1497,1358,1496,1390,1495,1421,1494,1455,1421,1495,1449,1504,1477,1515,1504,1514,1528,1511,1331,1339,1364,1331,1395,1337,1418,1362,1388,1358,1357,1351,1542,1384,1572,1370,1600,1375,1620,1394,1598,1396,1570,1392,1365,1578,1406,1554,1447,1548,1471,1559,1498,1557,1525,1573,1543,1604,1515,1615,1486,1622,1457,1621,1431,1615,1397,1600,1378,1578,1443,1573,1467,1578,1494,1580,1531,1599,1491,1594,1463,1593,1438,1587
1961,h,1,1,1176,1176,1711,1711,65.36666666666666,1189,1351,1180,1419,1179,1488,1187,1554,1211,1617,1255,1668,1310,1704,1366,1735,1430,1754,1488,1751,1538,1722,1583,1684,1617,1635,1642,1582,1663,1528,1674,1473,1680,1419,1285,1300,1328,1276,1377,1274,1428,1286,1472,1306,1534,1322,1574,1320,1613,1323,1649,1338,1666,1369,1496,1356,1495,1389,1495,1420,1494,1455,1419,1494,1449,1504,1477,1515,1505,1514,1530,1511,1329,1340,1361,1331,1392,1336,1416,1360,1386,1356,1356,1350,1545,1383,1575,1369,1602,1375,1622,1394,1600,1394,1572,1390,1362,1583,1401,1553,1445,1546,1470,1557,1500,1555,1530,1574,1546,1613,1520,1634,1488,1644,1457,1643,1428,1635,1391,1614,1377,1582,1441,1573,1467,1579,1496,1581,1532,1607,1492,1611,1463,1609,1436,1602
1962,h,1,1,1176,1176,1711,1711,65.4,1189,1351,1180,1419,1179,1488,1187,1554,1211,1617,1255,1668,1310,1704,1366,1735,1430,1754,1488,1751,1538,1722,1583,1684,1617,1635,1642,1582,1663,1528,1674,1473,1680,1419,1285,1300,1328,1276,1377,1274,1428,1286,1472,1306,1534,1322,1574,1320,1613,1323,1649,1338,1666,1369,1496,1356,1495,1389,1495,1420,1494,1455,1419,1494,1449,1504,1477,1515,1505,1514,1530,1511,1329,1340,1361,1331,1392,1336,1416,1360,1386,1356,1356,1350,1545,1383,1575,1369,1602,1375,1622,1394,1600,1394,1572,1390,1362,1583,1401,1553,1445,1546,1470,1557,1500,1555,1530,1574,1546,1613,1520,1634,1488,1644,1457,1643,1428,1635,1391,1614,1377,1582,1441,1573,1467,1579,1496,1581,1532,1607,1492,1611,1463,1609,1436,1602
1963,h,1,1,1176,1176,1711,1711,65.43333333333334,1186,1348,1178,1417,1177,1486,1184,1552,1207,1614,1250,1666,1306,1705,1363,1738,1427,1758,1486,1755,1536,1726,1581,1687,1616,1637,1640,1584,1661,1529,1673,1474,1677,1419,1282,1299,1325,1275,1375,1274,1426,1286,1471,1305,1533,1322,1574,1320,1614,1322,1651,1334,1670,1365,1495,1355,1494,1389,1493,1420,1493,1455,1419,1494,1448,1504,1477,1515,1504,1513,1530,1511,1327,1339,1358,1331,1389,1336,1413,1359,1383,1356,1353,1349,1545,1383,1574,1369,1603,1374,1623,1393,1600,1394,1572,1389,1359,1585,1398,1554,1444,1545,1471,1556,1500,1553,1531,1574,1547,1616,1521,1638,1488,1650,1457,1649,1426,1642,1388,1620,1375,1585,1439,1573,1467,1579,1496,1582,1532,1611,1493,1615,1462,1614,1434,1607
1964,h,1,1,1176,1176,1711,1711,65.46666666666667,1186,1357,1180,1425,1180,1494,1189,1559,1212,1621,1256,1671,1311,1708,1367,1739,1430,1758,1488,1755,1537,1726,1582,1688,1616,1639,1641,1586,1661,1531,1672,1476,1678,1422,1282,1301,1323,1275,1373,1274,1423,1286,1469,1304,1533,1321,1573,1320,1613,1323,1649,1336,1666,1368,1495,1356,1494,1390,1494,1422,1493,1457,1419,1495,1448,1504,1476,1515,1504,1514,1529,1513,1327,1339,1358,1327,1389,1332,1412,1360,1383,1356,1352,1349,1545,1384,1574,1366,1603,1371,1623,1394,1601,1395,1573,1391,1360,1584,1399,1554,1444,1546,1470,1557,1500,1555,1530,1575,1546,1616,1519,1636,1487,1645,1455,1643,1426,1635,1388,1616,1375,1584,1439,1574,1466,1580,1495,1583,1532,1611,1492,1613,1462,1611,1434,1604
1965,h,1,1,1176,1176,1711,1711,65.5,1186,1349,1180,1416,1181,1483,1189,1547,1212,1609,1256,1660,1311,1697,1367,1729,1430,1747,1488,1745,1538,1718,1583,1682,1617,1636,1642,1585,1662,1530,1673,1475,1678,1421,1284,1302,1326,1278,1376,1276,1426,1287,1471,1306,1535,1321,1575,1320,1614,1323,1649,1337,1666,1368,1496,1357,1496,1390,1495,1422,1495,1457,1419,1494,1449,1504,1478,1515,1505,1513,1531,1511,1327,1340,1358,1327,1391,1333,1414,1361,1385,1357,1353,1350,1545,1384,1574,1366,1604,1370,1624,1393,1602,1395,1573,1391,1359,1580,1399,1553,1444,1546,1470,1557,1500,1555,1529,1573,1546,1609,1519,1627,1487,1637,1456,1635,1427,1628,1389,1609,1375,1580,1440,1573,1466,1579,1495,1582,1532,1604,1492,1605,1462,1603,1435,1597
1966,h,1,1,1176,1176,1711,1711,65.53333333333333,1186,1349,1180,1416,1181,1483,1189,1547,1212,1609,1256,1660,1311,1697,1367,1729,1430,1747,1488,1745,1538,1718,1583,1682,1617,1636,1642,1585,1662,1530,1673,1475,1678,1421,1284,1302,1326,1278,1376,1276,1426,1287,1471,1306,1535,1321,1575,1320,1614,1323,1649,1337,1666,1368,1496,1357,1496,1390,1495,1422,1495,1457,1419,1494,1449,1504,1478,1515,1505,1513,1531,1511,1327,1340,1358,1327,1391,1333,1414,1361,1385,1357,1353,1350,1545,1384,1574,1366,1604,1370,1624,1393,1602,1395,1573,1391,1359,1580,1399,1553,1444,1546,1470,1557,1500,1555,1529,1573,1546,1609,1519,1627,1487,1637,1456,1635,1427,1628,1389,1609,1375,1580,1440,1573,1466,1579,1495,1582,1532,1604,1492,1605,1462,1603,1435,1597
1967,h,1,1,1176,1176,1711,1711,65.56666666666666,1187,1350,1180,1419,1181,1488,1189,1554,1214,1615,1261,1664,1315,1700,1371,1732,1433,1750,1489,1749,1538,1722,1583,1686,1618,1639,1642,1586,1662,1530,1673,1474,1677,1419,1284,1302,1325,1276,1374,1274,1424,1287,1470,1305,1533,1322,1574,1321,1614,1324,1651,1339,1669,1371,1497,1357,1496,1390,1495,1422,1495,1456,1419,1494,1449,1504,1478,1514,1505,1514,1531,1512,1328,1338,1359,1326,1391,1332,1414,1360,1385,1356,1353,1349,1545,1385,1574,1366,1603,1370,1623,1394,1601,1395,1573,1391,1359,1582,1399,1551,1444,1544,1470,1556,1501,1554,1531,1573,1549,1612,1521,1631,1488,1639,1456,1637,1426,1630,1388,1611,1374,1581,1439,1571,1467,1577,1497,1580,1534,1607,1493,1608,1462,1606,1434,1599
1968,h,1,1,1176,1176,1711,1711,65.6,1184,1353,1177,1422,1177,1490,1184,1557,1208,1619,1253,1670,1309,1706,1365,1738,1428,1757,1486,1754,1535,1726,1581,1688,1616,1640,1640,1587,1661,1532,1673,1477,1678,1423,1282,1302,1323,1276,1373,1274,1424,1286,1469,1305,1535,1322,1574,1319,1613,1321,1649,1334,1667,1366,1495,1356,1494,1389,1493,1421,1493,1456,1419,1494,1448,1503,1476,1514,1504,1513,1529,1512,1327,1338,1358,1325,1390,1330,1412,1359,1383,1355,1352,1349,1544,1383,1573,1363,1602,1368,1622,1392,1600,1393,1572,1389,1357,1583,1397,1553,1444,1545,1470,1556,1500,1554,1530,1574,1546,1615,1518,1637,1485,1647,1454,1644,1425,1637,1386,1617,1372,1583,1439,1572,1466,1578,1495,1581,1532,1610,1491,1615,1461,1612,1433,1606
1969,h,1,1,1176,1176,1711,1711,65.63333333333334,1185,1355,1178,1424,1179,1494,1187,1561,1213,1624,1258,1674,1313,1712,1369,1744,1431,1762,1488,1757,1535,1727,1580,1688,1613,1640,1638,1586,1658,1530,1670,1476,1675,1421,1283,1301,1326,1277,1377,1275,1427,1288,1472,1309,1533,1324,1573,1320,1612,1322,1647,1336,1665,1367,1497,1358,1496,1390,1496,1422,1496,1455,1419,1495,1449,1505,1478,1515,1506,1514,1531,1512,1327,1339,1358,1326,1391,1332,1413,1361,1384,1357,1353,1350,1545,1385,1573,1364,1603,1368,1623,1393,1601,1394,1572,1390,1356,1591,1396,1555,1443,1547,1470,1557,1501,1555,1530,1576,1545,1620,1519,1644,1487,1655,1455,1653,1425,1647,1385,1625,1371,1590,1438,1575,1466,1580,1496,1583,1531,1615,1492,1623,1461,1622,1433,1616
1970,h,1,1,1176,1176,1711,1711,65.66666666666667,1185,1355,1178,1424,1179,1494,1187,1561,1213,1624,1258,1674,1313,1712,1369,1744,1431,1762,1488,1757,1535,1727,1580,1688,1613,1640,1638,1586,1658,1530,1670,1476,1675,1421,1283,1301,1326,1277,1377,1275,1427,1288,1472,1309,1533,1324,1573,1320,1612,1322,1647,1336,1665,1367,1497,1358,1496,1390,1496,1422,1496,1455,1419,1495,1449,1505,1478,1515,1506,1514,1531,1512,1327,1339,1358,1326,1391,1332,1413,1361,1384,1357,1353,1350,1545,1385,1573,1364,1603,1368,1623,1393,1601,1394,1572,1390,1356,1591,1396,1555,1443,1547,1470,1557,1501,1555,1530,1576,1545,1620,1519,1644,1487,1655,1455,1653,1425,1647,1385,1625,1371,1590,1438,1575,1466,1580,1496,1583,1531,1615,1492,1623,1461,1622,1433,1616
1971,h,1,1,1176,1176,1711,1711,65.7,1184,1360,1177,1428,1179,1498,1188,1564,1212,1627,1257,1678,1312,1716,1368,1747,1430,1764,1488,1759,1535,1729,1580,1691,1614,1643,1639,1590,1660,1535,1673,1481,1679,1426,1282,1303,1324,1277,1375,1274,1426,1286,1471,1306,1533,1321,1573,1319,1613,1322,1649,1337,1665,1369,1496,1356,1495,1389,1495,1420,1495,1455,1418,1495,1448,1505,1477,1515,1505,1514,1531,1512,1326,1339,1357,1326,1390,1331,1412,1360,1383,1356,1352,1349,1544,1384,1573,1363,1603,1368,1623,1392,1601,1393,1572,1389,1354,1591,1394,1555,1442,1546,1470,1557,1501,1555,1530,1576,1544,1619,1518,1643,1486,1656,1453,1654,1422,1647,1382,1626,1369,1591,1437,1576,1466,1581,1496,1584,1530,1614,1491,1623,1460,1621,1431,1615
1972,h,1,1,1176,1176,1711,1711,65.73333333333333,1183,1354,1175,1423,1175,1493,1184,1561,1208,1625,1253,1677,1309,1715,1366,1748,1428,1766,1487,1761,1535,1728,1581,1688,1614,1639,1638,1585,1659,1530,1670,1476,1675,1422,1282,1303,1323,1276,1374,1274,1425,1286,1471,1306,1536,1322,1575,1319,1615,1322,1651,1335,1668,1367,1496,1353,1495,1387,1495,1420,1494,1456,1419,1494,1448,1504,1476,1514,1504,1513,1529,1511,1327,1337,1358,1324,1390,1330,1413,1358,1384,1354,1352,1347,1545,1381,1574,1362,1603,1367,1623,1390,1601,1392,1572,1388,1355,1587,1395,1555,1442,1547,1469,1558,1499,1556,1530,1576,1545,1617,1518,1643,1484,1655,1452,1653,1422,1646,1383,1624,1370,1588,1438,1574,1465,1580,1495,1582,1531,1612,1490,1623,1459,1621,1431,1615
1973,h,1,1,1176,1176,1711,1711,65.76666666666667,1189,1351,1181,1420,1179,1490,1186,1558,1210,1622,1254,1675,1309,1712,1365,1745,1428,1764,1487,1759,1536,1727,1581,1687,1614,1636,1638,1582,1660,1527,1672,1472,1678,1419,1285,1302,1326,1276,1375,1274,1425,1285,1470,1304,1534,1321,1573,1318,1613,1321,1649,1335,1667,1366,1495,1355,1494,1388,1493,1420,1492,1455,1419,1495,1447,1504,1475,1514,1503,1514,1529,1512,1329,1336,1359,1323,1392,1329,1415,1358,1385,1354,1354,1347,1543,1381,1572,1361,1602,1366,1622,1390,1600,1392,1571,1388,1356,1587,1395,1555,1441,1546,1468,1556,1499,1554,1529,1574,1545,1617,1518,1641,1485,1652,1453,1650,1423,1643,1384,1623,1370,1587,1437,1575,1464,1580,1494,1583,1532,1612,1490,1620,1459,1618,1431,1612
1974,h,1,1,1176,1176,1711,1711,65.8,1189,1351,1181,1420,1179,1490,1186,1558,1210,1622,1254,1675,1309,1712,1365,1745,1428,1764,1487,1759,1536,1727,1581,1687,1614,1636,1638,1582,1660,1527,1672,1472,1678,1419,1285,1302,1326,1276,1375,1274,1425,1285,1470,1304,1534,1321,1573,1318,1613,1321,1649,1335,1667,1366,1495,1355,1494,1388,1493,1420,1492,1455,1419,1495,1447,1504,1475,1514,1503,1514,1529,1512,1329,1336,1359,1323,1392,1329,1415,1358,1385,1354,1354,1347,1543,1381,1572,1361,1602,1366,1622,1390,1600,1392,1571,1388,1356,1587,1395,1555,1441,1546,1468,1556,1499,1554,1529,1574,1545,1617,1518,1641,1485,1652,1453,1650,1423,1643,1384,1623,1370,1587,1437,1575,1464,1580,1494,1583,1532,1612,1490,1620,1459,1618,1431,1612
1975,h,1,1,1176,1176,1711,1711,65.83333333333333,1188,1351,1179,1419,1177,1490,1185,1558,1209,1622,1254,1674,1309,1712,1365,1745,1427,1763,1486,1758,1534,1727,1580,1688,1614,1640,1639,1587,1660,1532,1672,1477,1677,1423,1285,1301,1326,1276,1376,1274,1426,1287,1471,1307,1536,1323,1574,1320,1612,1322,1646,1335,1664,1365,1497,1355,1496,1389,1495,1420,1495,1455,1419,1495,1448,1504,1477,1515,1504,1514,1530,1513,1328,1338,1359,1324,1391,1330,1414,1360,1385,1355,1353,1348,1545,1383,1573,1363,1603,1367,1622,1391,1601,1393,1572,1390,1355,1587,1396,1555,1444,1546,1470,1557,1500,1555,1530,1576,1545,1617,1518,1639,1485,1649,1453,1647,1424,1640,1385,1620,1370,1587,1439,1575,1466,1581,1495,1584,1532,1612,1490,1617,1460,1615,1433,1609
1976,h,1,1,1176,1176,1711,1711,65.86666666666666,1188,1356,1179,1424,1179,1492,1186,1558,1211,1622,1257,1672,1311,1708,1367,1740,1429,1757,1487,1753,1536,1724,1580,1687,1614,1637,1639,1584,1660,1529,1671,1474,1675,1420,1284,1302,1326,1276,1375,1274,1426,1286,1471,1305,1534,1321,1573,1319,1612,1322,1647,1335,1663,1366,1496,1356,1495,1389,1495,1420,1495,1455,1420,1495,1449,1505,1478,1515,1505,1514,1530,1512,1327,1338,1358,1323,1391,1329,1414,1360,1384,1356,1352,1349,1544,1383,1573,1362,1603,1366,1623,1391,1601,1394,1572,1390,1355,1586,1397,1555,1444,1547,1471,1558,1501,1555,1531,1576,1547,1616,1520,1637,1487,1646,1456,1644,1426,1637,1386,1618,1370,1586,1440,1576,1467,1581,1496,1584,1533,1611,1493,1615,1462,1613,1434,1607
1977,h,1,1,1176,1176,1711,1711,65.9,1188,1356,1179,1424,1179,1492,1186,1558,1211,1622,1257,1672,1311,1708,1367,1740,1429,1757,1487,1753,1536,1724,1580,1687,1614,1637,1639,1584,1660,1529,1671,1474,1675,1420,1284,1302,1326,1276,1375,1274,1426,1286,1471,1305,1534,1321,1573,1319,1612,1322,1647,1335,1663,1366,1496,1356,1495,1389,1495,1420,1495,1455,1420,1495,1449,1505,1478,1515,1505,1514,1530,1512,1327,1338,1358,1323,1391,1329,1414,1360,1384,1356,1352,1349,1544,1383,1573,1362,1603,1366,1623,1391,1601,1394,1572,1390,1355,1586,1397,1555,1444,1547,1471,1558,1501,1555,1531,1576,1547,1616,1520,1637,1487,1646,1456,1644,1426,1637,1386,1618,1370,1586,1440,1576,1467,1581,1496,1584,1533,1611,1493,1615,1462,1613,1434,1607
1978,h,1,1,1176,1176,1711,1711,65.93333333333334,1181,1360,1175,1427,1175,1495,1184,1561,1209,1623,1254,1672,1309,1707,1365,1738,1428,1756,1486,1753,1535,1725,1579,1687,1613,1638,1639,1585,1659,1529,1670,1474,1675,1420,1277,1305,1320,1278,1373,1274,1425,1285,1473,1305,1531,1321,1572,1319,1612,1321,1648,1335,1666,1368,1495,1355,1494,1388,1495,1420,1495,1454,1418,1495,1448,1504,1477,1515,1505,1514,1531,1512,1324,1338,1355,1324,1388,1329,1412,1359,1382,1354,1350,1348,1543,1383,1572,1362,1602,1367,1622,1391,1599,1393,1570,1388,1356,1584,1397,1554,1444,1546,1470,1557,1500,1555,1530,1575,1546,1615,1518,1634,1485,1642,1454,1640,1425,1633,1386,1614,1371,1584,1439,1574,1466,1580,1495,1583,1533,1609,1491,1611,1461,1608,1433,1602
1979,h,1,1,1176,1176,1711,1711,65.96666666666667,1185,1354,1178,1422,1178,1490,1186,1557,1211,1619,1256,1669,1311,1706,1366,1738,1428,1756,1487,1752,1537,1722,1582,1684,1617,1636,1642,1583,1662,1528,1673,1473,1678,1419,1281,1303,1323,1277,1373,1274,1424,1285,1469,1303,1535,1318,1576,1317,1615,1319,1651,1333,1667,1366,1494,1354,1493,1387,1493,1420,1492,1454,1419,1494,1448,1503,1476,1514,1503,1513,1529,1512,1327,1338,1357,1323,1390,1329,1413,1358,1384,1354,1352,1348,1544,1381,1573,1361,1603,1366,1623,1390,1601,1393,1572,1388,1357,1584,1398,1554,1445,1546,1470,1557,1500,1555,1531,1574,1548,1614,1520,1633,1487,1642,1456,1640,1428,1633,1387,1615,1372,1584,1441,1575,1467,1580,1496,1583,1535,1608,1492,1611,1462,1608,1435,1602
1980,h,1,1,1176,1176,1711,1711,66.0,1184,1360,1178,1428,1179,1497,1188,1563,1215,1624,1260,1672,1315,1708,1371,1739,1431,1755,1487,1752,1535,1723,1579,1686,1612,1638,1638,1587,1659,1532,1671,1477,1675,1423,1279,1303,1321,1277,1373,1274,1425,1286,1471,1305,1533,1320,1573,1318,1613,1321,1649,1336,1665,1369,1495,1354,1494,1388,1494,1419,1494,1453,1420,1495,1449,1504,1477,1515,1505,1513,1530,1511,1325,1339,1357,1324,1390,1330,1414,1361,1384,1356,1351,1349,1544,1383,1572,1362,1603,1366,1623,1392,1601,1393,1571,1389,1358,1584,1399,1554,1446,1546,1472,1558,1501,1555,1531,1575,1548,1614,1521,1633,1488,1642,1458,1640,1429,1633,1389,1614,1373,1584,1442,1575,1469,1581,1497,1583,1534,1609,1493,1611,1464,1608,1437,1602
1981,h,1,1,1176,1176,1711,1711,66.03333333333333,1184,1360,1178,1428,1179,1497,1188,1563,1215,1624,1260,1672,1315,1708,1371,1739,1431,1755,1487,1752,1535,1723,1579,1686,1612,1638,1638,1587,1659,1532,1671,1477,1675,1423,1279,1303,1321,1277,1373,1274,1425,1286,1471,1305,1533,1320,1573,1318,1613,1321,1649,1336,1665,1369,1495,1354,1494,1388,1494,1419,1494,1453,1420,1495,1449,1504,1477,1515,1505,1513,1530,1511,1325,1339,1357,1324,1390,1330,1414,1361,1384,1356,1351,1349,1544,1383,1572,1362,1603,1366,1623,1392,1601,1393,1571,1389,1358,1584,1399,1554,1446,1546,1472,1558,1501,1555,1531,1575,1548,1614,1521,1633,1488,1642,1458,1640,1429,1633,1389,1614,1373,1584,1442,1575,1469,1581,1497,1583,1534,1609,1493,1611,1464,1608,1437,1602
1982,h,1,1,1176,1176,1711,1711,66.06666666666666,1185,1357,1177,1423,1177,1491,1185,1556,1212,1617,1257,1665,1314,1699,1369,1729,1430,1746,1487,1743,1536,1717,1579,1681,1613,1634,1639,1582,1659,1528,1671,1474,1677,1421,1282,1301,1325,1275,1376,1273,1426,1284,1473,1303,1532,1318,1573,1316,1613,1319,1648,1333,1667,1364,1495,1353,1495,1386,1495,1417,1495,1450,1421,1493,1449,1502,1478,1512,1505,1511,1531,1509,1324,1338,1357,1323,1390,1329,1413,1360,1383,1356,1351,1349,1544,1382,1573,1361,1604,1365,1624,1389,1602,1393,1572,1389,1361,1582,1404,1556,1448,1548,1472,1558,1499,1556,1529,1575,1547,1609,1518,1625,1487,1632,1458,1630,1431,1624,1394,1608,1376,1582,1444,1575,1468,1581,1495,1584,1534,1604,1492,1602,1464,1599,1439,1594
1983,h,1,1,1176,1176,1711,1711,66.1,1188,1354,1180,1420,1179,1488,1188,1552,1214,1612,1260,1659,1316,1692,1374,1718,1435,1732,1491,1728,1538,1703,1580,1669,1613,1625,1637,1577,1655,1526,1667,1474,1673,1422,1283,1299,1326,1275,1377,1275,1427,1286,1471,1305,1534,1321,1573,1319,1612,1322,1647,1335,1663,1366,1498,1356,1497,1387,1498,1417,1498,1450,1422,1492,1450,1501,1479,1510,1506,1509,1531,1508,1327,1336,1358,1323,1391,1329,1414,1359,1385,1355,1352,1348,1543,1382,1572,1361,1601,1365,1621,1389,1600,1392,1571,1388,1366,1577,1412,1555,1453,1548,1474,1558,1498,1556,1526,1573,1545,1602,1516,1612,1486,1616,1461,1614,1438,1608,1402,1595,1381,1576,1449,1574,1470,1579,1494,1581,1533,1597,1491,1589,1467,1587,1445,1582
1984,h,1,1,1176,1176,1711,1711,66.13333333333334,1185,1357,1178,1422,1177,1488,1187,1553,1212,1613,1256,1660,1312,1693,1370,1718,1432,1732,1488,1731,1536,1710,1578,1676,1611,1632,1636,1582,1655,1530,1665,1478,1670,1426,1281,1298,1324,1273,1376,1271,1427,1283,1473,1303,1532,1319,1572,1317,1612,1321,1647,1334,1664,1366,1497,1352,1496,1384,1496,1414,1497,1448,1422,1491,1451,1499,1480,1509,1506,1508,1531,1507,1325,1337,1357,1323,1390,1329,1414,1358,1384,1355,1351,1348,1543,1380,1573,1360,1603,1365,1623,1389,1601,1391,1571,1387,1368,1576,1413,1554,1456,1546,1477,1557,1502,1554,1530,1572,1549,1603,1520,1610,1490,1614,1464,1612,1440,1606,1404,1594,1384,1575,1451,1573,1474,1579,1498,1581,1537,1598,1495,1584,1470,1582,1447,1577
1985,h,1,1,1176,1176,1711,1711,66.16666666666667,1185,1357,1178,1422,1177,1488,1187,1553,1212,1613,1256,1660,1312,1693,1370,1718,1432,1732,1488,1731,1536,1710,1578,1676,1611,1632,1636,1582,1655,1530,1665,1478,1670,1426,1281,1298,1324,1273,1376,1271,1427,1283,1473,1303,1532,1319,1572,1317,1612,1321,1647,1334,1664,1366,1497,1352,1496,1384,1496,1414,1497,1448,1422,1491,1451,1499,1480,1509,1506,1508,1531,1507,1325,1337,1357,1323,1390,1329,1414,1358,1384,1355,1351,1348,1543,1380,1573,1360,1603,1365,1623,1389,1601,1391,1571,1387,1368,1576,1413,1554,1456,1546,1477,1557,1502,1554,1530,1572,1549,1603,1520,1610,1490,1614,1464,1612,1440,1606,1404,1594,1384,1575,1451,1573,1474,1579,1498,1581,1537,1598,1495,1584,1470,1582,1447,1577
1986,h,1,1,1228,1228,1673,1673,66.2,1191,1350,1186,1416,1187,1483,1195,1549,1219,1609,1261,1656,1315,1691,1372,1717,1434,1731,1491,1728,1539,1704,1582,1671,1615,1627,1638,1577,1658,1525,1670,1473,1676,1421,1279,1299,1321,1272,1372,1270,1424,1281,1470,1300,1532,1316,1574,1314,1615,1318,1652,1333,1669,1366,1496,1350,1495,1383,1495,1414,1495,1449,1423,1490,1451,1498,1479,1507,1506,1506,1530,1504,1326,1334,1358,1320,1391,1326,1416,1355,1385,1352,1352,1346,1542,1377,1573,1357,1603,1362,1624,1386,1600,1389,1570,1384,1368,1572,1412,1554,1453,1546,1475,1556,1499,1552,1525,1569,1546,1597,1516,1606,1488,1611,1463,1610,1439,1604,1403,1592,1383,1572,1448,1570,1471,1576,1495,1577,1533,1592,1492,1581,1468,1580,1445,1575
1987,h,1,1,1228,1228,1673,1673,66.23333333333333,1190,1351,1186,1417,1186,1484,1195,1549,1220,1609,1263,1657,1316,1691,1373,1716,1436,1730,1494,1727,1542,1702,1584,1669,1615,1625,1637,1575,1656,1523,1667,1471,1672,1419,1277,1299,1320,1272,1371,1269,1423,1280,1469,1300,1533,1316,1573,1314,1614,1317,1650,1332,1667,1365,1495,1350,1495,1383,1495,1414,1496,1448,1423,1490,1451,1498,1480,1507,1507,1506,1531,1503,1325,1335,1358,1321,1390,1327,1415,1355,1384,1353,1351,1347,1542,1377,1573,1357,1603,1362,1623,1385,1601,1389,1571,1384,1368,1572,1414,1553,1454,1545,1476,1554,1500,1551,1527,1567,1545,1593,1518,1603,1490,1609,1465,1608,1441,1603,1405,1592,1383,1572,1450,1571,1473,1576,1497,1577,1533,1589,1494,1580,1470,1579,1447,1574
1988,h,1,1,1176,1176,1711,1711,66.26666666666667,1187,1355,1180,1422,1180,1489,1188,1552,1213,1612,1258,1657,1316,1687,1374,1711,1437,1726,1494,1723,1543,1700,1586,1669,1618,1625,1641,1575,1659,1523,1670,1472,1674,1420,1279,1299,1322,1272,1373,1270,1425,1281,1471,1300,1533,1317,1574,1315,1614,1319,1650,1333,1666,1366,1496,1350,1496,1383,1497,1414,1497,1448,1421,1489,1451,1498,1480,1508,1507,1506,1533,1505,1325,1335,1358,1321,1391,1328,1414,1357,1384,1354,1351,1346,1544,1380,1575,1360,1605,1364,1625,1387,1603,1390,1573,1386,1368,1571,1414,1550,1455,1542,1477,1552,1503,1549,1529,1565,1549,1594,1521,1601,1492,1606,1466,1605,1441,1600,1405,1588,1383,1569,1451,1567,1474,1572,1499,1573,1536,1588,1496,1577,1470,1575,1447,1571
1989,h,1,1,1176,1176,1711,1711,66.3,1187,1355,1180,1422,1180,1489,1188,1552,1213,1612,1258,1657,1316,1687,1374,1711,1437,1726,1494,1723,1543,1700,1586,1669,1618,1625,1641,1575,1659,1523,1670,1472,1674,1420,1279,1299,1322,1272,1373,1270,1425,1281,1471,1300,1533,1317,1574,1315,1614,1319,1650,1333,1666,1366,1496,1350,1496,1383,1497,1414,1497,1448,1421,1489,1451,1498,1480,1508,1507,1506,1533,1505,1325,1335,1358,1321,1391,1328,1414,1357,1384,1354,1351,1346,1544,1380,1575,1360,1605,1364,1625,1387,1603,1390,1573,1386,1368,1571,1414,1550,1455,1542,1477,1552,1503,1549,1529,1565,1549,1594,1521,1601,1492,1606,1466,1605,1441,1600,1405,1588,1383,1569,1451,1567,1474,1572,1499,1573,1536,1588,1496,1577,1470,1575,1447,1571
1990,h,1,1,1228,1228,1673,1673,66.33333333333333,1192,1351,1189,1417,1191,1483,1199,1547,1223,1607,1266,1653,1321,1685,1379,1709,1442,1722,1500,1718,1548,1695,1590,1662,1621,1620,1641,1570,1657,1520,1668,1469,1673,1418,1278,1301,1321,1274,1372,1271,1424,1282,1471,1301,1533,1317,1575,1314,1616,1318,1652,1333,1668,1366,1497,1352,1496,1384,1497,1415,1497,1449,1424,1490,1452,1498,1481,1507,1508,1506,1532,1504,1326,1334,1359,1320,1392,1326,1416,1356,1386,1353,1352,1347,1543,1379,1574,1358,1604,1362,1624,1386,1602,1389,1572,1385,1370,1571,1415,1551,1456,1543,1478,1553,1502,1549,1527,1565,1546,1592,1519,1601,1492,1605,1467,1604,1443,1599,1407,1588,1385,1570,1452,1568,1475,1573,1498,1574,1533,1587,1496,1577,1472,1576,1449,1571
1991,h,1,1,1228,1228,1673,1673,66.36666666666666,1190,1354,1187,1421,1189,1488,1197,1552,1220,1612,1263,1659,1318,1690,1377,1714,1440,1726,1497,1723,1546,1699,1588,1667,1619,1624,1640,1574,1657,1523,1669,1471,1673,1420,1277,1304,1319,1275,1372,1272,1424,1283,1472,1302,1530,1318,1572,1315,1613,1319,1650,1333,1667,1368,1496,1352,1496,1384,1496,1416,1497,1450,1423,1491,1451,1499,1481,1508,1507,1507,1532,1505,1326,1336,1358,1322,1391,1328,1415,1358,1384,1355,1351,1349,1541,1380,1572,1359,1602,1363,1623,1387,1600,1390,1570,1386,1369,1575,1414,1554,1455,1545,1477,1555,1501,1552,1527,1568,1545,1595,1518,1605,1491,1610,1466,1609,1442,1604,1406,1594,1384,1573,1451,1571,1474,1576,1498,1577,1532,1591,1495,1581,1470,1580,1448,1575
1992,h,1,1,1228,1228,1673,1673,66.4,1190,1354,1187,1421,1189,1488,1197,1552,1220,1612,1263,1659,1318,1690,1377,1714,1440,1726,1497,1723,1546,1699,1588,1667,1619,1624,1640,1574,1657,1523,1669,1471,1673,1420,1277,1304,1319,1275,1372,1272,1424,1283,1472,1302,1530,1318,1572,1315,1613,1319,1650,1333,1667,1368,1496,1352,1496,1384,1496,1416,1497,1450,1423,1491,1451,1499,1481,1508,1507,1507,1532,1505,1326,1336,1358,1322,1391,1328,1415,1358,1384,1355,1351,1349,1541,1380,1572,1359,1602,1363,1623,1387,1600,1390,1570,1386,1369,1575,1414,1554,1455,1545,1477,1555,1501,1552,1527,1568,1545,1595,1518,1605,1491,1610,1466,1609,1442,1604,1406,1594,1384,1573,1451,1571,1474,1576,1498,1577,1532,1591,1495,1581,1470,1580,1448,1575
1993,h,1,1,1176,1176,1711,1711,66.43333333333334,1184,1361,1180,1428,1181,1495,1191,1559,1217,1619,1262,1665,1319,1696,1377,1720,1439,1732,1494,1730,1542,1708,1585,1675,1618,1631,1641,1581,1659,1530,1670,1478,1676,1426,1279,1303,1322,1276,1373,1274,1425,1285,1472,1304,1532,1320,1573,1317,1613,1320,1649,1335,1667,1367,1496,1354,1495,1387,1496,1418,1496,1452,1422,1493,1450,1502,1479,1511,1506,1510,1531,1509,1326,1338,1358,1324,1391,1330,1414,1360,1385,1356,1352,1349,1544,1382,1573,1361,1603,1366,1623,1389,1601,1392,1572,1388,1371,1578,1415,1554,1457,1546,1478,1556,1503,1553,1530,1571,1548,1601,1520,1608,1491,1612,1466,1611,1442,1605,1406,1595,1385,1577,1453,1573,1475,1578,1499,1579,1536,1596,1496,1584,1471,1582,1449,1577
1994,h,1,1,1228,1228,1673,1673,66.46666666666667,1193,1354,1188,1420,1188,1486,1197,1551,1221,1613,1263,1661,1316,1697,1373,1723,1435,1736,1491,1734,1539,1711,1583,1677,1615,1632,1639,1581,1659,1529,1670,1476,1674,1424,1278,1304,1321,1277,1372,1274,1423,1285,1470,1304,1534,1321,1575,1317,1616,1322,1651,1337,1669,1370,1496,1355,1495,1387,1495,1418,1496,1452,1422,1494,1450,1503,1479,1512,1506,1511,1531,1509,1327,1339,1358,1325,1391,1331,1415,1360,1385,1357,1352,1350,1542,1382,1573,1362,1603,1367,1624,1390,1601,1392,1571,1388,1364,1574,1411,1557,1453,1550,1476,1560,1501,1557,1529,1574,1549,1602,1519,1614,1489,1619,1462,1618,1437,1612,1401,1599,1379,1576,1448,1575,1472,1581,1497,1582,1536,1598,1494,1588,1468,1587,1444,1582
1995,h,1,1,1228,1228,1673,1673,66.5,1197,1352,1192,1420,1194,1487,1202,1553,1224,1615,1264,1665,1316,1701,1372,1727,1433,1741,1491,1739,1539,1716,1583,1682,1616,1637,1640,1587,1661,1534,1674,1480,1681,1426,1279,1305,1321,1278,1372,1274,1424,1285,1470,1304,1533,1320,1575,1318,1616,1322,1653,1338,1672,1371,1495,1354,1494,1387,1493,1418,1492,1453,1422,1494,1449,1503,1477,1513,1504,1512,1529,1510,1328,1339,1359,1325,1392,1331,1416,1360,1386,1357,1353,1351,1543,1382,1573,1362,1603,1367,1624,1391,1601,1394,1571,1390,1367,1579,1408,1557,1449,1550,1473,1561,1499,1559,1526,1576,1545,1609,1516,1621,1486,1626,1459,1624,1433,1616,1398,1602,1381,1579,1444,1576,1469,1582,1495,1584,1532,1604,1491,1594,1465,1592,1440,1586
1996,h,1,1,1228,1228,1673,1673,66.53333333333333,1197,1352,1192,1420,1194,1487,1202,1553,1224,1615,1264,1665,1316,1701,1372,1727,1433,1741,1491,1739,1539,1716,1583,1682,1616,1637,1640,1587,1661,1534,1674,1480,1681,1426,1279,1305,1321,1278,1372,1274,1424,1285,1470,1304,1533,1320,1575,1318,1616,1322,1653,1338,1672,1371,1495,1354,1494,1387,1493,1418,1492,1453,1422,1494,1449,1503,1477,1513,1504,1512,1529,1510,1328,1339,1359,1325,1392,1331,1416,1360,1386,1357,1353,1351,1543,1382,1573,1362,1603,1367,1624,1391,1601,1394,1571,1390,1367,1579,1408,1557,1449,1550,1473,1561,1499,1559,1526,1576,1545,1609,1516,1621,1486,1626,1459,1624,1433,1616,1398,1602,1381,1579,1444,1576,1469,1582,1495,1584,1532,1604,1491,1594,1465,1592,1440,1586
1997,h,1,1,1176,1176,1711,1711,66.56666666666666,1193,1357,1186,1423,1186,1491,1193,1557,1218,1617,1261,1667,1314,1704,1369,1733,1432,1749,1488,1745,1538,1719,1582,1682,1615,1635,1641,1583,1661,1528,1672,1474,1678,1420,1282,1305,1323,1278,1374,1275,1425,1287,1471,1306,1532,1321,1573,1318,1614,1321,1650,1335,1668,1367,1495,1355,1494,1388,1494,1419,1493,1453,1419,1493,1449,1503,1477,1514,1505,1513,1532,1510,1328,1339,1359,1325,1392,1332,1414,1361,1385,1357,1353,1350,1544,1383,1573,1363,1603,1367,1624,1391,1601,1393,1572,1390,1360,1581,1401,1555,1444,1549,1470,1560,1498,1558,1528,1576,1546,1612,1516,1629,1484,1638,1454,1636,1426,1629,1389,1610,1374,1581,1440,1575,1466,1581,1494,1584,1533,1607,1489,1605,1460,1604,1434,1598
1998,h,1,1,1176,1176,1711,1711,66.6,1188,1352,1181,1421,1180,1490,1187,1557,1212,1620,1256,1671,1311,1708,1366,1738,1427,1756,1485,1751,1534,1722,1578,1685,1612,1636,1640,1584,1661,1529,1673,1475,1678,1421,1281,1304,1322,1277,1373,1274,1425,1285,1471,1304,1535,1319,1577,1318,1617,1322,1653,1335,1670,1369,1496,1355,1495,1388,1495,1418,1494,1451,1418,1493,1448,1503,1477,1514,1505,1513,1531,1511,1329,1338,1359,1325,1391,1331,1414,1360,1385,1356,1353,1349,1545,1383,1574,1363,1603,1368,1623,1391,1601,1393,1572,1390,1357,1581,1399,1555,1443,1549,1469,1560,1498,1558,1528,1577,1545,1615,1516,1633,1483,1644,1452,1641,1424,1634,1387,1614,1371,1581,1439,1572,1465,1579,1493,1582,1532,1610,1488,1613,1459,1612,1432,1605
1999,h,1,1,1176,1176,1711,1711,66.63333333333334,1189,1356,1181,1422,1181,1489,1188,1555,1212,1617,1255,1668,1309,1704,1365,1734,1427,1751,1485,1747,1534,1720,1578,1683,1612,1635,1639,1584,1661,1530,1672,1477,1678,1423,1281,1306,1322,1278,1373,1276,1424,1287,1471,1305,1535,1321,1576,1320,1615,1324,1650,1337,1667,1368,1496,1355,1495,1388,1494,1419,1494,1453,1419,1494,1448,1503,1476,1513,1504,1513,1530,1511,1327,1340,1359,1326,1391,1333,1414,1362,1384,1359,1352,1351,1545,1384,1573,1364,1603,1369,1623,1392,1601,1395,1572,1391,1357,1584,1398,1555,1443,1548,1469,1560,1498,1558,1528,1577,1544,1616,1515,1634,1482,1643,1452,1641,1424,1634,1386,1614,1371,1584,1438,1574,1465,1580,1493,1582,1531,1611,1488,1613,1459,1612,1432,1605
2000,h,1,1,1176,1176,1711,1711,66.66666666666667,1189,1356,1181,1422,1181,1489,1188,1555,1212,1617,1255,1668,1309,1704,1365,1734,1427,1751,1485,1747,1534,1720,1578,1683,1612,1635,1639,1584,1661,1530,1672,1477,1678,1423,1281,1306,1322,1278,1373,1276,1424,1287,1471,1305,1535,1321,1576,1320,1615,1324,1650,1337,1667,1368,1496,1355,1495,1388,1494,1419,1494,1453,1419,1494,1448,1503,1476,1513,1504,1513,1530,1511,1327,1340,1359,1326,1391,1333,1414,1362,1384,1359,1352,1351,1545,1384,1573,1364,1603,1369,1623,1392,1601,1395,1572,1391,1357,1584,1398,1555,1443,1548,1469,1560,1498,1558,1528,1577,1544,1616,1515,1634,1482,1643,1452,1641,1424,1634,1386,1614,1371,1584,1438,1574,1465,1580,1493,1582,1531,1611,1488,1613,1459,1612,1432,1605
2001,h,1,1,1176,1176,1711,1711,66.7,1186,1356,1179,1423,1178,1492,1187,1557,1212,1619,1256,1669,1311,1703,1367,1732,1428,1749,1486,1746,1536,1720,1580,1684,1613,1636,1639,1585,1660,1532,1672,1478,1678,1424,1280,1305,1322,1279,1373,1275,1424,1286,1471,1304,1535,1320,1576,1319,1617,1323,1653,1338,1671,1370,1496,1355,1495,1389,1495,1421,1494,1455,1419,1495,1448,1505,1476,1515,1505,1514,1531,1512,1327,1340,1358,1326,1391,1332,1414,1361,1385,1358,1352,1351,1546,1385,1575,1365,1605,1369,1625,1393,1603,1396,1573,1392,1359,1585,1401,1558,1445,1551,1470,1563,1499,1560,1529,1579,1545,1617,1516,1634,1484,1643,1454,1640,1427,1634,1390,1615,1373,1585,1441,1578,1466,1584,1494,1586,1532,1611,1490,1611,1461,1610,1435,1604
2002,h,1,1,1176,1176,1711,1711,66.73333333333333,1186,1358,1178,1424,1178,1492,1186,1557,1210,1618,1254,1668,1309,1701,1366,1729,1429,1746,1487,1743,1537,1716,1582,1680,1615,1633,1641,1582,1661,1529,1673,1476,1678,1422,1280,1305,1324,1279,1375,1277,1427,1289,1474,1307,1536,1322,1577,1320,1617,1323,1653,1337,1672,1369,1498,1356,1497,1389,1497,1421,1497,1456,1423,1497,1451,1506,1480,1516,1507,1515,1532,1513,1327,1341,1359,1328,1392,1334,1415,1362,1386,1359,1353,1352,1546,1385,1576,1365,1606,1370,1626,1393,1604,1396,1574,1392,1360,1584,1406,1561,1450,1554,1474,1565,1501,1563,1530,1581,1547,1615,1517,1630,1486,1637,1458,1635,1432,1628,1394,1612,1375,1585,1446,1581,1470,1586,1497,1589,1534,1610,1492,1606,1465,1604,1440,1599
2003,h,1,1,1176,1176,1711,1711,66.76666666666667,1187,1361,1178,1425,1177,1492,1184,1556,1206,1618,1249,1666,1304,1701,1361,1728,1425,1746,1485,1745,1538,1722,1584,1687,1618,1641,1644,1589,1664,1535,1675,1482,1680,1429,1281,1301,1325,1277,1376,1276,1427,1288,1472,1307,1535,1325,1576,1322,1616,1325,1652,1337,1671,1367,1498,1357,1497,1390,1497,1422,1497,1456,1422,1499,1451,1508,1480,1518,1508,1517,1533,1515,1328,1342,1360,1328,1393,1334,1417,1364,1386,1360,1354,1353,1547,1386,1576,1367,1606,1371,1626,1395,1604,1398,1575,1394,1358,1584,1407,1565,1451,1557,1475,1568,1501,1565,1529,1583,1549,1615,1518,1625,1487,1629,1459,1626,1434,1620,1396,1606,1373,1585,1446,1585,1471,1591,1497,1592,1536,1610,1493,1598,1466,1595,1442,1590
2004,h,1,1,1176,1176,1711,1711,66.8,1187,1361,1178,1425,1177,1492,1184,1556,1206,1618,1249,1666,1304,1701,1361,1728,1425,1746,1485,1745,1538,1722,1584,1687,1618,1641,1644,1589,1664,1535,1675,1482,1680,1429,1281,1301,1325,1277,1376,1276,1427,1288,1472,1307,1535,1325,1576,1322,1616,1325,1652,1337,1671,1367,1498,1357,1497,1390,1497,1422,1497,1456,1422,1499,1451,1508,1480,1518,1508,1517,1533,1515,1328,1342,1360,1328,1393,1334,1417,1364,1386,1360,1354,1353,1547,1386,1576,1367,1606,1371,1626,1395,1604,1398,1575,1394,1358,1584,1407,1565,1451,1557,1475,1568,1501,1565,1529,1583,1549,1615,1518,1625,1487,1629,1459,1626,1434,1620,1396,1606,1373,1585,1446,1585,1471,1591,1497,1592,1536,1610,1493,1598,1466,1595,1442,1590
2005,h,1,1,1176,1176,1711,1711,66.83333333333333,1186,1358,1178,1422,1176,1489,1183,1553,1205,1615,1248,1664,1303,1697,1361,1724,1424,1741,1482,1740,1534,1717,1580,1683,1615,1637,1641,1587,1663,1534,1675,1481,1681,1428,1280,1305,1323,1278,1375,1277,1428,1289,1475,1309,1538,1326,1580,1323,1620,1327,1656,1340,1674,1372,1500,1359,1499,1391,1499,1422,1499,1456,1425,1499,1453,1509,1481,1519,1508,1518,1533,1516,1327,1343,1360,1328,1394,1334,1417,1365,1387,1361,1353,1354,1548,1388,1578,1368,1608,1373,1629,1397,1606,1400,1576,1395,1360,1582,1410,1564,1454,1558,1476,1569,1502,1566,1530,1584,1549,1615,1517,1622,1487,1625,1460,1622,1435,1615,1399,1602,1376,1583,1449,1584,1472,1591,1498,1593,1536,1610,1493,1597,1467,1593,1444,1587
2006,h,1,1,1176,1176,1711,1711,66.86666666666666,1185,1365,1178,1431,1178,1497,1184,1560,1205,1622,1247,1671,1304,1704,1364,1731,1428,1747,1487,1745,1540,1722,1585,1688,1618,1643,1642,1592,1661,1539,1674,1487,1679,1435,1279,1309,1322,1280,1375,1278,1428,1290,1475,1310,1537,1326,1578,1324,1619,1328,1656,1342,1674,1375,1499,1358,1498,1391,1498,1422,1499,1457,1425,1499,1453,1509,1481,1519,1507,1518,1532,1515,1327,1343,1360,1328,1393,1334,1417,1365,1387,1361,1354,1354,1547,1388,1577,1367,1608,1372,1628,1397,1605,1399,1575,1395,1360,1583,1411,1565,1455,1558,1476,1569,1502,1567,1529,1584,1549,1614,1516,1621,1486,1623,1460,1621,1436,1614,1399,1602,1376,1583,1450,1584,1472,1590,1497,1593,1535,1609,1492,1595,1467,1592,1444,1586
2007,h,1,1,1176,1176,1711,1711,66.9,1185,1365,1178,1431,1178,1497,1184,1560,1205,1622,1247,1671,1304,1704,1364,1731,1428,1747,1487,1745,1540,1722,1585,1688,1618,1643,1642,1592,1661,1539,1674,1487,1679,1435,1279,1309,1322,1280,1375,1278,1428,1290,1475,1310,1537,1326,1578,1324,1619,1328,1656,1342,1674,1375,1499,1358,1498,1391,1498,1422,1499,1457,1425,1499,1453,1509,1481,1519,1507,1518,1532,1515,1327,1343,1360,1328,1393,1334,1417,1365,1387,1361,1354,1354,1547,1388,1577,1367,1608,1372,1628,1397,1605,1399,1575,1395,1360,1583,1411,1565,1455,1558,1476,1569,1502,1567,1529,1584,1549,1614,1516,1621,1486,1623,1460,1621,1436,1614,1399,1602,1376,1583,1450,1584,1472,1590,1497,1593,1535,1609,1492,1595,1467,1592,1444,1586
2008,h,1,1,1176,1176,1711,1711,66.93333333333334,1189,1360,1180,1425,1179,1492,1185,1556,1208,1618,1251,1667,1306,1702,1364,1730,1426,1746,1484,1744,1536,1720,1582,1686,1618,1641,1644,1589,1665,1536,1676,1483,1681,1430,1283,1303,1327,1278,1378,1278,1429,1290,1473,1309,1538,1326,1578,1324,1617,1327,1652,1339,1671,1369,1500,1360,1499,1393,1499,1424,1499,1459,1426,1501,1454,1510,1481,1520,1508,1519,1532,1517,1329,1344,1361,1330,1394,1336,1417,1366,1388,1363,1355,1356,1547,1388,1576,1367,1607,1372,1627,1397,1605,1400,1575,1396,1361,1587,1411,1567,1455,1559,1477,1570,1503,1567,1529,1585,1547,1614,1516,1622,1488,1626,1461,1625,1437,1618,1400,1606,1376,1587,1450,1587,1473,1593,1498,1595,1534,1610,1494,1596,1468,1594,1445,1588
2009,h,1,1,1176,1176,1711,1711,66.96666666666667,1187,1361,1179,1426,1177,1493,1184,1556,1207,1618,1250,1668,1305,1703,1364,1732,1428,1749,1487,1746,1538,1721,1583,1686,1617,1640,1643,1590,1662,1537,1674,1485,1679,1433,1281,1304,1325,1279,1376,1278,1427,1289,1473,1309,1538,1325,1578,1323,1618,1327,1653,1339,1672,1370,1499,1359,1499,1392,1499,1424,1499,1460,1425,1502,1453,1511,1481,1521,1507,1520,1532,1518,1329,1343,1360,1329,1394,1336,1417,1365,1386,1362,1354,1355,1547,1388,1576,1369,1607,1373,1627,1397,1605,1400,1575,1396,1361,1589,1410,1569,1454,1562,1476,1573,1503,1570,1530,1587,1549,1617,1518,1626,1488,1630,1461,1628,1436,1622,1399,1608,1376,1589,1449,1589,1472,1595,1498,1596,1536,1612,1494,1600,1467,1598,1444,1592
2010,h,2,2,1176,1176,1711,1711,67.0,1189,1352,1179,1419,1177,1489,1184,1555,1207,1620,1249,1673,1302,1712,1359,1744,1423,1761,1484,1758,1536,1730,1583,1692,1619,1644,1644,1591,1665,1536,1677,1481,1682,1427,1284,1301,1328,1279,1378,1278,1427,1291,1473,1311,1536,1328,1576,1325,1615,1327,1651,1339,1671,1367,1496,1359,1495,1393,1495,1425,1495,1460,1423,1504,1450,1513,1478,1523,1504,1521,1528,1518,1326,1344,1358,1330,1391,1337,1414,1365,1384,1362,1352,1355,1546,1387,1575,1368,1606,1372,1626,1395,1603,1398,1574,1394,1357,1596,1402,1570,1448,1562,1472,1572,1498,1569,1528,1586,1546,1620,1517,1637,1485,1648,1457,1648,1430,1642,1391,1624,1372,1596,1443,1591,1468,1596,1494,1597,1532,1616,1490,1613,1463,1613,1438,1609
2011,h,2,2,1176,1176,1711,1711,67.03333333333333,1189,1352,1179,1419,1177,1489,1184,1555,1207,1620,1249,1673,1302,1712,1359,1744,1423,1761,1484,1758,1536,1730,1583,1692,1619,1644,1644,1591,1665,1536,1677,1481,1682,1427,1284,1301,1328,1279,1378,1278,1427,1291,1473,1311,1536,1328,1576,1325,1615,1327,1651,1339,1671,1367,1496,1359,1495,1393,1495,1425,1495,1460,1423,1504,1450,1513,1478,1523,1504,1521,1528,1518,1326,1344,1358,1330,1391,1337,1414,1365,1384,1362,1352,1355,1546,1387,1575,1368,1606,1372,1626,1395,1603,1398,1574,1394,1357,1596,1402,1570,1448,1562,1472,1572,1498,1569,1528,1586,1546,1620,1517,1637,1485,1648,1457,1648,1430,1642,1391,1624,1372,1596,1443,1591,1468,1596,1494,1597,1532,1616,1490,1613,1463,1613,1438,1609
2012,h,1,1,1176,1176,1711,1711,67.06666666666666,1186,1361,1178,1428,1178,1496,1186,1562,1210,1625,1254,1675,1307,1714,1363,1746,1426,1763,1484,1761,1534,1732,1578,1692,1614,1642,1640,1590,1662,1535,1675,1480,1680,1427,1283,1305,1325,1281,1376,1279,1427,1291,1473,1311,1533,1328,1574,1325,1614,1328,1650,1342,1668,1373,1496,1359,1496,1393,1496,1426,1496,1462,1421,1504,1450,1513,1478,1524,1505,1523,1530,1520,1326,1344,1357,1328,1391,1335,1414,1366,1384,1362,1351,1355,1546,1389,1575,1368,1606,1372,1626,1398,1604,1400,1574,1396,1353,1596,1399,1567,1446,1559,1471,1571,1501,1567,1532,1587,1547,1626,1520,1645,1488,1657,1456,1656,1427,1648,1387,1629,1370,1596,1441,1588,1468,1593,1497,1596,1533,1621,1493,1623,1463,1622,1435,1615
2013,h,1,1,1176,1176,1711,1711,67.1,1185,1359,1178,1427,1177,1496,1185,1562,1208,1625,1252,1676,1306,1712,1363,1743,1426,1760,1486,1757,1538,1728,1582,1689,1616,1640,1642,1587,1663,1533,1675,1479,1681,1427,1281,1307,1324,1282,1375,1279,1426,1291,1472,1310,1536,1326,1577,1324,1617,1327,1652,1341,1670,1372,1497,1360,1496,1394,1495,1426,1495,1461,1422,1503,1450,1512,1478,1522,1505,1521,1530,1519,1329,1344,1359,1328,1392,1333,1414,1365,1386,1361,1354,1354,1547,1387,1575,1367,1605,1371,1625,1396,1603,1398,1574,1394,1357,1592,1401,1566,1447,1559,1472,1570,1501,1567,1531,1585,1548,1622,1519,1639,1487,1648,1456,1646,1428,1639,1390,1621,1374,1592,1442,1587,1468,1593,1496,1595,1534,1617,1492,1616,1463,1614,1437,1607
2014,h,1,1,1176,1176,1711,1711,67.13333333333334,1191,1353,1182,1420,1179,1489,1186,1555,1210,1619,1255,1670,1310,1705,1367,1735,1430,1751,1488,1749,1538,1722,1584,1686,1619,1639,1644,1587,1665,1533,1678,1480,1683,1427,1282,1305,1325,1280,1376,1279,1426,1291,1473,1310,1535,1327,1578,1325,1619,1328,1655,1344,1673,1376,1498,1360,1496,1393,1495,1425,1494,1460,1421,1502,1450,1512,1478,1523,1506,1522,1531,1519,1328,1343,1359,1329,1393,1335,1415,1366,1386,1362,1353,1355,1548,1389,1577,1368,1607,1373,1628,1398,1605,1400,1576,1396,1360,1588,1405,1566,1449,1560,1473,1571,1502,1568,1531,1585,1551,1617,1520,1631,1489,1636,1459,1634,1432,1627,1395,1612,1376,1588,1444,1588,1470,1594,1498,1596,1537,1613,1495,1606,1465,1604,1440,1597
2015,h,1,1,1176,1176,1711,1711,67.16666666666667,1191,1353,1182,1420,1179,1489,1186,1555,1210,1619,1255,1670,1310,1705,1367,1735,1430,1751,1488,1749,1538,1722,1584,1686,1619,1639,1644,1587,1665,1533,1678,1480,1683,1427,1282,1305,1325,1280,1376,1279,1426,1291,1473,1310,1535,1327,1578,1325,1619,1328,1655,1344,1673,1376,1498,1360,1496,1393,1495,1425,1494,1460,1421,1502,1450,1512,1478,1523,1506,1522,1531,1519,1328,1343,1359,1329,1393,1335,1415,1366,1386,1362,1353,1355,1548,1389,1577,1368,1607,1373,1628,1398,1605,1400,1576,1396,1360,1588,1405,1566,1449,1560,1473,1571,1502,1568,1531,1585,1551,1617,1520,1631,1489,1636,1459,1634,1432,1627,1395,1612,1376,1588,1444,1588,1470,1594,1498,1596,1537,1613,1495,1606,1465,1604,1440,1597
2016,h,1,1,1176,1176,1711,1711,67.2,1191,1357,1183,1423,1181,1489,1186,1554,1210,1615,1254,1664,1311,1697,1367,1726,1428,1743,1485,1741,1535,1716,1581,1683,1616,1638,1641,1588,1661,1536,1673,1482,1679,1429,1283,1307,1326,1281,1378,1279,1429,1292,1475,1311,1535,1329,1576,1326,1617,1329,1653,1344,1671,1377,1499,1361,1498,1395,1497,1427,1497,1461,1422,1504,1451,1513,1479,1523,1506,1522,1531,1520,1330,1342,1361,1329,1393,1335,1416,1365,1387,1361,1355,1354,1547,1389,1576,1369,1606,1374,1626,1397,1603,1400,1574,1396,1362,1584,1407,1566,1451,1560,1474,1572,1501,1568,1529,1585,1547,1613,1517,1625,1488,1631,1459,1629,1433,1623,1397,1607,1377,1585,1446,1587,1470,1593,1497,1595,1534,1609,1493,1602,1465,1600,1441,1593
2017,h,1,1,1176,1176,1711,1711,67.23333333333333,1188,1356,1180,1423,1179,1491,1185,1556,1210,1618,1255,1668,1311,1703,1367,1732,1428,1750,1486,1748,1537,1722,1583,1685,1619,1638,1645,1585,1665,1531,1677,1477,1683,1424,1281,1305,1325,1281,1376,1280,1426,1293,1472,1311,1535,1327,1577,1326,1618,1329,1654,1342,1672,1374,1497,1361,1497,1394,1496,1427,1496,1462,1422,1503,1451,1513,1480,1524,1506,1522,1531,1520,1327,1344,1359,1330,1392,1336,1416,1366,1386,1363,1353,1356,1546,1389,1575,1370,1606,1375,1627,1399,1604,1402,1574,1397,1360,1586,1405,1565,1450,1560,1473,1571,1501,1568,1530,1584,1549,1617,1519,1630,1487,1636,1458,1634,1432,1627,1394,1611,1375,1587,1445,1587,1470,1593,1497,1595,1535,1612,1493,1606,1465,1604,1440,1598
2018,h,1,1,1176,1176,1711,1711,67.26666666666667,1186,1358,1178,1426,1177,1494,1185,1560,1208,1623,1252,1675,1307,1711,1364,1743,1426,1761,1485,1758,1536,1729,1584,1692,1620,1643,1645,1589,1665,1534,1676,1480,1681,1426,1282,1309,1324,1284,1375,1282,1427,1294,1473,1313,1536,1330,1577,1328,1617,1330,1653,1344,1672,1375,1498,1362,1496,1396,1495,1429,1495,1465,1422,1504,1450,1515,1478,1525,1506,1523,1531,1520,1329,1345,1360,1330,1393,1337,1416,1366,1386,1362,1354,1356,1547,1389,1575,1369,1605,1375,1626,1399,1604,1401,1574,1397,1358,1591,1402,1566,1448,1560,1473,1571,1501,1568,1530,1586,1549,1619,1519,1637,1487,1645,1457,1643,1429,1637,1391,1619,1374,1592,1443,1587,1469,1592,1497,1595,1535,1616,1492,1615,1463,1613,1437,1607
2019,h,1,1,1176,1176,1711,1711,67.3,1186,1358,1178,1426,1177,1494,1185,1560,1208,1623,1252,1675,1307,1711,1364,1743,1426,1761,1485,1758,1536,1729,1584,1692,1620,1643,1645,1589,1665,1534,1676,1480,1681,1426,1282,1309,1324,1284,1375,1282,1427,1294,1473,1313,1536,1330,1577,1328,1617,1330,1653,1344,1672,1375,1498,1362,1496,1396,1495,1429,1495,1465,1422,1504,1450,1515,1478,1525,1506,1523,1531,1520,1329,1345,1360,1330,1393,1337,1416,1366,1386,1362,1354,1356,1547,1389,1575,1369,1605,1375,1626,1399,1604,1401,1574,1397,1358,1591,1402,1566,1448,1560,1473,1571,1501,1568,1530,1586,1549,1619,1519,1637,1487,1645,1457,1643,1429,1637,1391,1619,1374,1592,1443,1587,1469,1592,1497,1595,1535,1616,1492,1615,1463,1613,1437,1607
2020,h,1,1,1176,1176,1711,1711,67.33333333333333,1190,1362,1181,1428,1180,1497,1186,1564,1209,1626,1254,1675,1310,1711,1366,1743,1427,1761,1484,1758,1534,1730,1580,1693,1615,1646,1641,1595,1662,1542,1674,1488,1680,1435,1283,1310,1326,1285,1377,1283,1428,1295,1474,1315,1536,1334,1577,1330,1617,1333,1654,1345,1673,1376,1498,1365,1497,1398,1496,1431,1495,1466,1421,1507,1450,1517,1478,1527,1505,1526,1530,1524,1329,1346,1360,1331,1394,1338,1416,1369,1386,1365,1354,1358,1547,1392,1576,1371,1607,1376,1627,1400,1605,1404,1575,1400,1358,1594,1402,1568,1448,1561,1473,1572,1502,1569,1532,1588,1550,1625,1520,1641,1487,1649,1457,1647,1428,1640,1390,1622,1373,1594,1443,1589,1469,1595,1497,1597,1536,1620,1493,1618,1463,1617,1437,1610
2021,h,1,1,1176,1176,1711,1711,67.36666666666666,1189,1361,1181,1428,1179,1495,1185,1561,1209,1624,1253,1675,1309,1712,1366,1745,1428,1763,1485,1760,1535,1730,1581,1693,1617,1645,1643,1591,1664,1537,1676,1483,1682,1429,1280,1313,1322,1287,1374,1285,1425,1297,1473,1316,1537,1334,1578,1330,1619,1333,1655,1346,1674,1377,1498,1366,1497,1399,1495,1432,1494,1468,1421,1507,1450,1518,1478,1528,1505,1527,1531,1525,1330,1348,1360,1333,1394,1339,1418,1368,1388,1365,1355,1359,1547,1392,1576,1372,1606,1377,1627,1401,1604,1404,1574,1399,1359,1592,1401,1568,1446,1562,1471,1574,1501,1571,1531,1589,1550,1624,1520,1642,1487,1649,1456,1647,1428,1639,1390,1621,1375,1593,1442,1589,1467,1596,1496,1598,1536,1620,1492,1618,1463,1616,1436,1609
2022,h,1,1,1176,1176,1711,1711,67.4,1189,1361,1181,1428,1179,1495,1185,1561,1209,1624,1253,1675,1309,1712,1366,1745,1428,1763,1485,1760,1535,1730,1581,1693,1617,1645,1643,1591,1664,1537,1676,1483,1682,1429,1280,1313,1322,1287,1374,1285,1425,1297,1473,1316,1537,1334,1578,1330,1619,1333,1655,1346,1674,1377,1498,1366,1497,1399,1495,1432,1494,1468,1421,1507,1450,1518,1478,1528,1505,1527,1531,1525,1330,1348,1360,1333,1394,1339,1418,1368,1388,1365,1355,1359,1547,1392,1576,1372,1606,1377,1627,1401,1604,1404,1574,1399,1359,1592,1401,1568,1446,1562,1471,1574,1501,1571,1531,1589,1550,1624,1520,1642,1487,1649,1456,1647,1428,1639,1390,1621,1375,1593,1442,1589,1467,1596,1496,1598,1536,1620,1492,1618,1463,1616,1436,1609
2023,h,1,1,1176,1176,1711,1711,67.43333333333334,1189,1355,1181,1423,1180,1492,1186,1559,1210,1621,1254,1672,1309,1711,1364,1744,1425,1763,1483,1760,1534,1730,1580,1692,1617,1644,1644,1591,1664,1537,1676,1481,1682,1427,1281,1312,1323,1286,1374,1283,1426,1297,1474,1316,1536,1331,1578,1330,1619,1332,1656,1346,1674,1379,1497,1365,1496,1400,1495,1434,1494,1471,1421,1508,1450,1519,1478,1530,1506,1528,1532,1524,1330,1347,1360,1333,1393,1339,1417,1368,1387,1365,1355,1358,1547,1391,1575,1372,1605,1377,1626,1401,1603,1404,1574,1399,1359,1592,1401,1569,1446,1563,1472,1575,1501,1572,1531,1589,1549,1623,1520,1641,1487,1649,1457,1647,1428,1640,1390,1621,1375,1593,1442,1590,1468,1596,1496,1598,1535,1619,1493,1617,1464,1615,1437,1609
2024,h,1,1,1176,1176,1711,1711,67.46666666666667,1187,1356,1180,1426,1180,1495,1188,1562,1214,1623,1259,1672,1314,1709,1367,1743,1426,1761,1482,1759,1531,1729,1577,1693,1616,1646,1644,1593,1665,1538,1676,1483,1681,1428,1281,1313,1323,1287,1374,1284,1426,1297,1473,1317,1537,1333,1579,1330,1620,1332,1657,1347,1675,1381,1498,1366,1497,1401,1496,1434,1495,1470,1422,1509,1450,1519,1478,1530,1506,1529,1531,1526,1330,1347,1361,1333,1394,1339,1417,1370,1387,1367,1355,1360,1547,1394,1575,1373,1606,1377,1627,1402,1605,1406,1575,1402,1358,1593,1401,1570,1447,1564,1473,1576,1502,1573,1532,1591,1550,1624,1520,1641,1488,1650,1457,1647,1428,1640,1390,1622,1373,1594,1442,1591,1469,1597,1497,1599,1535,1619,1493,1617,1464,1616,1437,1610
2025,h,1,1,1176,1176,1711,1711,67.5,1187,1361,1179,1428,1178,1496,1185,1562,1209,1625,1254,1677,1310,1714,1366,1746,1427,1765,1484,1761,1534,1732,1581,1695,1618,1646,1644,1592,1665,1538,1678,1482,1682,1428,1280,1314,1322,1288,1373,1284,1425,1296,1473,1314,1537,1330,1580,1329,1621,1332,1658,1346,1677,1377,1500,1366,1498,1400,1497,1434,1496,1470,1421,1509,1451,1520,1479,1531,1507,1529,1532,1526,1331,1349,1362,1334,1395,1339,1419,1369,1389,1366,1356,1360,1546,1393,1576,1372,1607,1377,1628,1402,1605,1405,1575,1400,1359,1593,1401,1569,1447,1564,1472,1575,1502,1573,1533,1590,1550,1624,1521,1640,1487,1649,1456,1646,1428,1639,1389,1620,1374,1594,1442,1590,1468,1596,1497,1598,1536,1620,1493,1617,1463,1616,1436,1609
2026,h,1,1,1176,1176,1711,1711,67.53333333333333,1187,1361,1179,1428,1178,1496,1185,1562,1209,1625,1254,1677,1310,1714,1366,1746,1427,1765,1484,1761,1534,1732,1581,1695,1618,1646,1644,1592,1665,1538,1678,1482,1682,1428,1280,1314,1322,1288,1373,1284,1425,1296,1473,1314,1537,1330,1580,1329,1621,1332,1658,1346,1677,1377,1500,1366,1498,1400,1497,1434,1496,1470,1421,1509,1451,1520,1479,1531,1507,1529,1532,1526,1331,1349,1362,1334,1395,1339,1419,1369,1389,1366,1356,1360,1546,1393,1576,1372,1607,1377,1628,1402,1605,1405,1575,1400,1359,1593,1401,1569,1447,1564,1472,1575,1502,1573,1533,1590,1550,1624,1521,1640,1487,1649,1456,1646,1428,1639,1389,1620,1374,1594,1442,1590,1468,1596,1497,1598,1536,1620,1493,1617,1463,1616,1436,1609
2027,h,1,1,1176,1176,1711,1711,67.56666666666666,1189,1362,1181,1428,1180,1497,1188,1563,1213,1624,1258,1673,1312,1710,1366,1743,1424,1762,1479,1761,1529,1732,1575,1696,1614,1650,1643,1599,1665,1544,1677,1487,1683,1432,1287,1309,1329,1287,1377,1286,1427,1298,1471,1316,1539,1333,1580,1333,1620,1336,1656,1350,1673,1381,1498,1368,1496,1402,1495,1435,1494,1471,1421,1510,1450,1520,1478,1531,1505,1529,1531,1528,1331,1348,1362,1334,1395,1341,1417,1371,1388,1367,1356,1360,1548,1395,1577,1375,1607,1380,1628,1405,1605,1407,1575,1403,1356,1595,1399,1570,1445,1564,1472,1575,1502,1572,1532,1590,1549,1624,1520,1641,1487,1649,1456,1648,1427,1640,1388,1622,1372,1596,1440,1591,1468,1597,1497,1599,1535,1620,1493,1618,1463,1616,1435,1610
2028,h,1,1,1176,1176,1711,1711,67.6,1191,1363,1184,1431,1182,1500,1189,1567,1214,1628,1259,1678,1313,1716,1366,1749,1426,1768,1483,1766,1532,1737,1579,1701,1616,1654,1644,1600,1665,1546,1677,1491,1683,1436,1284,1314,1325,1289,1375,1286,1426,1298,1473,1316,1539,1334,1581,1332,1621,1335,1658,1350,1676,1381,1498,1368,1497,1402,1496,1436,1495,1472,1422,1510,1451,1520,1478,1530,1505,1529,1531,1527,1331,1349,1362,1334,1395,1340,1418,1370,1388,1366,1356,1360,1548,1394,1576,1374,1607,1379,1628,1404,1604,1406,1575,1401,1357,1596,1400,1571,1446,1565,1472,1576,1502,1573,1532,1591,1551,1626,1521,1642,1488,1650,1457,1648,1428,1641,1389,1623,1372,1597,1441,1592,1468,1597,1497,1600,1537,1622,1494,1619,1464,1617,1436,1611
2029,h,1,1,1176,1176,1711,1711,67.63333333333334,1194,1365,1185,1433,1183,1502,1190,1569,1214,1632,1257,1682,1312,1718,1366,1750,1425,1768,1481,1766,1531,1736,1578,1699,1615,1653,1643,1600,1664,1545,1676,1490,1682,1436,1285,1313,1327,1289,1378,1287,1429,1299,1475,1318,1540,1335,1581,1334,1621,1337,1657,1351,1676,1382,1499,1370,1497,1404,1496,1437,1495,1473,1422,1512,1451,1522,1478,1533,1506,1532,1532,1530,1332,1349,1363,1335,1396,1341,1419,1372,1389,1368,1357,1361,1550,1395,1579,1376,1609,1381,1630,1405,1607,1408,1578,1403,1358,1597,1402,1572,1448,1566,1473,1577,1503,1575,1534,1593,1552,1628,1522,1643,1489,1651,1457,1649,1429,1642,1390,1625,1374,1597,1443,1593,1469,1599,1498,1601,1538,1623,1494,1621,1465,1619,1438,1614
2030,h,1,1,1176,1176,1711,1711,67.66666666666667,1194,1365,1185,1433,1183,1502,1190,1569,1214,1632,1257,1682,1312,1718,1366,1750,1425,1768,1481,1766,1531,1736,1578,1699,1615,1653,1643,1600,1664,1545,1676,1490,1682,1436,1285,1313,1327,1289,1378,1287,1429,1299,1475,1318,1540,1335,1581,1334,1621,1337,1657,1351,1676,1382,1499,1370,1497,1404,1496,1437,1495,1473,1422,1512,1451,1522,1478,1533,1506,1532,1532,1530,1332,1349,1363,1335,1396,1341,1419,1372,1389,1368,1357,1361,1550,1395,1579,1376,1609,1381,1630,1405,1607,1408,1578,1403,1358,1597,1402,1572,1448,1566,1473,1577,1503,1575,1534,1593,1552,1628,1522,1643,1489,1651,1457,1649,1429,1642,1390,1625,1374,1597,1443,1593,1469,1599,1498,1601,1538,1623,1494,1621,1465,1619,1438,1614
2031,h,1,1,1176,1176,1711,1711,67.7,1196,1361,1186,1429,1183,1498,1189,1566,1214,1628,1259,1678,1313,1716,1367,1750,1426,1768,1482,1765,1531,1735,1579,1697,1617,1649,1644,1596,1665,1542,1677,1487,1683,1432,1286,1320,1327,1293,1377,1289,1429,1301,1476,1319,1537,1335,1580,1333,1620,1336,1657,1351,1675,1383,1499,1370,1498,1404,1496,1438,1495,1474,1422,1512,1450,1522,1479,1533,1506,1531,1532,1529,1335,1354,1366,1342,1399,1347,1422,1375,1393,1372,1361,1366,1548,1397,1577,1381,1607,1386,1627,1409,1605,1411,1575,1406,1359,1595,1401,1572,1446,1566,1472,1578,1503,1575,1533,1593,1552,1627,1522,1644,1489,1652,1456,1650,1427,1643,1390,1625,1375,1596,1441,1592,1468,1598,1498,1600,1538,1623,1494,1622,1463,1620,1435,1613
2032,h,1,1,1176,1176,1711,1711,67.73333333333333,1195,1361,1185,1429,1183,1497,1190,1565,1215,1628,1261,1678,1316,1716,1369,1749,1429,1767,1485,1764,1533,1734,1580,1697,1617,1649,1645,1596,1666,1541,1677,1485,1681,1429,1289,1317,1330,1291,1379,1288,1429,1300,1474,1319,1538,1334,1579,1333,1619,1337,1653,1351,1671,1382,1499,1370,1498,1405,1497,1439,1497,1475,1423,1513,1452,1523,1480,1534,1508,1533,1533,1530,1334,1354,1365,1340,1399,1345,1421,1375,1392,1373,1360,1367,1547,1397,1577,1378,1607,1384,1628,1408,1605,1411,1575,1407,1359,1595,1403,1572,1448,1568,1474,1579,1503,1577,1533,1593,1551,1626,1521,1645,1488,1653,1457,1651,1428,1644,1391,1626,1375,1597,1443,1594,1470,1599,1498,1602,1537,1623,1494,1622,1464,1620,1437,1614
2033,h,1,1,1176,1176,1711,1711,67.76666666666667,1196,1366,1186,1432,1183,1500,1189,1566,1211,1630,1255,1680,1310,1717,1366,1748,1427,1766,1485,1764,1535,1735,1583,1699,1619,1650,1645,1596,1665,1543,1677,1487,1683,1433,1286,1317,1328,1291,1378,1287,1429,1300,1474,1319,1538,1334,1580,1332,1620,1335,1656,1351,1674,1384,1499,1369,1498,1404,1497,1437,1496,1474,1423,1513,1452,1523,1480,1534,1507,1533,1533,1531,1333,1354,1364,1342,1397,1347,1420,1374,1390,1371,1358,1364,1549,1396,1579,1380,1608,1386,1628,1408,1606,1409,1577,1405,1358,1597,1402,1573,1448,1567,1474,1578,1504,1576,1534,1594,1552,1628,1522,1644,1489,1652,1457,1649,1428,1642,1390,1625,1374,1598,1443,1593,1469,1599,1499,1602,1538,1623,1494,1621,1464,1619,1437,1613
2034,h,1,1,1176,1176,1711,1711,67.8,1196,1366,1186,1432,1183,1500,1189,1566,1211,1630,1255,1680,1310,1717,1366,1748,1427,1766,1485,1764,1535,1735,1583,1699,1619,1650,1645,1596,1665,1543,1677,1487,1683,1433,1286,1317,1328,1291,1378,1287,1429,1300,1474,1319,1538,1334,1580,1332,1620,1335,1656,1351,1674,1384,1499,1369,1498,1404,1497,1437,1496,1474,1423,1513,1452,1523,1480,1534,1507,1533,1533,1531,1333,1354,1364,1342,1397,1347,1420,1374,1390,1371,1358,1364,1549,1396,1579,1380,1608,1386,1628,1408,1606,1409,1577,1405,1358,1597,1402,1573,1448,1567,1474,1578,1504,1576,1534,1594,1552,1628,1522,1644,1489,1652,1457,1649,1428,1642,1390,1625,1374,1598,1443,1593,1469,1599,1499,1602,1538,1623,1494,1621,1464,1619,1437,1613
2035,h,1,1,1176,1176,1711,1711,67.83333333333333,1191,1361,1182,1428,1181,1498,1188,1565,1212,1629,1257,1679,1312,1717,1367,1751,1428,1770,1485,1768,1535,1739,1583,1702,1620,1653,1647,1598,1669,1543,1681,1487,1686,1432,1285,1314,1328,1289,1379,1288,1429,1301,1476,1320,1540,1336,1582,1335,1622,1337,1658,1350,1676,1382,1501,1370,1500,1405,1499,1438,1498,1474,1424,1512,1453,1523,1481,1534,1509,1532,1534,1530,1332,1353,1364,1341,1396,1347,1419,1373,1390,1369,1358,1363,1552,1395,1581,1380,1611,1386,1631,1407,1608,1408,1579,1403,1359,1597,1403,1571,1449,1565,1474,1576,1504,1574,1534,1592,1553,1627,1523,1644,1489,1652,1458,1649,1430,1642,1392,1624,1374,1598,1444,1593,1470,1599,1499,1601,1539,1623,1495,1620,1465,1618,1439,1612
2036,h,1,1,1176,1176,1711,1711,67.86666666666666,1196,1360,1186,1428,1184,1498,1192,1566,1217,1628,1263,1678,1318,1715,1374,1747,1435,1764,1491,1761,1540,1733,1585,1696,1620,1647,1646,1594,1667,1540,1679,1485,1684,1431,1288,1312,1330,1288,1381,1287,1431,1300,1475,1319,1540,1336,1581,1334,1621,1337,1657,1351,1676,1382,1502,1370,1500,1404,1500,1437,1499,1473,1425,1511,1454,1521,1482,1533,1509,1531,1535,1529,1333,1352,1365,1341,1396,1347,1419,1373,1390,1370,1359,1363,1552,1397,1581,1380,1610,1385,1631,1407,1608,1409,1580,1404,1360,1597,1403,1571,1449,1566,1475,1577,1505,1575,1535,1593,1553,1627,1524,1643,1492,1651,1460,1649,1431,1641,1393,1624,1375,1597,1444,1593,1471,1599,1501,1601,1539,1622,1497,1619,1467,1617,1439,1611
2037,h,1,1,1176,1176,1711,1711,67.9,1196,1360,1186,1428,1184,1498,1192,1566,1217,1628,1263,1678,1318,1715,1374,1747,1435,1764,1491,1761,1540,1733,1585,1696,1620,1647,1646,1594,1667,1540,1679,1485,1684,1431,1288,1312,1330,1288,1381,1287,1431,1300,1475,1319,1540,1336,1581,1334,1621,1337,1657,1351,1676,1382,1502,1370,1500,1404,1500,1437,1499,1473,1425,1511,1454,1521,1482,1533,1509,1531,1535,1529,1333,1352,1365,1341,1396,1347,1419,1373,1390,1370,1359,1363,1552,1397,1581,1380,1610,1385,1631,1407,1608,1409,1580,1404,1360,1597,1403,1571,1449,1566,1475,1577,1505,1575,1535,1593,1553,1627,1524,1643,1492,1651,1460,1649,1431,1641,1393,1624,1375,1597,1444,1593,1471,1599,1501,1601,1539,1622,1497,1619,1467,1617,1439,1611
2038,h,1,1,1176,1176,1711,1711,67.93333333333334,1195,1358,1185,1426,1184,1496,1190,1563,1216,1626,1262,1675,1316,1712,1370,1746,1430,1764,1487,1761,1535,1731,1581,1695,1619,1649,1646,1597,1667,1543,1679,1487,1685,1432,1284,1315,1326,1290,1377,1288,1429,1300,1475,1320,1538,1337,1581,1334,1622,1337,1660,1351,1679,1384,1500,1370,1499,1404,1498,1437,1497,1473,1422,1511,1451,1522,1480,1533,1508,1531,1534,1529,1331,1351,1362,1339,1395,1345,1419,1373,1389,1369,1357,1363,1550,1396,1580,1377,1610,1383,1631,1406,1608,1407,1579,1403,1360,1595,1403,1571,1449,1565,1475,1576,1505,1574,1535,1591,1553,1625,1524,1642,1491,1650,1459,1649,1430,1642,1392,1624,1375,1596,1444,1592,1471,1598,1500,1600,1539,1621,1496,1618,1466,1617,1438,1611
2039,h,1,1,1176,1176,1711,1711,67.96666666666667,1194,1361,1186,1429,1184,1498,1190,1565,1213,1629,1258,1680,1313,1718,1368,1751,1430,1769,1489,1767,1539,1738,1585,1701,1621,1653,1647,1599,1668,1544,1680,1488,1685,1432,1285,1314,1327,1290,1377,1287,1427,1299,1473,1318,1538,1333,1581,1332,1622,1334,1659,1348,1678,1380,1499,1369,1498,1403,1496,1436,1495,1472,1423,1512,1452,1522,1480,1533,1507,1532,1533,1530,1332,1352,1363,1339,1396,1344,1420,1373,1389,1369,1358,1362,1550,1395,1579,1376,1609,1381,1630,1405,1607,1406,1578,1402,1357,1596,1401,1571,1447,1565,1474,1577,1504,1574,1535,1591,1553,1626,1524,1642,1490,1650,1458,1649,1428,1641,1390,1624,1373,1597,1442,1591,1470,1598,1500,1599,1539,1622,1496,1619,1465,1617,1437,1611
2040,h,1,1,1176,1176,1711,1711,68.0,1197,1355,1187,1424,1183,1494,1190,1561,1214,1624,1260,1676,1314,1714,1368,1748,1429,1768,1486,1765,1537,1735,1583,1697,1620,1648,1648,1595,1668,1539,1679,1484,1683,1428,1290,1312,1332,1288,1381,1287,1430,1299,1474,1319,1538,1334,1578,1331,1618,1334,1654,1348,1671,1381,1500,1368,1499,1403,1498,1437,1497,1473,1423,1511,1452,1522,1480,1533,1508,1531,1534,1528,1334,1350,1365,1337,1398,1343,1421,1372,1391,1368,1359,1361,1549,1395,1578,1377,1607,1382,1629,1405,1605,1406,1576,1402,1361,1594,1404,1570,1448,1565,1474,1576,1503,1574,1532,1590,1551,1623,1520,1642,1489,1650,1459,1648,1431,1641,1393,1623,1377,1595,1444,1590,1470,1596,1498,1598,1537,1619,1495,1619,1466,1618,1439,1612
2041,h,1,1,1176,1176,1711,1711,68.03333333333333,1197,1355,1187,1424,1183,1494,1190,1561,1214,1624,1260,1676,1314,1714,1368,1748,1429,1768,1486,1765,1537,1735,1583,1697,1620,1648,1648,1595,1668,1539,1679,1484,1683,1428,1290,1312,1332,1288,1381,1287,1430,1299,1474,1319,1538,1334,1578,1331,1618,1334,1654,1348,1671,1381,1500,1368,1499,1403,1498,1437,1497,1473,1423,1511,1452,1522,1480,1533,1508,1531,1534,1528,1334,1350,1365,1337,1398,1343,1421,1372,1391,1368,1359,1361,1549,1395,1578,1377,1607,1382,1629,1405,1605,1406,1576,1402,1361,1594,1404,1570,1448,1565,1474,1576,1503,1574,1532,1590,1551,1623,1520,1642,1489,1650,1459,1648,1431,1641,1393,1623,1377,1595,1444,1590,1470,1596,1498,1598,1537,1619,1495,1619,1466,1618,1439,1612
2042,h,1,1,1176,1176,1711,1711,68.06666666666666,1193,1362,1184,1430,1183,1500,1192,1567,1220,1627,1267,1675,1320,1712,1373,1746,1432,1763,1489,1759,1537,1729,1582,1691,1620,1645,1648,1593,1667,1538,1678,1483,1682,1429,1286,1313,1329,1289,1379,1287,1429,1299,1474,1319,1536,1335,1578,1332,1618,1335,1654,1350,1671,1383,1499,1369,1498,1404,1497,1437,1497,1473,1421,1511,1450,1521,1479,1532,1507,1530,1533,1528,1332,1350,1364,1337,1396,1343,1418,1371,1390,1368,1358,1361,1548,1394,1576,1376,1606,1381,1627,1404,1604,1406,1575,1402,1361,1595,1403,1571,1448,1566,1472,1576,1502,1574,1533,1592,1551,1624,1522,1641,1488,1650,1457,1648,1430,1642,1393,1623,1376,1596,1443,1591,1469,1597,1498,1599,1537,1620,1494,1619,1464,1617,1438,1611
2043,h,1,1,1176,1176,1711,1711,68.1,1190,1365,1182,1433,1182,1502,1191,1569,1217,1629,1264,1676,1319,1712,1372,1745,1430,1763,1486,1760,1535,1732,1580,1696,1617,1649,1645,1598,1666,1543,1678,1488,1683,1433,1283,1317,1325,1291,1375,1288,1426,1300,1473,1320,1536,1336,1577,1332,1618,1335,1655,1349,1673,1382,1497,1371,1496,1405,1495,1438,1495,1474,1420,1512,1449,1522,1478,1533,1506,1532,1532,1529,1328,1353,1360,1339,1394,1345,1416,1374,1387,1371,1354,1364,1548,1396,1577,1377,1608,1382,1629,1406,1606,1408,1576,1404,1360,1595,1402,1571,1446,1566,1472,1577,1502,1574,1532,1592,1552,1625,1522,1643,1489,1651,1457,1649,1429,1642,1392,1624,1375,1596,1442,1592,1468,1598,1497,1601,1538,1621,1494,1620,1463,1618,1437,1611
2044,h,1,1,1176,1176,1711,1711,68.13333333333334,1190,1366,1181,1434,1180,1504,1188,1569,1213,1631,1258,1680,1314,1716,1368,1749,1429,1767,1487,1764,1536,1734,1582,1698,1617,1652,1644,1600,1663,1545,1674,1490,1679,1436,1283,1320,1326,1293,1378,1290,1430,1302,1477,1322,1535,1338,1576,1334,1617,1337,1654,1352,1671,1385,1500,1369,1498,1404,1497,1437,1496,1473,1420,1512,1449,1522,1478,1533,1506,1532,1532,1529,1330,1352,1361,1338,1395,1344,1416,1374,1387,1370,1355,1363,1548,1397,1577,1377,1607,1382,1627,1406,1605,1408,1576,1404,1357,1596,1401,1570,1446,1565,1471,1577,1502,1574,1533,1592,1553,1627,1522,1643,1488,1650,1456,1648,1428,1640,1390,1623,1373,1596,1441,1592,1467,1598,1497,1601,1538,1622,1494,1619,1463,1617,1436,1610
2045,h,1,1,1176,1176,1711,1711,68.16666666666667,1190,1366,1181,1434,1180,1504,1188,1569,1213,1631,1258,1680,1314,1716,1368,1749,1429,1767,1487,1764,1536,1734,1582,1698,1617,1652,1644,1600,1663,1545,1674,1490,1679,1436,1283,1320,1326,1293,1378,1290,1430,1302,1477,1322,1535,1338,1576,1334,1617,1337,1654,1352,1671,1385,1500,1369,1498,1404,1497,1437,1496,1473,1420,1512,1449,1522,1478,1533,1506,1532,1532,1529,1330,1352,1361,1338,1395,1344,1416,1374,1387,1370,1355,1363,1548,1397,1577,1377,1607,1382,1627,1406,1605,1408,1576,1404,1357,1596,1401,1570,1446,1565,1471,1577,1502,1574,1533,1592,1553,1627,1522,1643,1488,1650,1456,1648,1428,1640,1390,1623,1373,1596,1441,1592,1467,1598,1497,1601,1538,1622,1494,1619,1463,1617,1436,1610
2046,h,1,1,1176,1176,1711,1711,68.2,1191,1368,1183,1436,1184,1506,1192,1572,1218,1631,1265,1678,1319,1713,1372,1745,1430,1763,1486,1760,1534,1731,1579,1695,1616,1650,1643,1598,1663,1544,1676,1489,1681,1434,1283,1316,1326,1290,1377,1289,1428,1301,1473,1322,1537,1339,1577,1335,1618,1337,1654,1351,1672,1384,1499,1370,1498,1405,1498,1438,1497,1474,1421,1512,1451,1522,1480,1533,1507,1531,1532,1529,1328,1352,1360,1337,1394,1343,1417,1373,1387,1370,1354,1363,1548,1397,1577,1377,1608,1382,1629,1407,1606,1409,1576,1405,1358,1595,1403,1571,1447,1565,1472,1577,1502,1574,1532,1592,1552,1624,1522,1642,1489,1649,1457,1647,1429,1640,1392,1623,1374,1595,1443,1592,1469,1598,1498,1601,1538,1620,1494,1616,1464,1614,1437,1608
2047,h,1,1,1176,1176,1711,1711,68.23333333333333,1193,1364,1185,1432,1184,1500,1191,1566,1217,1627,1263,1675,1317,1711,1370,1742,1429,1761,1486,1759,1536,1731,1584,1695,1622,1650,1648,1598,1668,1543,1679,1488,1683,1432,1283,1316,1326,1291,1377,1288,1428,1301,1474,1320,1536,1337,1578,1334,1619,1336,1655,1351,1673,1384,1498,1369,1497,1404,1497,1437,1496,1473,1421,1511,1450,1521,1479,1532,1507,1531,1532,1528,1330,1352,1361,1337,1394,1343,1417,1372,1388,1369,1356,1362,1548,1395,1576,1375,1606,1380,1628,1404,1605,1406,1575,1402,1358,1594,1401,1570,1446,1565,1472,1576,1502,1574,1532,1592,1552,1624,1521,1640,1488,1647,1456,1645,1428,1638,1390,1620,1373,1595,1442,1591,1468,1597,1497,1600,1538,1619,1494,1616,1463,1614,1436,1608
2048,h,1,1,1176,1176,1711,1711,68.26666666666667,1190,1362,1181,1431,1180,1500,1189,1566,1214,1627,1260,1676,1314,1713,1368,1746,1429,1764,1486,1762,1536,1733,1582,1697,1619,1650,1646,1598,1666,1543,1677,1486,1681,1430,1282,1317,1324,1292,1375,1289,1427,1301,1474,1320,1535,1335,1577,1332,1618,1335,1654,1350,1673,1384,1498,1368,1497,1403,1496,1437,1495,1472,1419,1511,1449,1522,1479,1533,1507,1531,1533,1528,1330,1352,1361,1338,1394,1344,1417,1372,1388,1368,1356,1362,1547,1395,1576,1376,1606,1381,1627,1404,1604,1406,1575,1402,1357,1595,1401,1570,1445,1564,1471,1575,1502,1573,1533,1590,1553,1624,1523,1640,1489,1648,1456,1646,1427,1639,1390,1621,1373,1595,1441,1591,1468,1597,1498,1599,1539,1619,1494,1617,1463,1615,1435,1609
2049,h,1,1,1176,1176,1711,1711,68.3,1190,1362,1181,1431,1180,1500,1189,1566,1214,1627,1260,1676,1314,1713,1368,1746,1429,1764,1486,1762,1536,1733,1582,1697,1619,1650,1646,1598,1666,1543,1677,1486,1681,1430,1282,1317,1324,1292,1375,1289,1427,1301,1474,1320,1535,1335,1577,1332,1618,1335,1654,1350,1673,1384,1498,1368,1497,1403,1496,1437,1495,1472,1419,1511,1449,1522,1479,1533,1507,1531,1533,1528,1330,1352,1361,1338,1394,1344,1417,1372,1388,1368,1356,1362,1547,1395,1576,1376,1606,1381,1627,1404,1604,1406,1575,1402,1357,1595,1401,1570,1445,1564,1471,1575,1502,1573,1533,1590,1553,1624,1523,1640,1489,1648,1456,1646,1427,1639,1390,1621,1373,1595,1441,1591,1468,1597,1498,1599,1539,1619,1494,1617,1463,1615,1435,1609
2050,h,1,1,1176,1176,1711,1711,68.33333333333333,1190,1367,1182,1435,1181,1504,1189,1569,1213,1631,1259,1679,1315,1715,1371,1745,1432,1762,1489,1758,1539,1730,1585,1695,1620,1648,1646,1596,1666,1541,1677,1485,1682,1430,1279,1314,1323,1289,1375,1288,1427,1300,1473,1320,1535,1335,1577,1332,1618,1335,1654,1350,1673,1383,1498,1369,1496,1404,1496,1437,1495,1473,1420,1510,1450,1521,1479,1532,1507,1530,1532,1528,1328,1350,1359,1337,1392,1343,1415,1371,1386,1367,1354,1361,1547,1394,1576,1376,1606,1381,1627,1404,1604,1406,1575,1401,1357,1595,1401,1570,1446,1564,1472,1576,1502,1573,1533,1591,1553,1625,1522,1640,1489,1647,1457,1645,1428,1638,1390,1621,1373,1595,1442,1591,1468,1597,1498,1599,1537,1620,1494,1617,1463,1615,1436,1608
2051,h,1,1,1176,1176,1711,1711,68.36666666666666,1191,1362,1182,1431,1182,1500,1191,1566,1217,1626,1264,1673,1318,1709,1371,1740,1430,1759,1487,1756,1537,1729,1583,1694,1620,1649,1646,1597,1666,1542,1678,1486,1683,1430,1282,1313,1325,1288,1377,1287,1428,1300,1474,1320,1536,1336,1578,1333,1618,1335,1655,1349,1673,1382,1498,1368,1496,1403,1496,1436,1495,1471,1421,1511,1450,1521,1479,1532,1506,1530,1532,1528,1329,1349,1360,1336,1394,1342,1417,1373,1387,1368,1354,1361,1547,1396,1576,1375,1607,1380,1629,1404,1605,1407,1575,1403,1359,1595,1402,1570,1446,1564,1472,1576,1503,1572,1533,1590,1552,1624,1522,1639,1490,1647,1458,1645,1429,1638,1392,1620,1375,1595,1442,1590,1469,1596,1498,1598,1538,1619,1495,1616,1464,1614,1436,1608
2052,h,1,1,1176,1176,1711,1711,68.4,1191,1362,1182,1431,1182,1500,1191,1566,1217,1626,1264,1673,1318,1709,1371,1740,1430,1759,1487,1756,1537,1729,1583,1694,1620,1649,1646,1597,1666,1542,1678,1486,1683,1430,1282,1313,1325,1288,1377,1287,1428,1300,1474,1320,1536,1336,1578,1333,1618,1335,1655,1349,1673,1382,1498,1368,1496,1403,1496,1436,1495,1471,1421,1511,1450,1521,1479,1532,1506,1530,1532,1528,1329,1349,1360,1336,1394,1342,1417,1373,1387,1368,1354,1361,1547,1396,1576,1375,1607,1380,1629,1404,1605,1407,1575,1403,1359,1595,1402,1570,1446,1564,1472,1576,1503,1572,1533,1590,1552,1624,1522,1639,1490,1647,1458,1645,1429,1638,1392,1620,1375,1595,1442,1590,1469,1596,1498,1598,1538,1619,1495,1616,1464,1614,1436,1608
2053,h,1,1,1176,1176,1711,1711,68.43333333333334,1191,1361,1183,1431,1182,1501,1189,1568,1215,1629,1261,1677,1315,1713,1368,1745,1429,1762,1485,1759,1535,1731,1581,1696,1619,1651,1646,1599,1666,1545,1677,1489,1683,1433,1282,1318,1324,1291,1375,1289,1427,1301,1474,1320,1535,1336,1578,1333,1620,1336,1657,1352,1675,1384,1498,1369,1497,1404,1496,1437,1495,1473,1420,1511,1450,1522,1479,1533,1507,1531,1532,1529,1331,1350,1362,1336,1396,1343,1418,1373,1388,1368,1356,1361,1548,1396,1576,1375,1607,1381,1629,1404,1606,1406,1576,1403,1358,1595,1402,1571,1447,1565,1472,1576,1502,1573,1533,1591,1552,1624,1521,1640,1488,1648,1457,1647,1428,1640,1391,1623,1373,1596,1442,1591,1468,1597,1497,1599,1538,1620,1494,1617,1463,1616,1437,1610
2054,h,1,1,1176,1176,1711,1711,68.46666666666667,1191,1365,1184,1433,1184,1503,1191,1569,1218,1629,1264,1676,1319,1712,1372,1744,1432,1761,1488,1759,1537,1731,1583,1697,1619,1651,1645,1599,1664,1544,1676,1489,1680,1433,1283,1317,1325,1291,1377,1289,1428,1302,1473,1322,1537,1339,1578,1335,1619,1337,1656,1351,1674,1385,1499,1369,1498,1405,1497,1438,1497,1475,1421,1512,1451,1522,1480,1533,1507,1532,1533,1529,1328,1351,1360,1336,1394,1343,1416,1373,1387,1369,1354,1362,1549,1397,1578,1376,1608,1381,1629,1405,1607,1408,1577,1404,1358,1597,1402,1571,1446,1565,1472,1577,1503,1574,1534,1592,1553,1626,1523,1642,1490,1649,1458,1647,1429,1639,1392,1622,1373,1597,1442,1592,1469,1598,1499,1600,1539,1621,1495,1617,1464,1615,1437,1609
2055,h,1,1,1176,1176,1711,1711,68.5,1190,1368,1183,1436,1183,1505,1191,1571,1217,1631,1263,1679,1317,1716,1370,1748,1429,1767,1486,1764,1537,1735,1583,1698,1620,1651,1646,1599,1666,1544,1678,1488,1683,1433,1279,1320,1321,1291,1373,1288,1426,1299,1474,1319,1533,1333,1578,1331,1620,1336,1658,1352,1676,1387,1497,1368,1496,1403,1495,1437,1495,1474,1421,1512,1451,1523,1479,1534,1507,1532,1532,1529,1330,1352,1361,1336,1394,1342,1417,1372,1388,1368,1355,1362,1548,1395,1576,1375,1606,1380,1628,1405,1604,1407,1575,1402,1359,1596,1401,1571,1446,1565,1472,1576,1502,1574,1533,1591,1553,1625,1523,1641,1489,1649,1457,1647,1428,1640,1391,1622,1375,1597,1442,1591,1468,1597,1498,1599,1539,1620,1494,1617,1464,1615,1436,1609
2056,h,1,1,1176,1176,1711,1711,68.53333333333333,1190,1368,1183,1436,1183,1505,1191,1571,1217,1631,1263,1679,1317,1716,1370,1748,1429,1767,1486,1764,1537,1735,1583,1698,1620,1651,1646,1599,1666,1544,1678,1488,1683,1433,1279,1320,1321,1291,1373,1288,1426,1299,1474,1319,1533,1333,1578,1331,1620,1336,1658,1352,1676,1387,1497,1368,1496,1403,1495,1437,1495,1474,1421,1512,1451,1523,1479,1534,1507,1532,1532,1529,1330,1352,1361,1336,1394,1342,1417,1372,1388,1368,1355,1362,1548,1395,1576,1375,1606,1380,1628,1405,1604,1407,1575,1402,1359,1596,1401,1571,1446,1565,1472,1576,1502,1574,1533,1591,1553,1625,1523,1641,1489,1649,1457,1647,1428,1640,1391,1622,1375,1597,1442,1591,1468,1597,1498,1599,1539,1620,1494,1617,1464,1615,1436,1609
2057,h,1,1,1176,1176,1711,1711,68.56666666666666,1195,1365,1186,1433,1186,1501,1194,1567,1220,1626,1265,1674,1319,1710,1372,1742,1431,1761,1487,1758,1536,1730,1581,1694,1619,1649,1646,1597,1666,1543,1678,1487,1683,1432,1283,1319,1325,1292,1376,1290,1427,1302,1474,1321,1537,1337,1579,1334,1619,1337,1655,1352,1674,1384,1499,1369,1498,1405,1498,1439,1497,1475,1422,1512,1451,1522,1480,1533,1507,1532,1533,1529,1331,1352,1362,1337,1396,1343,1417,1373,1389,1369,1356,1362,1549,1396,1577,1375,1607,1380,1628,1405,1605,1407,1576,1403,1362,1594,1404,1570,1449,1565,1473,1576,1503,1574,1533,1591,1552,1623,1522,1641,1489,1649,1458,1647,1430,1640,1394,1621,1376,1595,1444,1591,1469,1597,1498,1599,1538,1619,1495,1617,1465,1615,1439,1608
2058,h,1,1,1176,1176,1711,1711,68.6,1191,1370,1184,1439,1184,1507,1193,1572,1219,1630,1264,1677,1318,1713,1371,1744,1430,1761,1486,1759,1537,1732,1583,1697,1620,1652,1647,1601,1666,1546,1677,1491,1682,1438,1282,1318,1325,1291,1377,1289,1428,1301,1475,1321,1536,1336,1578,1333,1619,1335,1656,1351,1674,1384,1499,1370,1498,1406,1498,1439,1498,1476,1421,1512,1451,1522,1480,1534,1508,1532,1535,1529,1329,1353,1361,1337,1393,1343,1415,1373,1387,1369,1355,1362,1549,1396,1578,1376,1608,1381,1629,1406,1606,1407,1576,1403,1359,1596,1402,1571,1446,1565,1472,1576,1503,1573,1534,1592,1552,1625,1522,1642,1489,1650,1457,1648,1428,1641,1391,1622,1374,1596,1442,1591,1469,1597,1498,1600,1538,1621,1494,1617,1463,1616,1436,1609
2059,h,1,1,1176,1176,1711,1711,68.63333333333334,1190,1363,1182,1431,1180,1500,1188,1567,1213,1629,1258,1679,1314,1715,1369,1748,1429,1766,1486,1763,1536,1735,1583,1698,1621,1651,1648,1599,1668,1544,1680,1489,1684,1435,1284,1316,1326,1291,1377,1289,1427,1302,1473,1322,1539,1339,1581,1334,1622,1336,1659,1352,1677,1384,1499,1370,1497,1405,1497,1439,1496,1476,1420,1513,1450,1524,1478,1534,1507,1533,1533,1530,1329,1351,1360,1337,1393,1343,1416,1373,1387,1369,1354,1362,1549,1396,1578,1376,1608,1381,1629,1405,1606,1407,1577,1403,1359,1597,1401,1571,1445,1565,1471,1576,1502,1574,1533,1592,1552,1627,1522,1643,1488,1651,1456,1649,1427,1642,1390,1624,1375,1597,1440,1593,1467,1599,1497,1601,1538,1622,1494,1619,1463,1617,1436,1611
2060,h,1,1,1176,1176,1711,1711,68.66666666666667,1190,1363,1182,1431,1180,1500,1188,1567,1213,1629,1258,1679,1314,1715,1369,1748,1429,1766,1486,1763,1536,1735,1583,1698,1621,1651,1648,1599,1668,1544,1680,1489,1684,1435,1284,1316,1326,1291,1377,1289,1427,1302,1473,1322,1539,1339,1581,1334,1622,1336,1659,1352,1677,1384,1499,1370,1497,1405,1497,1439,1496,1476,1420,1513,1450,1524,1478,1534,1507,1533,1533,1530,1329,1351,1360,1337,1393,1343,1416,1373,1387,1369,1354,1362,1549,1396,1578,1376,1608,1381,1629,1405,1606,1407,1577,1403,1359,1597,1401,1571,1445,1565,1471,1576,1502,1574,1533,1592,1552,1627,1522,1643,1488,1651,1456,1649,1427,1642,1390,1624,1375,1597,1440,1593,1467,1599,1497,1601,1538,1622,1494,1619,1463,1617,1436,1611
2061,h,1,1,1176,1176,1711,1711,68.7,1199,1360,1190,1429,1187,1498,1195,1566,1221,1626,1267,1675,1321,1712,1375,1744,1433,1762,1489,1758,1537,1730,1582,1694,1620,1648,1646,1596,1666,1542,1678,1486,1683,1432,1287,1315,1330,1290,1380,1289,1431,1303,1475,1323,1539,1339,1580,1335,1620,1337,1657,1351,1675,1383,1502,1372,1500,1408,1499,1441,1499,1477,1422,1514,1452,1524,1480,1535,1508,1534,1534,1531,1333,1350,1364,1338,1397,1344,1419,1373,1390,1369,1358,1362,1550,1396,1579,1377,1609,1382,1630,1405,1607,1408,1578,1404,1361,1597,1403,1572,1448,1567,1473,1579,1503,1576,1534,1594,1553,1625,1524,1644,1490,1651,1459,1649,1431,1642,1393,1625,1376,1598,1443,1593,1469,1600,1498,1602,1538,1621,1495,1619,1465,1618,1439,1612
2062,h,1,1,1176,1176,1711,1711,68.73333333333333,1196,1361,1187,1430,1186,1499,1194,1567,1221,1628,1267,1677,1321,1713,1375,1745,1432,1762,1486,1760,1535,1733,1581,1698,1619,1652,1646,1600,1666,1545,1678,1490,1684,1435,1285,1319,1327,1293,1379,1290,1430,1303,1475,1324,1539,1340,1580,1335,1621,1337,1659,1352,1677,1384,1500,1372,1499,1407,1498,1441,1498,1477,1422,1513,1451,1523,1479,1534,1508,1533,1534,1530,1333,1352,1363,1338,1396,1344,1418,1374,1389,1369,1358,1362,1550,1397,1578,1376,1608,1381,1629,1405,1606,1407,1577,1403,1361,1596,1402,1572,1446,1567,1472,1578,1503,1576,1533,1593,1552,1625,1523,1643,1489,1650,1457,1648,1428,1641,1392,1624,1376,1596,1441,1591,1468,1597,1498,1600,1538,1621,1495,1620,1464,1618,1436,1612
2063,h,1,1,1176,1176,1711,1711,68.76666666666667,1197,1361,1189,1430,1187,1498,1194,1564,1220,1625,1264,1674,1318,1710,1371,1741,1429,1759,1484,1756,1535,1728,1582,1694,1619,1649,1647,1597,1667,1543,1679,1488,1685,1433,1288,1315,1330,1290,1380,1289,1430,1302,1474,1322,1541,1338,1581,1334,1620,1336,1657,1350,1676,1380,1501,1371,1499,1406,1498,1440,1497,1477,1422,1513,1451,1524,1480,1536,1508,1533,1533,1530,1334,1351,1364,1338,1397,1344,1419,1373,1390,1369,1359,1362,1550,1396,1578,1376,1609,1381,1630,1405,1607,1407,1577,1403,1361,1596,1402,1572,1446,1567,1472,1578,1503,1576,1533,1593,1551,1625,1523,1644,1489,1652,1457,1650,1428,1643,1391,1625,1376,1597,1441,1593,1468,1599,1498,1601,1537,1622,1495,1621,1464,1619,1436,1613
2064,h,1,1,1176,1176,1711,1711,68.8,1197,1361,1189,1430,1187,1498,1194,1564,1220,1625,1264,1674,1318,1710,1371,1741,1429,1759,1484,1756,1535,1728,1582,1694,1619,1649,1647,1597,1667,1543,1679,1488,1685,1433,1288,1315,1330,1290,1380,1289,1430,1302,1474,1322,1541,1338,1581,1334,1620,1336,1657,1350,1676,1380,1501,1371,1499,1406,1498,1440,1497,1477,1422,1513,1451,1524,1480,1536,1508,1533,1533,1530,1334,1351,1364,1338,1397,1344,1419,1373,1390,1369,1359,1362,1550,1396,1578,1376,1609,1381,1630,1405,1607,1407,1577,1403,1361,1596,1402,1572,1446,1567,1472,1578,1503,1576,1533,1593,1551,1625,1523,1644,1489,1652,1457,1650,1428,1643,1391,1625,1376,1597,1441,1593,1468,1599,1498,1601,1537,1622,1495,1621,1464,1619,1436,1613
2065,h,1,1,1176,1176,1711,1711,68.83333333333333,1193,1361,1185,1431,1184,1501,1192,1569,1218,1631,1263,1680,1318,1717,1373,1749,1432,1766,1489,1763,1538,1734,1583,1698,1620,1651,1647,1599,1667,1544,1678,1489,1684,1434,1284,1318,1326,1292,1377,1290,1428,1302,1473,1322,1540,1337,1582,1334,1622,1336,1659,1350,1677,1382,1500,1369,1499,1405,1498,1440,1498,1477,1423,1513,1452,1524,1481,1535,1508,1533,1534,1531,1332,1353,1363,1339,1396,1344,1419,1373,1390,1369,1358,1363,1549,1396,1578,1377,1609,1382,1630,1406,1607,1408,1577,1404,1360,1597,1403,1573,1449,1568,1474,1579,1504,1576,1535,1594,1553,1627,1524,1645,1491,1653,1459,1651,1431,1644,1392,1626,1375,1599,1444,1593,1471,1599,1500,1602,1538,1623,1496,1621,1466,1619,1439,1613
2066,h,1,1,1176,1176,1711,1711,68.86666666666666,1194,1362,1186,1432,1185,1501,1192,1567,1217,1629,1263,1677,1316,1713,1369,1745,1428,1762,1484,1760,1534,1733,1582,1699,1620,1652,1646,1599,1667,1545,1680,1489,1688,1433,1282,1319,1324,1292,1376,1289,1427,1301,1474,1321,1538,1338,1580,1335,1622,1337,1659,1352,1678,1385,1498,1370,1496,1405,1495,1439,1494,1476,1421,1513,1450,1523,1478,1534,1506,1532,1532,1530,1330,1353,1361,1338,1395,1343,1419,1374,1388,1370,1355,1363,1548,1397,1577,1376,1608,1381,1630,1406,1606,1408,1576,1403,1360,1597,1401,1572,1445,1567,1471,1578,1501,1575,1533,1593,1552,1628,1522,1643,1488,1651,1456,1649,1427,1641,1390,1623,1375,1597,1440,1593,1468,1599,1497,1601,1538,1623,1493,1620,1463,1618,1435,1612
2067,h,1,1,1176,1176,1711,1711,68.9,1194,1362,1186,1432,1185,1501,1192,1567,1217,1629,1263,1677,1316,1713,1369,1745,1428,1762,1484,1760,1534,1733,1582,1699,1620,1652,1646,1599,1667,1545,1680,1489,1688,1433,1282,1319,1324,1292,1376,1289,1427,1301,1474,1321,1538,1338,1580,1335,1622,1337,1659,1352,1678,1385,1498,1370,1496,1405,1495,1439,1494,1476,1421,1513,1450,1523,1478,1534,1506,1532,1532,1530,1330,1353,1361,1338,1395,1343,1419,1374,1388,1370,1355,1363,1548,1397,1577,1376,1608,1381,1630,1406,1606,1408,1576,1403,1360,1597,1401,1572,1445,1567,1471,1578,1501,1575,1533,1593,1552,1628,1522,1643,1488,1651,1456,1649,1427,1641,1390,1623,1375,1597,1440,1593,1468,1599,1497,1601,1538,1623,1493,1620,1463,1618,1435,1612
2068,h,1,1,1176,1176,1711,1711,68.93333333333334,1191,1363,1184,1432,1183,1502,1191,1569,1214,1632,1259,1682,1314,1718,1369,1748,1430,1765,1485,1761,1535,1734,1581,1698,1617,1652,1643,1600,1663,1545,1675,1490,1681,1435,1282,1318,1325,1292,1376,1290,1427,1302,1474,1323,1539,1338,1581,1335,1622,1337,1658,1351,1676,1383,1500,1371,1499,1406,1498,1441,1497,1478,1421,1513,1451,1523,1479,1534,1507,1533,1533,1530,1329,1352,1361,1339,1394,1344,1416,1374,1387,1370,1355,1363,1550,1397,1578,1377,1609,1382,1629,1406,1607,1409,1577,1405,1358,1597,1401,1571,1446,1566,1472,1577,1502,1575,1533,1593,1552,1626,1522,1643,1488,1650,1457,1648,1427,1641,1390,1623,1374,1597,1441,1592,1468,1599,1498,1601,1538,1622,1494,1621,1463,1618,1436,1612
2069,h,1,1,1176,1176,1711,1711,68.96666666666667,1190,1364,1182,1434,1181,1504,1188,1571,1213,1631,1258,1679,1314,1714,1368,1744,1427,1761,1483,1759,1533,1733,1580,1697,1617,1652,1644,1600,1665,1545,1677,1488,1682,1432,1284,1315,1327,1290,1378,1288,1430,1300,1476,1320,1539,1335,1581,1333,1622,1336,1658,1351,1676,1383,1500,1370,1498,1405,1498,1439,1497,1476,1420,1512,1450,1522,1478,1533,1506,1532,1533,1530,1330,1350,1362,1336,1395,1342,1417,1372,1388,1367,1356,1361,1548,1395,1578,1375,1608,1381,1629,1405,1605,1407,1576,1402,1359,1595,1401,1570,1445,1565,1471,1576,1502,1573,1532,1592,1551,1625,1521,1642,1487,1649,1456,1647,1427,1640,1389,1622,1374,1596,1441,1590,1467,1597,1497,1599,1537,1621,1493,1618,1463,1616,1435,1610
2070,h,1,1,1176,1176,1711,1711,69.0,1190,1361,1182,1431,1181,1500,1189,1568,1215,1629,1261,1678,1316,1716,1371,1747,1428,1764,1483,1762,1533,1734,1579,1698,1617,1651,1644,1599,1664,1545,1676,1488,1682,1432,1281,1317,1324,1291,1376,1288,1427,1299,1474,1318,1538,1333,1581,1331,1622,1335,1658,1351,1675,1385,1499,1368,1498,1404,1497,1438,1496,1474,1419,1511,1449,1522,1478,1533,1507,1532,1533,1529,1328,1351,1359,1337,1393,1342,1415,1372,1386,1367,1354,1361,1548,1395,1577,1375,1608,1380,1629,1405,1606,1406,1576,1402,1356,1596,1398,1570,1444,1564,1471,1576,1502,1573,1533,1592,1553,1627,1522,1642,1488,1650,1455,1647,1426,1639,1388,1621,1371,1596,1439,1590,1467,1597,1497,1599,1539,1622,1494,1619,1462,1617,1434,1610
2071,h,1,1,1176,1176,1711,1711,69.03333333333333,1190,1361,1182,1431,1181,1500,1189,1568,1215,1629,1261,1678,1316,1716,1371,1747,1428,1764,1483,1762,1533,1734,1579,1698,1617,1651,1644,1599,1664,1545,1676,1488,1682,1432,1281,1317,1324,1291,1376,1288,1427,1299,1474,1318,1538,1333,1581,1331,1622,1335,1658,1351,1675,1385,1499,1368,1498,1404,1497,1438,1496,1474,1419,1511,1449,1522,1478,1533,1507,1532,1533,1529,1328,1351,1359,1337,1393,1342,1415,1372,1386,1367,1354,1361,1548,1395,1577,1375,1608,1380,1629,1405,1606,1406,1576,1402,1356,1596,1398,1570,1444,1564,1471,1576,1502,1573,1533,1592,1553,1627,1522,1642,1488,1650,1455,1647,1426,1639,1388,1621,1371,1596,1439,1590,1467,1597,1497,1599,1539,1622,1494,1619,1462,1617,1434,1610
2072,h,1,1,1176,1176,1711,1711,69.06666666666666,1191,1361,1184,1429,1183,1497,1190,1564,1214,1624,1260,1672,1314,1707,1368,1739,1429,1757,1485,1754,1536,1726,1583,1692,1619,1647,1646,1596,1666,1542,1678,1487,1684,1433,1282,1314,1325,1288,1376,1287,1426,1300,1472,1319,1534,1335,1577,1332,1618,1335,1656,1350,1675,1382,1496,1370,1495,1405,1494,1437,1494,1473,1418,1511,1447,1522,1476,1532,1504,1531,1531,1529,1327,1350,1358,1335,1392,1341,1415,1373,1385,1368,1352,1361,1546,1396,1575,1374,1607,1380,1629,1405,1605,1407,1574,1403,1356,1593,1401,1569,1445,1564,1470,1576,1499,1573,1531,1590,1551,1623,1520,1640,1486,1648,1455,1645,1427,1638,1390,1621,1372,1593,1440,1590,1466,1596,1494,1598,1536,1618,1491,1617,1461,1615,1435,1609
2073,h,1,1,1176,1176,1711,1711,69.1,1188,1363,1180,1430,1179,1499,1187,1564,1211,1625,1257,1674,1311,1710,1366,1741,1426,1759,1483,1757,1534,1731,1581,1696,1617,1651,1644,1599,1665,1545,1677,1490,1682,1435,1281,1312,1325,1288,1376,1288,1426,1301,1471,1321,1535,1337,1577,1334,1618,1337,1655,1350,1674,1382,1496,1370,1495,1404,1494,1437,1493,1472,1418,1511,1447,1522,1476,1533,1504,1532,1531,1530,1327,1350,1358,1335,1392,1341,1415,1372,1385,1368,1352,1361,1547,1396,1576,1375,1607,1380,1629,1405,1605,1407,1575,1403,1356,1595,1400,1570,1445,1565,1471,1576,1500,1573,1531,1591,1551,1625,1520,1642,1486,1649,1455,1646,1427,1639,1389,1622,1372,1595,1441,1591,1467,1597,1495,1599,1536,1620,1492,1617,1462,1616,1436,1609
2074,h,1,1,1176,1176,1711,1711,69.13333333333334,1191,1359,1184,1429,1182,1498,1188,1564,1211,1626,1255,1675,1309,1711,1364,1742,1424,1760,1482,1758,1534,1730,1581,1695,1618,1649,1645,1596,1666,1542,1678,1486,1684,1431,1283,1313,1325,1288,1375,1287,1426,1299,1472,1318,1536,1333,1578,1332,1618,1333,1655,1346,1674,1378,1497,1369,1495,1403,1494,1437,1493,1472,1419,1510,1448,1521,1476,1532,1504,1530,1531,1527,1328,1351,1359,1336,1393,1341,1415,1372,1386,1368,1353,1361,1547,1394,1575,1373,1606,1378,1627,1403,1604,1405,1575,1401,1357,1594,1400,1570,1445,1564,1470,1575,1500,1572,1531,1590,1550,1623,1520,1641,1486,1649,1454,1647,1426,1640,1389,1622,1373,1595,1440,1590,1466,1596,1495,1598,1536,1619,1491,1618,1461,1616,1435,1610
2075,h,1,1,1176,1176,1711,1711,69.16666666666667,1191,1359,1184,1429,1182,1498,1188,1564,1211,1626,1255,1675,1309,1711,1364,1742,1424,1760,1482,1758,1534,1730,1581,1695,1618,1649,1645,1596,1666,1542,1678,1486,1684,1431,1283,1313,1325,1288,1375,1287,1426,1299,1472,1318,1536,1333,1578,1332,1618,1333,1655,1346,1674,1378,1497,1369,1495,1403,1494,1437,1493,1472,1419,1510,1448,1521,1476,1532,1504,1530,1531,1527,1328,1351,1359,1336,1393,1341,1415,1372,1386,1368,1353,1361,1547,1394,1575,1373,1606,1378,1627,1403,1604,1405,1575,1401,1357,1594,1400,1570,1445,1564,1470,1575,1500,1572,1531,1590,1550,1623,1520,1641,1486,1649,1454,1647,1426,1640,1389,1622,1373,1595,1440,1590,1466,1596,1495,1598,1536,1619,1491,1618,1461,1616,1435,1610
2076,h,1,1,1176,1176,1711,1711,69.2,1190,1365,1181,1433,1180,1501,1187,1567,1211,1628,1256,1677,1311,1713,1366,1744,1426,1761,1483,1759,1533,1731,1579,1697,1616,1651,1644,1599,1664,1545,1675,1490,1680,1437,1281,1314,1324,1289,1375,1288,1426,1301,1472,1320,1535,1336,1577,1334,1617,1337,1654,1350,1672,1382,1497,1371,1495,1405,1495,1438,1494,1474,1420,1512,1448,1522,1477,1532,1504,1531,1531,1529,1327,1350,1359,1335,1392,1341,1415,1374,1385,1369,1352,1362,1547,1397,1575,1375,1606,1379,1627,1405,1605,1407,1575,1403,1356,1596,1400,1571,1446,1565,1471,1576,1500,1573,1532,1591,1550,1626,1521,1643,1486,1651,1455,1649,1427,1642,1389,1624,1371,1597,1441,1592,1467,1598,1496,1600,1536,1621,1492,1620,1462,1618,1436,1612
2077,h,1,1,1176,1176,1711,1711,69.23333333333333,1190,1363,1181,1432,1179,1501,1186,1567,1211,1629,1255,1679,1309,1715,1364,1747,1424,1765,1481,1764,1532,1736,1579,1701,1616,1654,1643,1602,1664,1548,1676,1493,1682,1438,1282,1316,1324,1291,1375,1289,1427,1302,1473,1322,1536,1339,1578,1336,1619,1339,1656,1352,1674,1385,1496,1370,1495,1405,1494,1438,1493,1473,1419,1512,1447,1522,1476,1532,1503,1532,1530,1530,1328,1350,1359,1335,1393,1341,1415,1372,1385,1368,1353,1361,1547,1396,1575,1375,1606,1380,1627,1404,1604,1406,1574,1402,1355,1596,1399,1571,1444,1565,1470,1576,1500,1573,1531,1591,1549,1627,1520,1643,1486,1652,1454,1649,1425,1642,1388,1624,1371,1597,1439,1591,1466,1597,1495,1599,1535,1622,1492,1620,1461,1618,1434,1612
2078,h,1,1,1176,1176,1711,1711,69.26666666666667,1190,1365,1182,1433,1180,1502,1187,1569,1210,1631,1255,1680,1310,1716,1365,1747,1425,1765,1484,1762,1534,1734,1582,1698,1618,1651,1644,1597,1664,1543,1675,1489,1680,1436,1282,1315,1324,1289,1375,1288,1426,1301,1472,1321,1535,1338,1576,1335,1617,1337,1655,1350,1674,1382,1496,1370,1495,1405,1494,1438,1493,1473,1420,1512,1448,1522,1476,1532,1504,1531,1530,1529,1328,1350,1359,1334,1393,1340,1416,1372,1386,1368,1353,1361,1547,1395,1576,1373,1607,1378,1628,1404,1605,1406,1575,1402,1356,1597,1399,1571,1445,1565,1470,1576,1500,1573,1531,1591,1549,1626,1520,1644,1486,1651,1455,1648,1427,1641,1388,1623,1372,1597,1440,1591,1466,1597,1495,1600,1535,1621,1492,1621,1462,1619,1435,1612
2079,h,1,1,1176,1176,1711,1711,69.3,1190,1365,1182,1433,1180,1502,1187,1569,1210,1631,1255,1680,1310,1716,1365,1747,1425,1765,1484,1762,1534,1734,1582,1698,1618,1651,1644,1597,1664,1543,1675,1489,1680,1436,1282,1315,1324,1289,1375,1288,1426,1301,1472,1321,1535,1338,1576,1335,1617,1337,1655,1350,1674,1382,1496,1370,1495,1405,1494,1438,1493,1473,1420,1512,1448,1522,1476,1532,1504,1531,1530,1529,1328,1350,1359,1334,1393,1340,1416,1372,1386,1368,1353,1361,1547,1395,1576,1373,1607,1378,1628,1404,1605,1406,1575,1402,1356,1597,1399,1571,1445,1565,1470,1576,1500,1573,1531,1591,1549,1626,1520,1644,1486,1651,1455,1648,1427,1641,1388,1623,1372,1597,1440,1591,1466,1597,1495,1600,1535,1621,1492,1621,1462,1619,1435,1612
2080,h,1,1,1176,1176,1711,1711,69.33333333333333,1190,1366,1182,1434,1180,1502,1187,1568,1213,1628,1259,1676,1314,1712,1370,1743,1430,1761,1486,1758,1536,1729,1581,1693,1618,1647,1645,1596,1666,1542,1677,1487,1681,1434,1283,1315,1324,1290,1375,1288,1426,1301,1473,1322,1535,1338,1577,1334,1618,1336,1656,1350,1674,1382,1498,1371,1497,1406,1496,1438,1495,1474,1420,1512,1449,1522,1478,1533,1505,1532,1531,1529,1328,1350,1359,1336,1393,1342,1416,1373,1386,1368,1354,1361,1547,1396,1576,1375,1607,1380,1628,1404,1605,1406,1575,1402,1357,1594,1400,1570,1445,1565,1471,1577,1501,1573,1532,1591,1551,1624,1520,1641,1487,1650,1455,1648,1427,1640,1389,1621,1373,1595,1441,1592,1467,1598,1496,1600,1536,1620,1493,1619,1462,1617,1435,1611
2081,h,1,1,1176,1176,1711,1711,69.36666666666666,1191,1361,1182,1429,1180,1497,1188,1564,1212,1625,1258,1674,1313,1711,1368,1744,1428,1762,1485,1760,1534,1731,1580,1696,1617,1650,1645,1598,1665,1544,1677,1488,1681,1434,1285,1314,1327,1289,1377,1287,1427,1299,1473,1319,1535,1334,1577,1332,1618,1334,1655,1349,1674,1382,1497,1370,1496,1405,1496,1438,1495,1474,1419,1512,1449,1522,1477,1533,1505,1532,1532,1529,1331,1349,1361,1335,1394,1342,1416,1372,1387,1368,1355,1361,1547,1395,1576,1374,1607,1379,1628,1404,1605,1406,1575,1402,1356,1595,1399,1570,1444,1564,1470,1575,1500,1572,1532,1590,1550,1624,1521,1642,1487,1650,1456,1648,1427,1641,1389,1623,1371,1596,1440,1590,1467,1596,1496,1598,1536,1619,1493,1618,1462,1617,1435,1611
2082,h,1,1,1176,1176,1711,1711,69.4,1191,1361,1182,1429,1180,1497,1188,1564,1212,1625,1258,1674,1313,1711,1368,1744,1428,1762,1485,1760,1534,1731,1580,1696,1617,1650,1645,1598,1665,1544,1677,1488,1681,1434,1285,1314,1327,1289,1377,1287,1427,1299,1473,1319,1535,1334,1577,1332,1618,1334,1655,1349,1674,1382,1497,1370,1496,1405,1496,1438,1495,1474,1419,1512,1449,1522,1477,1533,1505,1532,1532,1529,1331,1349,1361,1335,1394,1342,1416,1372,1387,1368,1355,1361,1547,1395,1576,1374,1607,1379,1628,1404,1605,1406,1575,1402,1356,1595,1399,1570,1444,1564,1470,1575,1500,1572,1532,1590,1550,1624,1521,1642,1487,1650,1456,1648,1427,1641,1389,1623,1371,1596,1440,1590,1467,1596,1496,1598,1536,1619,1493,1618,1462,1617,1435,1611
2083,h,1,1,1176,1176,1711,1711,69.43333333333334,1189,1365,1181,1433,1180,1501,1188,1566,1212,1627,1257,1676,1312,1711,1368,1741,1427,1759,1483,1756,1534,1730,1579,1696,1616,1650,1644,1599,1664,1545,1676,1491,1681,1439,1286,1314,1329,1289,1380,1288,1431,1300,1476,1320,1536,1336,1578,1333,1618,1335,1655,1349,1673,1381,1500,1371,1499,1405,1498,1439,1498,1474,1421,1511,1450,1522,1479,1533,1507,1531,1533,1529,1330,1350,1361,1335,1394,1342,1416,1372,1387,1367,1355,1360,1549,1396,1577,1374,1607,1379,1628,1404,1606,1406,1577,1402,1357,1596,1401,1571,1447,1564,1472,1576,1502,1573,1533,1592,1551,1626,1521,1642,1487,1649,1456,1647,1429,1640,1390,1623,1373,1597,1443,1591,1468,1597,1497,1600,1537,1622,1493,1618,1463,1615,1437,1610
2084,h,1,1,1176,1176,1711,1711,69.46666666666667,1190,1366,1181,1433,1180,1501,1188,1566,1212,1626,1257,1673,1313,1707,1369,1737,1429,1755,1485,1753,1536,1727,1581,1693,1617,1648,1644,1598,1665,1545,1676,1491,1680,1438,1282,1315,1325,1290,1377,1289,1428,1302,1474,1323,1537,1340,1577,1336,1617,1337,1653,1350,1672,1381,1500,1372,1499,1406,1498,1439,1498,1474,1423,1512,1451,1522,1480,1532,1507,1532,1532,1530,1329,1350,1361,1335,1394,1341,1418,1373,1387,1369,1354,1362,1548,1397,1577,1375,1608,1379,1629,1405,1607,1407,1577,1403,1359,1592,1406,1572,1451,1567,1474,1578,1501,1575,1531,1593,1552,1623,1520,1636,1487,1641,1458,1638,1432,1631,1395,1614,1375,1592,1446,1594,1470,1600,1497,1602,1539,1619,1493,1609,1465,1606,1441,1600
2085,h,1,1,1176,1176,1711,1711,69.5,1187,1367,1179,1431,1177,1498,1185,1562,1207,1622,1250,1669,1305,1702,1362,1731,1423,1748,1480,1748,1533,1724,1580,1692,1616,1647,1643,1597,1664,1543,1676,1490,1682,1437,1280,1314,1324,1289,1376,1289,1428,1302,1474,1322,1537,1339,1579,1336,1619,1337,1656,1349,1676,1382,1500,1370,1498,1404,1497,1437,1497,1473,1422,1511,1451,1521,1479,1531,1505,1530,1531,1527,1327,1350,1360,1335,1394,1341,1417,1373,1387,1369,1353,1362,1548,1396,1578,1374,1608,1379,1629,1404,1606,1407,1577,1403,1359,1589,1409,1572,1452,1567,1475,1578,1502,1574,1529,1591,1551,1619,1518,1627,1488,1630,1459,1628,1434,1622,1398,1608,1374,1589,1447,1589,1471,1596,1497,1598,1537,1614,1493,1600,1466,1598,1442,1593
2086,h,1,1,1176,1176,1711,1711,69.53333333333333,1187,1367,1179,1431,1177,1498,1185,1562,1207,1622,1250,1669,1305,1702,1362,1731,1423,1748,1480,1748,1533,1724,1580,1692,1616,1647,1643,1597,1664,1543,1676,1490,1682,1437,1280,1314,1324,1289,1376,1289,1428,1302,1474,1322,1537,1339,1579,1336,1619,1337,1656,1349,1676,1382,1500,1370,1498,1404,1497,1437,1497,1473,1422,1511,1451,1521,1479,1531,1505,1530,1531,1527,1327,1350,1360,1335,1394,1341,1417,1373,1387,1369,1353,1362,1548,1396,1578,1374,1608,1379,1629,1404,1606,1407,1577,1403,1359,1589,1409,1572,1452,1567,1475,1578,1502,1574,1529,1591,1551,1619,1518,1627,1488,1630,1459,1628,1434,1622,1398,1608,1374,1589,1447,1589,1471,1596,1497,1598,1537,1614,1493,1600,1466,1598,1442,1593
2087,h,1,1,1176,1176,1711,1711,69.56666666666666,1187,1364,1179,1430,1177,1498,1184,1562,1208,1622,1253,1670,1308,1704,1363,1734,1424,1752,1481,1750,1532,1724,1579,1690,1616,1646,1642,1596,1664,1544,1677,1491,1683,1439,1282,1312,1325,1287,1377,1286,1429,1299,1475,1319,1540,1335,1582,1333,1623,1335,1659,1348,1678,1381,1501,1369,1499,1404,1498,1438,1498,1474,1423,1510,1451,1520,1479,1531,1506,1530,1532,1527,1329,1350,1361,1335,1395,1341,1418,1371,1388,1368,1355,1362,1549,1394,1578,1373,1609,1378,1630,1403,1607,1406,1577,1401,1361,1590,1409,1573,1453,1567,1475,1578,1502,1575,1530,1592,1551,1620,1518,1629,1488,1633,1459,1631,1434,1624,1398,1610,1377,1590,1447,1591,1472,1597,1498,1599,1538,1616,1493,1602,1466,1600,1442,1594
2088,h,1,1,1176,1176,1711,1711,69.6,1193,1361,1182,1428,1179,1497,1186,1564,1210,1627,1253,1677,1308,1715,1365,1748,1427,1765,1485,1761,1535,1731,1581,1695,1617,1649,1643,1597,1664,1544,1676,1491,1681,1441,1289,1309,1332,1286,1383,1286,1433,1299,1478,1319,1540,1335,1580,1332,1619,1334,1655,1345,1674,1374,1501,1369,1499,1403,1498,1436,1497,1471,1423,1511,1451,1521,1479,1532,1506,1530,1531,1527,1332,1347,1364,1334,1397,1340,1419,1370,1390,1366,1357,1360,1550,1392,1578,1372,1608,1376,1629,1400,1606,1403,1577,1399,1362,1596,1408,1575,1452,1569,1475,1581,1502,1578,1530,1594,1550,1624,1519,1637,1487,1644,1459,1642,1433,1635,1397,1620,1377,1597,1447,1596,1471,1602,1497,1604,1537,1620,1493,1611,1466,1610,1442,1604
2089,h,1,1,1176,1176,1711,1711,69.63333333333334,1192,1358,1182,1427,1180,1498,1188,1566,1213,1631,1257,1683,1309,1723,1364,1758,1426,1777,1485,1771,1535,1738,1581,1699,1617,1650,1644,1596,1666,1541,1679,1485,1684,1431,1285,1311,1327,1286,1378,1283,1429,1296,1475,1315,1541,1333,1582,1329,1621,1331,1657,1343,1677,1372,1499,1366,1497,1401,1496,1434,1495,1471,1423,1510,1451,1520,1478,1531,1506,1529,1531,1526,1331,1347,1362,1332,1396,1338,1419,1368,1389,1365,1356,1359,1550,1390,1579,1369,1610,1374,1631,1400,1608,1402,1578,1398,1362,1601,1403,1572,1449,1565,1473,1576,1502,1574,1533,1592,1549,1630,1521,1652,1487,1664,1457,1662,1429,1655,1391,1634,1378,1601,1444,1593,1469,1599,1497,1601,1535,1625,1493,1629,1464,1628,1438,1622
2090,h,1,1,1176,1176,1711,1711,69.66666666666667,1192,1358,1182,1427,1180,1498,1188,1566,1213,1631,1257,1683,1309,1723,1364,1758,1426,1777,1485,1771,1535,1738,1581,1699,1617,1650,1644,1596,1666,1541,1679,1485,1684,1431,1285,1311,1327,1286,1378,1283,1429,1296,1475,1315,1541,1333,1582,1329,1621,1331,1657,1343,1677,1372,1499,1366,1497,1401,1496,1434,1495,1471,1423,1510,1451,1520,1478,1531,1506,1529,1531,1526,1331,1347,1362,1332,1396,1338,1419,1368,1389,1365,1356,1359,1550,1390,1579,1369,1610,1374,1631,1400,1608,1402,1578,1398,1362,1601,1403,1572,1449,1565,1473,1576,1502,1574,1533,1592,1549,1630,1521,1652,1487,1664,1457,1662,1429,1655,1391,1634,1378,1601,1444,1593,1469,1599,1497,1601,1535,1625,1493,1629,1464,1628,1438,1622
2091,h,1,1,1176,1176,1711,1711,69.7,1193,1356,1183,1423,1180,1493,1188,1562,1211,1626,1255,1677,1309,1717,1364,1751,1427,1771,1486,1765,1537,1734,1583,1696,1620,1647,1646,1594,1668,1539,1680,1483,1685,1429,1286,1308,1330,1284,1380,1282,1430,1295,1476,1314,1540,1330,1581,1327,1621,1330,1656,1343,1675,1375,1500,1362,1498,1397,1497,1431,1496,1467,1423,1507,1451,1517,1479,1528,1507,1526,1532,1524,1332,1345,1363,1330,1396,1336,1419,1365,1390,1361,1358,1355,1550,1387,1578,1367,1608,1372,1628,1397,1606,1399,1576,1394,1363,1595,1404,1569,1450,1561,1474,1573,1503,1570,1533,1589,1550,1626,1521,1645,1488,1655,1458,1653,1430,1645,1393,1625,1378,1595,1445,1590,1470,1596,1498,1598,1536,1621,1494,1620,1465,1618,1439,1612
2092,h,1,1,1176,1176,1711,1711,69.73333333333333,1195,1350,1185,1416,1181,1484,1187,1550,1211,1613,1254,1663,1310,1701,1366,1735,1429,1753,1488,1750,1540,1721,1586,1683,1621,1636,1647,1583,1667,1529,1679,1476,1684,1422,1288,1301,1331,1278,1381,1276,1431,1288,1476,1306,1542,1323,1583,1321,1622,1325,1657,1338,1677,1368,1502,1359,1500,1393,1499,1425,1497,1462,1425,1501,1453,1511,1481,1522,1507,1520,1532,1519,1333,1340,1364,1326,1397,1332,1421,1360,1391,1357,1358,1351,1551,1383,1580,1364,1610,1369,1630,1394,1608,1396,1578,1391,1363,1585,1407,1562,1452,1555,1476,1567,1505,1564,1534,1582,1553,1615,1523,1630,1490,1636,1461,1634,1434,1627,1397,1610,1380,1585,1447,1585,1472,1591,1500,1593,1539,1610,1496,1603,1468,1601,1442,1595
2093,h,1,1,1176,1176,1711,1711,69.76666666666667,1191,1346,1182,1413,1180,1481,1187,1548,1211,1611,1256,1660,1314,1694,1370,1724,1433,1741,1492,1738,1542,1712,1589,1678,1623,1632,1647,1579,1665,1525,1677,1471,1682,1417,1282,1300,1324,1273,1375,1270,1427,1282,1474,1301,1537,1317,1580,1316,1621,1319,1658,1332,1676,1365,1500,1353,1498,1386,1498,1418,1498,1453,1424,1494,1452,1502,1480,1512,1508,1512,1533,1510,1329,1336,1361,1323,1393,1329,1418,1357,1387,1353,1355,1347,1548,1380,1579,1361,1609,1366,1629,1389,1606,1391,1577,1387,1364,1576,1408,1553,1451,1545,1476,1557,1504,1554,1534,1573,1552,1606,1522,1616,1490,1623,1461,1621,1433,1613,1396,1598,1379,1576,1446,1574,1472,1581,1500,1583,1538,1600,1496,1592,1467,1589,1441,1583
2094,h,1,1,1176,1176,1711,1711,69.8,1191,1346,1182,1413,1180,1481,1187,1548,1211,1611,1256,1660,1314,1694,1370,1724,1433,1741,1492,1738,1542,1712,1589,1678,1623,1632,1647,1579,1665,1525,1677,1471,1682,1417,1282,1300,1324,1273,1375,1270,1427,1282,1474,1301,1537,1317,1580,1316,1621,1319,1658,1332,1676,1365,1500,1353,1498,1386,1498,1418,1498,1453,1424,1494,1452,1502,1480,1512,1508,1512,1533,1510,1329,1336,1361,1323,1393,1329,1418,1357,1387,1353,1355,1347,1548,1380,1579,1361,1609,1366,1629,1389,1606,1391,1577,1387,1364,1576,1408,1553,1451,1545,1476,1557,1504,1554,1534,1573,1552,1606,1522,1616,1490,1623,1461,1621,1433,1613,1396,1598,1379,1576,1446,1574,1472,1581,1500,1583,1538,1600,1496,1592,1467,1589,1441,1583
2095,h,1,1,1228,1228,1673,1673,69.83333333333333,1192,1347,1184,1414,1183,1482,1191,1548,1215,1609,1259,1657,1314,1691,1372,1719,1434,1734,1493,1730,1543,1705,1587,1672,1621,1628,1645,1577,1664,1525,1676,1473,1681,1420,1285,1295,1327,1269,1378,1266,1428,1277,1473,1297,1537,1313,1579,1310,1620,1314,1656,1329,1674,1362,1499,1349,1498,1382,1497,1414,1497,1448,1424,1488,1452,1497,1480,1507,1507,1506,1532,1505,1330,1332,1362,1318,1394,1325,1418,1355,1387,1350,1356,1344,1546,1377,1577,1356,1607,1360,1628,1385,1605,1387,1575,1383,1363,1570,1407,1548,1450,1541,1474,1552,1502,1550,1531,1567,1550,1598,1521,1612,1490,1618,1461,1616,1434,1610,1397,1593,1379,1570,1445,1569,1471,1575,1498,1577,1536,1594,1495,1588,1467,1586,1441,1580
2096,h,1,1,1176,1176,1711,1711,69.86666666666666,1186,1349,1179,1416,1178,1484,1186,1550,1210,1612,1255,1660,1313,1693,1372,1721,1435,1738,1495,1735,1545,1709,1591,1673,1624,1626,1646,1574,1665,1520,1675,1467,1679,1414,1280,1298,1321,1269,1372,1266,1425,1276,1471,1294,1534,1308,1577,1308,1618,1312,1655,1328,1672,1363,1496,1347,1496,1380,1496,1411,1496,1445,1422,1487,1450,1496,1479,1507,1506,1506,1532,1504,1326,1331,1358,1318,1391,1324,1414,1353,1384,1349,1351,1343,1545,1376,1576,1356,1606,1360,1626,1384,1604,1387,1574,1383,1361,1573,1404,1548,1448,1540,1473,1551,1503,1549,1533,1567,1551,1601,1521,1612,1489,1619,1459,1617,1431,1610,1394,1594,1376,1572,1444,1568,1470,1574,1498,1576,1537,1596,1495,1589,1465,1587,1439,1581
2097,h,1,1,1176,1176,1711,1711,69.9,1186,1349,1179,1416,1178,1484,1186,1550,1210,1612,1255,1660,1313,1693,1372,1721,1435,1738,1495,1735,1545,1709,1591,1673,1624,1626,1646,1574,1665,1520,1675,1467,1679,1414,1280,1298,1321,1269,1372,1266,1425,1276,1471,1294,1534,1308,1577,1308,1618,1312,1655,1328,1672,1363,1496,1347,1496,1380,1496,1411,1496,1445,1422,1487,1450,1496,1479,1507,1506,1506,1532,1504,1326,1331,1358,1318,1391,1324,1414,1353,1384,1349,1351,1343,1545,1376,1576,1356,1606,1360,1626,1384,1604,1387,1574,1383,1361,1573,1404,1548,1448,1540,1473,1551,1503,1549,1533,1567,1551,1601,1521,1612,1489,1619,1459,1617,1431,1610,1394,1594,1376,1572,1444,1568,1470,1574,1498,1576,1537,1596,1495,1589,1465,1587,1439,1581
2098,h,1,1,1176,1176,1711,1711,69.93333333333334,1187,1350,1178,1418,1177,1486,1185,1551,1209,1613,1252,1662,1308,1697,1364,1726,1425,1744,1484,1742,1535,1717,1582,1681,1617,1634,1642,1583,1662,1527,1673,1473,1678,1418,1282,1298,1322,1270,1373,1266,1424,1276,1471,1295,1533,1309,1576,1310,1616,1313,1652,1329,1669,1363,1495,1347,1494,1380,1493,1411,1492,1446,1420,1488,1448,1496,1476,1506,1503,1506,1529,1504,1327,1330,1358,1318,1390,1324,1413,1352,1384,1348,1353,1341,1545,1375,1575,1356,1604,1361,1624,1384,1601,1386,1572,1382,1360,1574,1401,1548,1445,1540,1471,1551,1501,1549,1531,1567,1551,1602,1521,1616,1488,1623,1457,1621,1428,1614,1391,1597,1375,1572,1440,1567,1467,1573,1496,1576,1537,1597,1493,1593,1463,1591,1436,1584
2099,h,1,1,1176,1176,1711,1711,69.96666666666667,1185,1349,1178,1417,1176,1485,1184,1551,1209,1613,1254,1661,1311,1695,1367,1723,1428,1741,1486,1739,1537,1713,1583,1678,1617,1631,1643,1580,1662,1526,1674,1472,1680,1418,1281,1294,1324,1270,1374,1268,1424,1280,1469,1298,1533,1312,1575,1312,1615,1315,1651,1328,1671,1359,1494,1351,1493,1383,1492,1415,1492,1449,1420,1490,1448,1498,1476,1508,1503,1508,1529,1507,1325,1334,1357,1320,1389,1326,1413,1356,1383,1352,1351,1345,1544,1378,1574,1357,1604,1362,1624,1386,1601,1388,1572,1384,1360,1577,1401,1549,1445,1542,1470,1553,1499,1552,1530,1571,1549,1608,1519,1622,1485,1630,1455,1628,1427,1621,1390,1603,1375,1576,1441,1569,1466,1576,1494,1578,1535,1602,1490,1600,1461,1598,1435,1592
2100,h,1,1,1176,1176,1711,1711,70.0,1184,1349,1177,1418,1176,1487,1183,1553,1207,1616,1250,1667,1304,1704,1361,1736,1422,1755,1480,1752,1530,1723,1575,1685,1611,1637,1638,1585,1660,1531,1672,1476,1678,1421,1278,1300,1320,1274,1371,1272,1423,1284,1470,1303,1532,1318,1573,1317,1614,1319,1651,1333,1670,1363,1492,1352,1491,1386,1490,1419,1490,1454,1416,1494,1444,1503,1472,1513,1500,1513,1526,1511,1323,1337,1355,1323,1387,1329,1411,1358,1381,1353,1349,1347,1542,1380,1572,1360,1601,1365,1622,1388,1599,1391,1569,1386,1354,1582,1393,1552,1439,1544,1466,1555,1495,1553,1526,1572,1542,1613,1514,1632,1481,1643,1450,1641,1420,1633,1382,1613,1369,1581,1434,1571,1461,1577,1490,1580,1528,1607,1486,1610,1456,1609,1428,1602
2101,h,1,1,1176,1176,1711,1711,70.03333333333333,1184,1349,1177,1418,1176,1487,1183,1553,1207,1616,1250,1667,1304,1704,1361,1736,1422,1755,1480,1752,1530,1723,1575,1685,1611,1637,1638,1585,1660,1531,1672,1476,1678,1421,1278,1300,1320,1274,1371,1272,1423,1284,1470,1303,1532,1318,1573,1317,1614,1319,1651,1333,1670,1363,1492,1352,1491,1386,1490,1419,1490,1454,1416,1494,1444,1503,1472,1513,1500,1513,1526,1511,1323,1337,1355,1323,1387,1329,1411,1358,1381,1353,1349,1347,1542,1380,1572,1360,1601,1365,1622,1388,1599,1391,1569,1386,1354,1582,1393,1552,1439,1544,1466,1555,1495,1553,1526,1572,1542,1613,1514,1632,1481,1643,1450,1641,1420,1633,1382,1613,1369,1581,1434,1571,1461,1577,1490,1580,1528,1607,1486,1610,1456,1609,1428,1602
2102,h,1,1,1176,1176,1711,1711,70.06666666666666,1187,1352,1179,1421,1177,1491,1185,1557,1210,1619,1254,1669,1309,1705,1364,1738,1425,1757,1482,1753,1531,1723,1576,1685,1611,1637,1638,1585,1658,1529,1670,1473,1674,1417,1280,1302,1321,1276,1370,1273,1420,1284,1465,1302,1527,1316,1568,1315,1609,1318,1645,1333,1661,1366,1491,1353,1489,1387,1489,1419,1488,1454,1414,1494,1444,1503,1472,1513,1500,1512,1526,1510,1323,1337,1354,1323,1386,1329,1409,1359,1380,1354,1349,1347,1540,1380,1569,1360,1599,1364,1620,1388,1597,1390,1568,1386,1353,1584,1392,1552,1438,1544,1465,1554,1496,1553,1527,1572,1543,1613,1516,1635,1483,1646,1450,1645,1421,1638,1382,1617,1368,1583,1434,1571,1462,1577,1492,1579,1530,1608,1487,1614,1456,1612,1428,1606
2103,h,1,1,1176,1176,1711,1711,70.1,1181,1353,1174,1421,1173,1490,1181,1556,1204,1618,1248,1670,1303,1707,1359,1739,1420,1757,1479,1754,1529,1724,1576,1684,1611,1635,1637,1580,1657,1524,1668,1467,1673,1412,1272,1302,1313,1275,1364,1271,1415,1281,1462,1298,1524,1312,1566,1311,1607,1315,1644,1329,1663,1362,1486,1349,1485,1382,1485,1414,1485,1450,1411,1491,1440,1501,1469,1511,1498,1510,1524,1507,1317,1336,1348,1320,1381,1325,1406,1356,1376,1351,1343,1345,1537,1377,1566,1356,1597,1360,1618,1385,1595,1387,1565,1383,1351,1579,1390,1549,1436,1540,1463,1551,1494,1549,1526,1568,1544,1609,1515,1630,1480,1640,1448,1638,1418,1631,1380,1611,1366,1579,1432,1568,1460,1574,1490,1577,1530,1604,1486,1608,1454,1607,1426,1600
2104,h,1,1,1176,1176,1711,1711,70.13333333333334,1180,1352,1175,1420,1176,1488,1185,1554,1210,1613,1255,1661,1309,1696,1362,1726,1421,1744,1477,1743,1527,1717,1572,1681,1609,1634,1635,1582,1654,1527,1664,1470,1668,1414,1269,1301,1308,1271,1358,1266,1410,1276,1457,1295,1517,1308,1559,1306,1602,1309,1640,1325,1658,1361,1481,1346,1481,1379,1481,1411,1481,1445,1407,1488,1437,1496,1467,1506,1494,1505,1521,1504,1313,1333,1345,1317,1377,1323,1402,1354,1372,1350,1339,1343,1532,1375,1562,1353,1592,1357,1614,1382,1591,1385,1560,1381,1348,1576,1387,1545,1432,1536,1460,1547,1490,1545,1521,1564,1540,1604,1512,1622,1479,1632,1447,1630,1416,1623,1377,1604,1363,1575,1428,1565,1457,1571,1486,1573,1527,1599,1483,1599,1453,1597,1423,1591
2105,h,1,1,1176,1176,1711,1711,70.16666666666667,1180,1352,1175,1420,1176,1488,1185,1554,1210,1613,1255,1661,1309,1696,1362,1726,1421,1744,1477,1743,1527,1717,1572,1681,1609,1634,1635,1582,1654,1527,1664,1470,1668,1414,1269,1301,1308,1271,1358,1266,1410,1276,1457,1295,1517,1308,1559,1306,1602,1309,1640,1325,1658,1361,1481,1346,1481,1379,1481,1411,1481,1445,1407,1488,1437,1496,1467,1506,1494,1505,1521,1504,1313,1333,1345,1317,1377,1323,1402,1354,1372,1350,1339,1343,1532,1375,1562,1353,1592,1357,1614,1382,1591,1385,1560,1381,1348,1576,1387,1545,1432,1536,1460,1547,1490,1545,1521,1564,1540,1604,1512,1622,1479,1632,1447,1630,1416,1623,1377,1604,1363,1575,1428,1565,1457,1571,1486,1573,1527,1599,1483,1599,1453,1597,1423,1591
2106,h,1,1,1228,1228,1673,1673,70.2,1177,1352,1174,1420,1176,1486,1184,1550,1207,1609,1249,1657,1303,1690,1358,1718,1420,1733,1479,1732,1530,1708,1576,1673,1609,1628,1632,1576,1650,1523,1661,1468,1665,1412,1261,1301,1301,1271,1353,1265,1405,1274,1454,1292,1512,1306,1556,1304,1600,1308,1638,1324,1658,1361,1477,1341,1476,1375,1476,1407,1475,1443,1404,1484,1433,1492,1462,1502,1490,1500,1515,1499,1309,1332,1341,1317,1373,1322,1399,1351,1367,1347,1335,1341,1527,1372,1558,1352,1589,1356,1611,1380,1586,1381,1556,1377,1345,1570,1385,1542,1430,1534,1457,1544,1485,1542,1517,1560,1537,1597,1508,1614,1475,1622,1445,1621,1415,1614,1376,1596,1359,1570,1426,1561,1454,1567,1482,1568,1524,1592,1479,1591,1450,1590,1422,1584
2107,h,1,1,1176,1176,1711,1711,70.23333333333333,1177,1353,1174,1421,1176,1487,1185,1552,1210,1611,1254,1656,1308,1688,1362,1716,1422,1731,1477,1728,1527,1704,1572,1670,1606,1625,1631,1574,1650,1522,1660,1466,1663,1411,1262,1298,1302,1270,1352,1265,1403,1275,1450,1292,1511,1305,1554,1304,1596,1308,1634,1324,1656,1357,1474,1341,1474,1375,1474,1407,1473,1442,1400,1484,1430,1493,1460,1502,1488,1502,1515,1501,1306,1333,1338,1319,1370,1324,1396,1353,1365,1348,1333,1342,1525,1374,1556,1354,1587,1358,1611,1381,1585,1383,1554,1379,1342,1568,1383,1541,1427,1534,1455,1544,1484,1542,1516,1561,1538,1598,1506,1612,1472,1620,1442,1618,1412,1611,1373,1594,1357,1568,1423,1561,1452,1567,1480,1569,1523,1592,1476,1589,1447,1587,1418,1582
2108,h,1,1,1228,1228,1673,1673,70.26666666666667,1177,1358,1174,1425,1177,1490,1185,1554,1208,1612,1248,1658,1301,1691,1355,1718,1416,1734,1474,1733,1526,1710,1571,1676,1605,1630,1628,1578,1645,1524,1656,1469,1661,1413,1258,1301,1298,1273,1348,1268,1399,1278,1445,1295,1511,1310,1554,1308,1595,1311,1633,1326,1652,1361,1471,1347,1470,1380,1469,1412,1468,1448,1400,1489,1428,1497,1457,1506,1484,1505,1509,1504,1305,1336,1335,1321,1368,1326,1393,1355,1362,1351,1330,1345,1523,1376,1553,1355,1584,1359,1607,1383,1583,1385,1552,1381,1339,1572,1380,1546,1424,1539,1451,1549,1480,1546,1511,1564,1534,1599,1503,1615,1469,1622,1439,1621,1409,1614,1371,1597,1354,1572,1420,1566,1448,1572,1476,1574,1520,1595,1473,1591,1444,1589,1416,1583
2109,h,1,1,1228,1228,1673,1673,70.3,1177,1358,1174,1425,1177,1490,1185,1554,1208,1612,1248,1658,1301,1691,1355,1718,1416,1734,1474,1733,1526,1710,1571,1676,1605,1630,1628,1578,1645,1524,1656,1469,1661,1413,1258,1301,1298,1273,1348,1268,1399,1278,1445,1295,1511,1310,1554,1308,1595,1311,1633,1326,1652,1361,1471,1347,1470,1380,1469,1412,1468,1448,1400,1489,1428,1497,1457,1506,1484,1505,1509,1504,1305,1336,1335,1321,1368,1326,1393,1355,1362,1351,1330,1345,1523,1376,1553,1355,1584,1359,1607,1383,1583,1385,1552,1381,1339,1572,1380,1546,1424,1539,1451,1549,1480,1546,1511,1564,1534,1599,1503,1615,1469,1622,1439,1621,1409,1614,1371,1597,1354,1572,1420,1566,1448,1572,1476,1574,1520,1595,1473,1591,1444,1589,1416,1583
2110,h,1,1,1176,1176,1711,1711,70.33333333333333,1174,1355,1170,1424,1172,1490,1182,1554,1207,1612,1250,1658,1302,1691,1355,1719,1414,1736,1470,1735,1521,1711,1566,1677,1604,1631,1629,1579,1647,1524,1657,1467,1661,1411,1260,1304,1299,1277,1348,1275,1398,1286,1445,1302,1507,1317,1548,1315,1589,1317,1626,1330,1647,1363,1469,1351,1468,1385,1468,1418,1467,1453,1397,1494,1426,1502,1455,1511,1482,1510,1509,1509,1305,1339,1336,1324,1368,1329,1392,1360,1362,1356,1330,1349,1523,1380,1551,1358,1582,1362,1604,1386,1580,1389,1550,1386,1340,1577,1378,1551,1421,1544,1449,1555,1478,1552,1509,1569,1531,1604,1499,1620,1466,1629,1436,1628,1406,1620,1369,1603,1355,1577,1417,1570,1446,1576,1474,1578,1516,1600,1471,1597,1441,1595,1412,1589
2111,h,1,1,1176,1176,1711,1711,70.36666666666666,1175,1362,1169,1429,1170,1495,1181,1558,1207,1616,1251,1663,1305,1695,1357,1723,1415,1739,1471,1737,1521,1712,1567,1678,1603,1632,1628,1581,1645,1526,1655,1469,1658,1414,1257,1308,1296,1281,1346,1277,1396,1287,1442,1305,1506,1318,1546,1315,1587,1318,1625,1333,1643,1367,1468,1353,1467,1387,1467,1419,1467,1454,1395,1496,1425,1505,1455,1515,1482,1513,1508,1511,1301,1342,1331,1328,1364,1333,1389,1362,1358,1358,1326,1352,1521,1382,1550,1361,1580,1364,1603,1388,1579,1390,1549,1387,1339,1579,1378,1553,1421,1546,1448,1557,1478,1554,1509,1572,1532,1606,1500,1624,1467,1633,1436,1632,1407,1625,1369,1607,1354,1579,1418,1573,1446,1579,1474,1581,1517,1602,1471,1600,1441,1599,1413,1593
2112,h,1,1,1176,1176,1711,1711,70.4,1175,1362,1169,1429,1170,1495,1181,1558,1207,1616,1251,1663,1305,1695,1357,1723,1415,1739,1471,1737,1521,1712,1567,1678,1603,1632,1628,1581,1645,1526,1655,1469,1658,1414,1257,1308,1296,1281,1346,1277,1396,1287,1442,1305,1506,1318,1546,1315,1587,1318,1625,1333,1643,1367,1468,1353,1467,1387,1467,1419,1467,1454,1395,1496,1425,1505,1455,1515,1482,1513,1508,1511,1301,1342,1331,1328,1364,1333,1389,1362,1358,1358,1326,1352,1521,1382,1550,1361,1580,1364,1603,1388,1579,1390,1549,1387,1339,1579,1378,1553,1421,1546,1448,1557,1478,1554,1509,1572,1532,1606,1500,1624,1467,1633,1436,1632,1407,1625,1369,1607,1354,1579,1418,1573,1446,1579,1474,1581,1517,1602,1471,1600,1441,1599,1413,1593
2113,h,1,1,1176,1176,1711,1711,70.43333333333334,1170,1360,1166,1427,1168,1493,1178,1556,1203,1615,1247,1660,1301,1693,1355,1721,1414,1738,1471,1736,1522,1711,1568,1676,1605,1629,1630,1577,1649,1522,1659,1466,1662,1410,1254,1306,1293,1278,1343,1273,1393,1282,1440,1300,1503,1314,1544,1311,1586,1313,1624,1329,1643,1363,1466,1349,1465,1383,1465,1416,1464,1452,1393,1494,1423,1501,1452,1510,1480,1509,1506,1508,1300,1340,1331,1326,1363,1330,1388,1359,1357,1355,1326,1349,1519,1378,1548,1358,1579,1361,1602,1385,1577,1387,1547,1383,1337,1576,1375,1550,1418,1543,1447,1553,1476,1551,1507,1567,1530,1602,1498,1620,1465,1630,1435,1629,1405,1622,1367,1604,1352,1577,1415,1568,1444,1573,1472,1575,1516,1598,1469,1598,1440,1597,1410,1592
2114,h,1,1,1228,1228,1673,1673,70.46666666666667,1175,1360,1174,1425,1178,1489,1186,1551,1208,1609,1248,1656,1300,1689,1353,1716,1413,1732,1470,1732,1522,1709,1567,1677,1601,1632,1623,1581,1641,1528,1653,1473,1657,1418,1252,1304,1291,1275,1342,1269,1392,1277,1439,1294,1502,1308,1545,1305,1589,1309,1628,1326,1648,1361,1465,1346,1463,1380,1463,1412,1462,1447,1394,1489,1422,1496,1451,1506,1479,1504,1505,1503,1300,1337,1330,1322,1363,1326,1388,1355,1357,1351,1325,1345,1517,1375,1547,1354,1578,1358,1601,1382,1576,1384,1545,1379,1338,1572,1377,1546,1420,1538,1447,1548,1476,1545,1507,1562,1530,1597,1499,1614,1466,1623,1436,1621,1407,1615,1369,1597,1353,1572,1416,1565,1444,1571,1472,1572,1516,1593,1469,1590,1441,1589,1413,1583
2115,h,1,1,1228,1228,1673,1673,70.5,1175,1353,1173,1418,1176,1482,1182,1544,1204,1603,1244,1650,1297,1684,1351,1712,1413,1727,1472,1726,1523,1703,1570,1670,1603,1625,1626,1574,1643,1521,1654,1466,1659,1411,1253,1301,1292,1272,1342,1266,1393,1275,1440,1291,1502,1305,1545,1303,1588,1306,1627,1323,1647,1358,1465,1341,1464,1374,1464,1406,1463,1441,1395,1484,1423,1490,1451,1500,1479,1498,1505,1497,1299,1334,1330,1319,1362,1323,1388,1351,1357,1347,1325,1342,1517,1371,1547,1351,1578,1355,1601,1378,1576,1379,1545,1375,1334,1567,1374,1540,1418,1533,1447,1542,1476,1540,1508,1557,1531,1592,1499,1608,1465,1616,1434,1615,1404,1609,1365,1592,1349,1567,1414,1560,1443,1566,1472,1567,1517,1587,1469,1584,1439,1584,1410,1578
2116,h,1,1,1228,1228,1673,1673,70.53333333333333,1175,1353,1173,1418,1176,1482,1182,1544,1204,1603,1244,1650,1297,1684,1351,1712,1413,1727,1472,1726,1523,1703,1570,1670,1603,1625,1626,1574,1643,1521,1654,1466,1659,1411,1253,1301,1292,1272,1342,1266,1393,1275,1440,1291,1502,1305,1545,1303,1588,1306,1627,1323,1647,1358,1465,1341,1464,1374,1464,1406,1463,1441,1395,1484,1423,1490,1451,1500,1479,1498,1505,1497,1299,1334,1330,1319,1362,1323,1388,1351,1357,1347,1325,1342,1517,1371,1547,1351,1578,1355,1601,1378,1576,1379,1545,1375,1334,1567,1374,1540,1418,1533,1447,1542,1476,1540,1508,1557,1531,1592,1499,1608,1465,1616,1434,1615,1404,1609,1365,1592,1349,1567,1414,1560,1443,1566,1472,1567,1517,1587,1469,1584,1439,1584,1410,1578
2117,h,1,1,1228,1228,1673,1673,70.56666666666666,1171,1356,1169,1422,1173,1486,1181,1549,1202,1607,1243,1654,1298,1687,1354,1713,1416,1728,1477,1727,1529,1704,1575,1671,1609,1626,1631,1574,1647,1520,1656,1465,1659,1410,1250,1303,1288,1271,1339,1264,1391,1271,1440,1288,1498,1300,1542,1298,1587,1302,1625,1319,1646,1356,1464,1337,1463,1371,1463,1403,1463,1438,1394,1480,1423,1488,1452,1496,1479,1495,1506,1493,1299,1332,1329,1316,1361,1320,1388,1349,1356,1345,1324,1340,1517,1367,1547,1347,1577,1351,1601,1375,1575,1376,1545,1372,1336,1564,1377,1537,1420,1529,1448,1539,1476,1536,1508,1553,1532,1588,1500,1604,1466,1612,1436,1611,1406,1604,1368,1588,1351,1563,1416,1556,1445,1562,1473,1563,1518,1583,1470,1581,1441,1580,1412,1574
2118,h,1,1,1228,1228,1673,1673,70.6,1174,1353,1173,1418,1178,1481,1186,1544,1208,1602,1248,1648,1301,1681,1356,1707,1418,1721,1477,1721,1529,1700,1575,1667,1608,1622,1630,1571,1648,1518,1659,1463,1663,1409,1254,1298,1292,1268,1342,1262,1393,1271,1440,1288,1502,1300,1545,1298,1588,1302,1626,1318,1647,1352,1466,1339,1465,1371,1466,1402,1466,1435,1397,1479,1425,1486,1454,1495,1481,1494,1507,1493,1300,1331,1331,1316,1363,1321,1390,1349,1358,1346,1326,1340,1519,1368,1549,1348,1580,1352,1604,1375,1578,1377,1547,1373,1341,1564,1381,1536,1423,1527,1450,1537,1478,1534,1509,1553,1531,1589,1501,1604,1468,1612,1439,1610,1410,1604,1373,1587,1356,1564,1419,1555,1447,1560,1474,1562,1517,1584,1472,1580,1443,1578,1416,1573
2119,h,1,1,1228,1228,1673,1673,70.63333333333334,1174,1355,1172,1420,1176,1485,1185,1548,1207,1605,1247,1652,1301,1685,1356,1712,1418,1728,1478,1727,1530,1704,1576,1671,1610,1625,1632,1573,1649,1519,1659,1463,1663,1407,1254,1302,1293,1271,1344,1264,1396,1271,1444,1289,1503,1300,1547,1298,1591,1303,1629,1319,1649,1354,1469,1337,1468,1370,1469,1402,1469,1436,1399,1479,1428,1487,1457,1496,1484,1494,1510,1492,1302,1332,1334,1316,1366,1320,1392,1348,1361,1345,1329,1339,1521,1367,1551,1347,1582,1351,1605,1375,1580,1376,1549,1372,1342,1565,1381,1536,1424,1527,1452,1537,1480,1534,1512,1553,1534,1590,1504,1605,1471,1614,1441,1612,1411,1606,1373,1589,1357,1564,1420,1555,1449,1560,1477,1562,1521,1585,1475,1582,1445,1581,1417,1575
2120,h,1,1,1228,1228,1673,1673,70.66666666666667,1174,1355,1172,1420,1176,1485,1185,1548,1207,1605,1247,1652,1301,1685,1356,1712,1418,1728,1478,1727,1530,1704,1576,1671,1610,1625,1632,1573,1649,1519,1659,1463,1663,1407,1254,1302,1293,1271,1344,1264,1396,1271,1444,1289,1503,1300,1547,1298,1591,1303,1629,1319,1649,1354,1469,1337,1468,1370,1469,1402,1469,1436,1399,1479,1428,1487,1457,1496,1484,1494,1510,1492,1302,1332,1334,1316,1366,1320,1392,1348,1361,1345,1329,1339,1521,1367,1551,1347,1582,1351,1605,1375,1580,1376,1549,1372,1342,1565,1381,1536,1424,1527,1452,1537,1480,1534,1512,1553,1534,1590,1504,1605,1471,1614,1441,1612,1411,1606,1373,1589,1357,1564,1420,1555,1449,1560,1477,1562,1521,1585,1475,1582,1445,1581,1417,1575
2121,h,1,1,1228,1228,1673,1673,70.7,1176,1353,1171,1419,1172,1485,1179,1549,1202,1609,1244,1656,1300,1689,1357,1716,1420,1731,1480,1729,1532,1705,1578,1671,1610,1624,1632,1571,1649,1518,1659,1463,1662,1408,1258,1300,1297,1270,1348,1263,1400,1272,1448,1289,1507,1302,1550,1300,1593,1303,1631,1320,1650,1356,1472,1339,1472,1372,1472,1403,1472,1438,1402,1481,1430,1488,1459,1497,1487,1496,1513,1494,1305,1332,1336,1317,1368,1321,1394,1349,1363,1346,1331,1340,1523,1369,1553,1349,1584,1353,1606,1376,1582,1377,1551,1373,1344,1567,1384,1538,1426,1529,1454,1539,1483,1536,1515,1555,1537,1592,1507,1607,1474,1615,1443,1614,1413,1607,1376,1591,1359,1566,1422,1557,1451,1562,1480,1563,1523,1586,1477,1584,1448,1582,1419,1577
2122,h,1,1,1228,1228,1673,1673,70.73333333333333,1180,1354,1177,1421,1179,1486,1186,1550,1209,1609,1250,1655,1304,1688,1359,1714,1420,1728,1478,1727,1531,1704,1578,1671,1612,1626,1635,1574,1653,1520,1663,1465,1667,1410,1260,1303,1298,1273,1348,1266,1400,1274,1447,1292,1509,1306,1551,1303,1595,1307,1634,1322,1654,1357,1473,1340,1472,1373,1472,1406,1471,1440,1402,1483,1430,1490,1459,1499,1486,1498,1513,1496,1307,1333,1338,1319,1369,1323,1395,1351,1364,1347,1333,1342,1524,1370,1555,1351,1585,1355,1608,1377,1583,1379,1552,1375,1344,1568,1384,1540,1427,1531,1454,1540,1483,1538,1515,1556,1537,1592,1506,1609,1472,1617,1442,1616,1413,1610,1375,1594,1358,1567,1423,1557,1451,1562,1479,1564,1524,1587,1476,1587,1447,1586,1419,1580
2123,h,1,1,1228,1228,1673,1673,70.76666666666667,1179,1355,1176,1422,1179,1488,1187,1551,1209,1611,1251,1658,1306,1691,1362,1718,1424,1733,1483,1731,1534,1706,1579,1670,1611,1624,1634,1572,1651,1519,1660,1464,1663,1410,1262,1303,1301,1273,1352,1267,1403,1275,1450,1293,1510,1306,1553,1304,1596,1308,1634,1324,1653,1359,1475,1342,1474,1375,1474,1408,1474,1443,1404,1485,1432,1493,1461,1502,1488,1500,1514,1499,1309,1336,1340,1321,1371,1326,1397,1353,1366,1349,1335,1344,1525,1373,1556,1354,1586,1358,1609,1380,1584,1382,1554,1378,1344,1572,1384,1543,1427,1534,1455,1544,1484,1542,1516,1560,1537,1596,1508,1612,1474,1620,1444,1619,1414,1613,1376,1596,1359,1570,1424,1561,1452,1567,1480,1568,1523,1591,1478,1588,1449,1587,1420,1582
2124,h,1,1,1228,1228,1673,1673,70.8,1179,1355,1176,1422,1179,1488,1187,1551,1209,1611,1251,1658,1306,1691,1362,1718,1424,1733,1483,1731,1534,1706,1579,1670,1611,1624,1634,1572,1651,1519,1660,1464,1663,1410,1262,1303,1301,1273,1352,1267,1403,1275,1450,1293,1510,1306,1553,1304,1596,1308,1634,1324,1653,1359,1475,1342,1474,1375,1474,1408,1474,1443,1404,1485,1432,1493,1461,1502,1488,1500,1514,1499,1309,1336,1340,1321,1371,1326,1397,1353,1366,1349,1335,1344,1525,1373,1556,1354,1586,1358,1609,1380,1584,1382,1554,1378,1344,1572,1384,1543,1427,1534,1455,1544,1484,1542,1516,1560,1537,1596,1508,1612,1474,1620,1444,1619,1414,1613,1376,1596,1359,1570,1424,1561,1452,1567,1480,1568,1523,1591,1478,1588,1449,1587,1420,1582
2125,h,1,1,1228,1228,1673,1673,70.83333333333333,1182,1357,1178,1423,1181,1489,1189,1554,1211,1613,1252,1660,1307,1693,1363,1719,1424,1733,1483,1731,1535,1707,1580,1673,1613,1627,1635,1576,1652,1523,1662,1470,1666,1416,1262,1303,1302,1274,1353,1268,1405,1277,1453,1295,1511,1309,1555,1307,1598,1311,1637,1327,1656,1363,1477,1344,1476,1378,1476,1410,1475,1445,1404,1487,1432,1495,1462,1504,1490,1503,1515,1501,1310,1336,1341,1321,1373,1326,1398,1354,1367,1350,1335,1344,1526,1375,1558,1356,1588,1360,1611,1383,1586,1384,1555,1380,1344,1572,1385,1544,1428,1536,1456,1546,1485,1544,1517,1561,1538,1597,1508,1614,1475,1623,1445,1622,1415,1615,1377,1597,1358,1571,1424,1564,1453,1569,1481,1571,1525,1592,1479,1591,1449,1590,1421,1584
2126,h,1,1,1228,1228,1673,1673,70.86666666666666,1183,1357,1181,1423,1185,1488,1193,1552,1214,1611,1255,1658,1308,1690,1363,1717,1426,1731,1485,1730,1537,1707,1582,1673,1614,1627,1636,1575,1653,1523,1663,1468,1667,1414,1264,1304,1304,1274,1355,1269,1407,1279,1455,1296,1511,1311,1554,1308,1597,1311,1636,1327,1657,1361,1476,1346,1476,1379,1476,1411,1476,1446,1405,1487,1433,1495,1462,1504,1490,1503,1516,1502,1310,1337,1341,1322,1374,1327,1399,1357,1368,1353,1336,1346,1527,1377,1558,1356,1589,1360,1612,1383,1587,1386,1556,1382,1345,1573,1386,1545,1429,1537,1456,1547,1485,1544,1517,1563,1538,1600,1509,1615,1475,1623,1445,1622,1415,1615,1377,1598,1360,1572,1425,1565,1453,1570,1482,1572,1524,1594,1479,1590,1450,1590,1421,1584
2127,h,1,1,1228,1228,1673,1673,70.9,1183,1357,1181,1423,1185,1488,1193,1552,1214,1611,1255,1658,1308,1690,1363,1717,1426,1731,1485,1730,1537,1707,1582,1673,1614,1627,1636,1575,1653,1523,1663,1468,1667,1414,1264,1304,1304,1274,1355,1269,1407,1279,1455,1296,1511,1311,1554,1308,1597,1311,1636,1327,1657,1361,1476,1346,1476,1379,1476,1411,1476,1446,1405,1487,1433,1495,1462,1504,1490,1503,1516,1502,1310,1337,1341,1322,1374,1327,1399,1357,1368,1353,1336,1346,1527,1377,1558,1356,1589,1360,1612,1383,1587,1386,1556,1382,1345,1573,1386,1545,1429,1537,1456,1547,1485,1544,1517,1563,1538,1600,1509,1615,1475,1623,1445,1622,1415,1615,1377,1598,1360,1572,1425,1565,1453,1570,1482,1572,1524,1594,1479,1590,1450,1590,1421,1584
2128,h,1,1,1228,1228,1673,1673,70.93333333333334,1183,1361,1180,1428,1182,1494,1190,1558,1214,1615,1255,1662,1308,1693,1364,1718,1424,1733,1483,1731,1535,1708,1581,1674,1613,1629,1636,1579,1654,1527,1664,1474,1669,1420,1265,1303,1305,1274,1355,1269,1407,1279,1454,1296,1514,1310,1557,1308,1600,1312,1638,1328,1658,1363,1478,1346,1477,1379,1477,1411,1477,1446,1407,1487,1435,1495,1464,1504,1491,1503,1516,1502,1313,1338,1343,1324,1375,1329,1400,1357,1369,1352,1338,1346,1529,1377,1559,1358,1589,1362,1612,1385,1587,1386,1557,1382,1346,1574,1388,1546,1431,1538,1458,1548,1487,1546,1518,1563,1539,1600,1509,1615,1476,1623,1446,1622,1416,1615,1378,1599,1361,1573,1427,1565,1455,1570,1483,1572,1525,1594,1480,1592,1451,1591,1423,1586
2129,h,1,1,1228,1228,1673,1673,70.96666666666667,1185,1357,1182,1423,1184,1488,1191,1552,1213,1610,1254,1656,1309,1688,1363,1715,1422,1730,1479,1729,1531,1707,1577,1676,1611,1631,1634,1581,1653,1528,1665,1474,1670,1419,1269,1304,1308,1274,1359,1270,1411,1280,1457,1298,1518,1312,1561,1310,1604,1315,1641,1331,1660,1365,1481,1346,1481,1380,1480,1412,1480,1447,1409,1487,1437,1495,1466,1505,1493,1504,1519,1503,1316,1336,1347,1323,1379,1328,1404,1356,1373,1352,1341,1345,1532,1378,1563,1358,1593,1363,1615,1385,1590,1387,1561,1383,1350,1571,1391,1546,1434,1539,1461,1549,1489,1547,1520,1565,1540,1599,1510,1614,1477,1621,1447,1620,1418,1613,1381,1596,1365,1570,1430,1565,1457,1571,1485,1572,1526,1594,1482,1590,1453,1588,1425,1583
2130,h,1,1,1228,1228,1673,1673,71.0,1185,1353,1181,1420,1182,1485,1189,1550,1212,1610,1254,1658,1309,1690,1365,1717,1426,1733,1484,1731,1533,1707,1578,1673,1611,1628,1635,1578,1653,1526,1664,1473,1668,1420,1270,1304,1310,1274,1362,1269,1415,1278,1463,1296,1523,1312,1566,1310,1609,1315,1646,1332,1663,1368,1486,1347,1485,1380,1484,1412,1484,1447,1412,1486,1440,1494,1469,1504,1496,1503,1522,1502,1318,1336,1349,1322,1381,1327,1406,1356,1375,1352,1343,1346,1535,1378,1566,1359,1596,1363,1617,1387,1593,1389,1563,1384,1351,1567,1395,1545,1439,1538,1464,1548,1491,1546,1522,1563,1543,1597,1512,1612,1479,1619,1451,1617,1423,1611,1385,1594,1367,1567,1434,1564,1461,1570,1487,1572,1529,1592,1484,1588,1456,1587,1429,1582
2131,h,1,1,1228,1228,1673,1673,71.03333333333333,1185,1353,1181,1420,1182,1485,1189,1550,1212,1610,1254,1658,1309,1690,1365,1717,1426,1733,1484,1731,1533,1707,1578,1673,1611,1628,1635,1578,1653,1526,1664,1473,1668,1420,1270,1304,1310,1274,1362,1269,1415,1278,1463,1296,1523,1312,1566,1310,1609,1315,1646,1332,1663,1368,1486,1347,1485,1380,1484,1412,1484,1447,1412,1486,1440,1494,1469,1504,1496,1503,1522,1502,1318,1336,1349,1322,1381,1327,1406,1356,1375,1352,1343,1346,1535,1378,1566,1359,1596,1363,1617,1387,1593,1389,1563,1384,1351,1567,1395,1545,1439,1538,1464,1548,1491,1546,1522,1563,1543,1597,1512,1612,1479,1619,1451,1617,1423,1611,1385,1594,1367,1567,1434,1564,1461,1570,1487,1572,1529,1592,1484,1588,1456,1587,1429,1582
2132,h,1,1,1228,1228,1673,1673,71.06666666666666,1188,1352,1182,1417,1182,1482,1187,1546,1210,1606,1252,1653,1306,1686,1363,1713,1423,1729,1481,1729,1530,1707,1574,1674,1608,1629,1631,1578,1650,1526,1662,1475,1667,1423,1277,1298,1319,1272,1369,1267,1420,1277,1466,1296,1526,1310,1567,1309,1609,1314,1646,1332,1662,1368,1488,1348,1487,1381,1486,1412,1486,1447,1416,1486,1443,1495,1471,1505,1498,1504,1522,1503,1323,1335,1354,1320,1386,1325,1410,1355,1380,1351,1348,1345,1537,1378,1568,1358,1597,1362,1617,1387,1595,1389,1565,1384,1355,1566,1398,1544,1440,1536,1466,1547,1493,1544,1523,1562,1543,1595,1514,1607,1481,1614,1452,1612,1424,1605,1388,1588,1370,1565,1435,1563,1462,1570,1489,1571,1530,1590,1486,1584,1458,1582,1431,1576
2133,h,1,1,1228,1228,1673,1673,71.1,1186,1354,1181,1419,1181,1485,1187,1549,1209,1609,1251,1656,1306,1687,1364,1714,1426,1729,1484,1728,1534,1705,1578,1672,1610,1627,1633,1577,1651,1526,1663,1475,1668,1424,1278,1299,1319,1272,1370,1268,1421,1278,1468,1297,1530,1312,1571,1311,1612,1316,1648,1332,1665,1366,1491,1348,1490,1381,1490,1412,1489,1447,1418,1485,1445,1494,1474,1504,1500,1503,1524,1502,1325,1334,1356,1320,1388,1325,1411,1354,1381,1350,1350,1343,1540,1377,1570,1357,1599,1362,1619,1386,1596,1388,1567,1383,1355,1567,1400,1545,1444,1538,1470,1547,1498,1546,1527,1562,1545,1594,1517,1605,1485,1611,1456,1609,1427,1603,1390,1588,1370,1566,1439,1564,1467,1570,1494,1572,1533,1589,1490,1583,1462,1581,1435,1576
2134,h,1,1,1228,1228,1673,1673,71.13333333333334,1196,1348,1191,1414,1190,1479,1194,1543,1215,1604,1255,1651,1309,1684,1365,1712,1426,1728,1483,1728,1534,1705,1579,1673,1614,1629,1638,1579,1657,1527,1669,1474,1675,1421,1283,1298,1324,1272,1374,1268,1424,1278,1471,1297,1534,1314,1574,1312,1615,1316,1651,1333,1668,1367,1494,1347,1493,1380,1492,1412,1492,1447,1422,1486,1449,1494,1476,1504,1502,1503,1527,1502,1329,1333,1361,1319,1392,1325,1416,1354,1386,1350,1354,1343,1542,1377,1573,1358,1602,1362,1621,1386,1599,1388,1570,1383,1362,1564,1405,1544,1447,1537,1472,1547,1500,1546,1528,1562,1546,1594,1517,1607,1486,1614,1456,1612,1429,1605,1393,1589,1377,1564,1442,1563,1468,1569,1495,1571,1533,1589,1491,1584,1463,1582,1437,1576
2135,h,1,1,1228,1228,1673,1673,71.16666666666667,1196,1348,1191,1414,1190,1479,1194,1543,1215,1604,1255,1651,1309,1684,1365,1712,1426,1728,1483,1728,1534,1705,1579,1673,1614,1629,1638,1579,1657,1527,1669,1474,1675,1421,1283,1298,1324,1272,1374,1268,1424,1278,1471,1297,1534,1314,1574,1312,1615,1316,1651,1333,1668,1367,1494,1347,1493,1380,1492,1412,1492,1447,1422,1486,1449,1494,1476,1504,1502,1503,1527,1502,1329,1333,1361,1319,1392,1325,1416,1354,1386,1350,1354,1343,1542,1377,1573,1358,1602,1362,1621,1386,1599,1388,1570,1383,1362,1564,1405,1544,1447,1537,1472,1547,1500,1546,1528,1562,1546,1594,1517,1607,1486,1614,1456,1612,1429,1605,1393,1589,1377,1564,1442,1563,1468,1569,1495,1571,1533,1589,1491,1584,1463,1582,1437,1576
2136,h,1,1,1176,1176,1711,1711,71.2,1200,1340,1191,1407,1189,1474,1195,1539,1218,1601,1261,1650,1316,1685,1372,1714,1432,1731,1489,1730,1537,1706,1582,1673,1616,1628,1641,1577,1661,1524,1671,1469,1675,1416,1293,1294,1334,1271,1381,1269,1430,1281,1473,1299,1536,1314,1576,1313,1615,1316,1650,1332,1667,1363,1498,1350,1497,1382,1496,1412,1495,1446,1425,1487,1452,1496,1480,1506,1506,1505,1531,1504,1335,1332,1365,1320,1396,1326,1419,1354,1390,1350,1359,1343,1547,1377,1575,1358,1604,1363,1624,1386,1601,1388,1573,1383,1367,1570,1408,1545,1450,1539,1476,1549,1505,1547,1534,1564,1551,1598,1524,1609,1493,1615,1463,1613,1435,1606,1398,1591,1381,1569,1446,1566,1472,1572,1500,1573,1539,1592,1497,1585,1468,1584,1442,1577
2137,h,1,1,1228,1228,1673,1673,71.23333333333333,1196,1353,1189,1419,1187,1487,1192,1552,1214,1612,1255,1659,1311,1692,1369,1718,1429,1732,1485,1731,1533,1710,1577,1678,1609,1635,1633,1587,1652,1536,1665,1483,1671,1431,1290,1297,1332,1271,1382,1267,1433,1277,1478,1297,1544,1313,1584,1312,1622,1317,1655,1332,1672,1365,1504,1348,1502,1380,1501,1412,1501,1446,1430,1486,1456,1494,1483,1504,1508,1504,1532,1503,1336,1332,1368,1318,1400,1324,1423,1352,1393,1348,1362,1342,1549,1376,1580,1357,1609,1363,1627,1386,1605,1388,1577,1383,1366,1567,1409,1545,1452,1538,1477,1548,1506,1547,1533,1564,1549,1596,1522,1610,1492,1616,1462,1615,1435,1608,1398,1592,1381,1567,1447,1564,1473,1570,1501,1572,1537,1591,1497,1587,1469,1585,1443,1579
2138,h,1,1,1228,1228,1673,1673,71.26666666666667,1204,1348,1197,1414,1196,1481,1200,1546,1222,1607,1265,1655,1320,1689,1376,1717,1435,1734,1490,1732,1538,1708,1582,1674,1616,1630,1641,1580,1661,1529,1673,1477,1679,1427,1298,1293,1340,1270,1389,1266,1438,1277,1481,1296,1548,1311,1588,1311,1626,1316,1660,1332,1676,1364,1506,1349,1505,1381,1505,1413,1504,1447,1434,1487,1461,1495,1488,1504,1513,1504,1536,1504,1342,1331,1373,1317,1405,1323,1427,1353,1398,1349,1367,1342,1553,1377,1582,1357,1611,1362,1630,1386,1609,1389,1580,1384,1371,1568,1414,1546,1458,1538,1482,1549,1511,1547,1539,1565,1554,1600,1527,1615,1495,1623,1466,1621,1439,1614,1402,1596,1385,1569,1453,1566,1478,1572,1506,1574,1542,1595,1501,1592,1473,1590,1447,1584
2139,h,1,1,1228,1228,1673,1673,71.3,1204,1348,1197,1414,1196,1481,1200,1546,1222,1607,1265,1655,1320,1689,1376,1717,1435,1734,1490,1732,1538,1708,1582,1674,1616,1630,1641,1580,1661,1529,1673,1477,1679,1427,1298,1293,1340,1270,1389,1266,1438,1277,1481,1296,1548,1311,1588,1311,1626,1316,1660,1332,1676,1364,1506,1349,1505,1381,1505,1413,1504,1447,1434,1487,1461,1495,1488,1504,1513,1504,1536,1504,1342,1331,1373,1317,1405,1323,1427,1353,1398,1349,1367,1342,1553,1377,1582,1357,1611,1362,1630,1386,1609,1389,1580,1384,1371,1568,1414,1546,1458,1538,1482,1549,1511,1547,1539,1565,1554,1600,1527,1615,1495,1623,1466,1621,1439,1614,1402,1596,1385,1569,1453,1566,1478,1572,1506,1574,1542,1595,1501,1592,1473,1590,1447,1584
2140,h,1,1,1277,1228,1723,1673,71.33333333333333,1207,1345,1201,1411,1200,1476,1206,1541,1228,1601,1270,1649,1323,1684,1378,1714,1438,1732,1495,1733,1545,1708,1589,1673,1623,1628,1649,1576,1670,1525,1684,1472,1688,1420,1299,1297,1341,1271,1391,1266,1441,1276,1487,1295,1548,1313,1590,1313,1633,1318,1670,1335,1688,1372,1508,1349,1507,1382,1506,1413,1505,1448,1436,1487,1462,1495,1490,1505,1516,1505,1541,1503,1344,1330,1375,1317,1407,1322,1431,1353,1400,1349,1368,1342,1557,1378,1587,1359,1617,1364,1637,1389,1613,1391,1583,1385,1377,1572,1417,1546,1459,1539,1486,1550,1512,1548,1540,1565,1557,1602,1530,1617,1499,1624,1471,1622,1442,1614,1406,1596,1392,1572,1454,1565,1482,1572,1507,1574,1545,1596,1504,1594,1478,1592,1450,1585
2141,h,1,1,1277,1228,1723,1673,71.36666666666666,1217,1346,1212,1413,1212,1479,1219,1544,1241,1604,1281,1652,1333,1687,1386,1716,1446,1733,1502,1733,1551,1709,1595,1675,1629,1629,1655,1579,1676,1529,1690,1476,1696,1422,1304,1298,1346,1272,1396,1268,1447,1280,1493,1298,1553,1317,1597,1316,1641,1322,1680,1340,1698,1377,1514,1350,1512,1383,1511,1415,1510,1449,1441,1488,1467,1497,1495,1507,1521,1506,1546,1505,1349,1332,1380,1318,1413,1324,1437,1354,1406,1350,1374,1343,1563,1380,1593,1361,1624,1367,1644,1392,1620,1393,1589,1387,1382,1572,1421,1547,1464,1540,1491,1551,1517,1548,1545,1566,1560,1602,1535,1617,1504,1625,1475,1623,1447,1615,1411,1597,1397,1572,1459,1566,1486,1572,1513,1575,1549,1597,1509,1595,1482,1592,1455,1586
2142,h,1,1,1277,1228,1723,1673,71.4,1217,1346,1212,1413,1212,1479,1219,1544,1241,1604,1281,1652,1333,1687,1386,1716,1446,1733,1502,1733,1551,1709,1595,1675,1629,1629,1655,1579,1676,1529,1690,1476,1696,1422,1304,1298,1346,1272,1396,1268,1447,1280,1493,1298,1553,1317,1597,1316,1641,1322,1680,1340,1698,1377,1514,1350,1512,1383,1511,1415,1510,1449,1441,1488,1467,1497,1495,1507,1521,1506,1546,1505,1349,1332,1380,1318,1413,1324,1437,1354,1406,1350,1374,1343,1563,1380,1593,1361,1624,1367,1644,1392,1620,1393,1589,1387,1382,1572,1421,1547,1464,1540,1491,1551,1517,1548,1545,1566,1560,1602,1535,1617,1504,1625,1475,1623,1447,1615,1411,1597,1397,1572,1459,1566,1486,1572,1513,1575,1549,1597,1509,1595,1482,1592,1455,1586
2143,h,1,1,1277,1228,1723,1673,71.43333333333334,1219,1346,1213,1412,1213,1479,1219,1543,1241,1603,1280,1652,1332,1687,1386,1717,1447,1734,1505,1735,1555,1711,1599,1677,1632,1632,1656,1582,1677,1531,1691,1480,1699,1427,1308,1297,1350,1272,1400,1269,1450,1280,1495,1299,1560,1317,1602,1316,1644,1323,1681,1341,1699,1377,1518,1352,1516,1385,1515,1416,1513,1450,1444,1489,1471,1498,1498,1508,1524,1508,1550,1507,1352,1333,1383,1319,1416,1325,1440,1355,1409,1351,1377,1344,1568,1381,1597,1362,1627,1368,1648,1394,1623,1395,1593,1388,1384,1573,1424,1549,1468,1542,1494,1552,1522,1550,1550,1568,1567,1603,1539,1617,1508,1624,1479,1621,1450,1614,1414,1597,1399,1573,1462,1568,1490,1574,1516,1577,1554,1597,1513,1594,1486,1592,1459,1586
2144,h,1,1,1236,1176,1771,1711,71.46666666666667,1207,1356,1200,1421,1200,1487,1208,1551,1233,1610,1276,1656,1331,1688,1385,1717,1446,1736,1502,1737,1553,1715,1598,1681,1631,1635,1656,1584,1677,1534,1691,1481,1696,1428,1310,1299,1353,1274,1403,1271,1454,1283,1500,1302,1561,1321,1602,1320,1645,1325,1682,1344,1699,1382,1520,1352,1519,1385,1518,1416,1517,1450,1447,1491,1474,1500,1502,1510,1528,1510,1553,1509,1353,1335,1384,1322,1417,1327,1441,1358,1410,1353,1378,1346,1568,1385,1598,1365,1628,1370,1649,1396,1624,1396,1594,1391,1384,1575,1425,1549,1469,1542,1497,1552,1525,1551,1552,1569,1570,1607,1541,1618,1511,1625,1482,1622,1452,1614,1415,1597,1400,1574,1464,1568,1493,1575,1519,1577,1557,1600,1516,1595,1489,1592,1460,1585
2145,h,1,1,1277,1228,1723,1673,71.5,1222,1349,1215,1414,1214,1480,1219,1544,1241,1604,1282,1652,1336,1686,1390,1714,1452,1732,1509,1734,1558,1712,1601,1679,1633,1635,1658,1586,1679,1536,1692,1484,1698,1432,1315,1297,1358,1273,1409,1270,1458,1282,1503,1301,1565,1319,1607,1319,1648,1324,1685,1342,1701,1379,1525,1354,1523,1386,1523,1418,1522,1451,1450,1491,1477,1499,1505,1509,1531,1509,1556,1509,1360,1335,1391,1321,1423,1327,1446,1358,1416,1353,1384,1346,1572,1384,1601,1364,1631,1370,1651,1396,1628,1397,1598,1391,1390,1573,1431,1549,1474,1543,1500,1554,1528,1552,1555,1570,1572,1606,1544,1619,1513,1624,1484,1621,1456,1613,1420,1595,1405,1572,1469,1569,1495,1576,1522,1579,1559,1600,1519,1595,1492,1592,1465,1585
2146,h,1,1,1277,1228,1723,1673,71.53333333333333,1222,1349,1215,1414,1214,1480,1219,1544,1241,1604,1282,1652,1336,1686,1390,1714,1452,1732,1509,1734,1558,1712,1601,1679,1633,1635,1658,1586,1679,1536,1692,1484,1698,1432,1315,1297,1358,1273,1409,1270,1458,1282,1503,1301,1565,1319,1607,1319,1648,1324,1685,1342,1701,1379,1525,1354,1523,1386,1523,1418,1522,1451,1450,1491,1477,1499,1505,1509,1531,1509,1556,1509,1360,1335,1391,1321,1423,1327,1446,1358,1416,1353,1384,1346,1572,1384,1601,1364,1631,1370,1651,1396,1628,1397,1598,1391,1390,1573,1431,1549,1474,1543,1500,1554,1528,1552,1555,1570,1572,1606,1544,1619,1513,1624,1484,1621,1456,1613,1420,1595,1405,1572,1469,1569,1495,1576,1522,1579,1559,1600,1519,1595,1492,1592,1465,1585
2147,h,1,1,1236,1176,1771,1711,71.56666666666666,1216,1354,1211,1419,1211,1483,1217,1547,1240,1608,1285,1654,1340,1688,1395,1718,1454,1737,1509,1738,1559,1715,1602,1680,1635,1635,1659,1586,1681,1535,1693,1483,1697,1431,1313,1301,1355,1275,1406,1272,1457,1283,1504,1302,1566,1321,1608,1321,1649,1326,1686,1343,1703,1379,1525,1355,1525,1387,1524,1418,1523,1451,1454,1492,1481,1501,1508,1511,1533,1512,1559,1511,1359,1337,1390,1322,1423,1328,1447,1359,1415,1354,1383,1347,1573,1386,1603,1367,1633,1372,1654,1399,1630,1398,1600,1393,1390,1570,1434,1552,1478,1544,1504,1556,1530,1554,1558,1573,1576,1608,1546,1621,1516,1626,1488,1623,1460,1616,1423,1597,1405,1572,1473,1571,1500,1578,1525,1581,1563,1603,1521,1596,1495,1593,1468,1587
2148,h,1,1,1236,1176,1771,1711,71.6,1217,1356,1210,1420,1210,1485,1217,1549,1241,1609,1285,1655,1341,1688,1398,1715,1459,1731,1514,1731,1563,1707,1606,1674,1638,1629,1663,1580,1682,1530,1694,1480,1700,1429,1317,1296,1360,1273,1411,1272,1460,1284,1506,1303,1569,1322,1607,1323,1645,1327,1678,1340,1694,1370,1528,1354,1527,1387,1526,1418,1526,1452,1454,1492,1481,1501,1509,1512,1535,1512,1560,1510,1361,1337,1393,1323,1426,1329,1450,1359,1418,1355,1386,1347,1574,1386,1603,1367,1634,1372,1653,1397,1630,1398,1600,1393,1392,1572,1438,1553,1481,1547,1505,1559,1530,1557,1557,1574,1576,1606,1545,1615,1515,1619,1490,1616,1463,1608,1427,1593,1408,1572,1475,1573,1501,1580,1525,1582,1563,1600,1522,1589,1497,1586,1471,1579
2149,h,1,1,1236,1176,1771,1711,71.63333333333334,1217,1354,1210,1419,1208,1484,1214,1550,1239,1609,1284,1654,1340,1684,1396,1710,1455,1726,1508,1727,1557,1705,1599,1673,1633,1630,1658,1584,1680,1534,1693,1484,1698,1434,1317,1298,1360,1274,1410,1273,1460,1285,1506,1304,1570,1324,1609,1324,1649,1329,1683,1344,1698,1377,1529,1357,1528,1388,1527,1419,1526,1452,1456,1492,1482,1501,1509,1512,1534,1512,1559,1512,1361,1337,1393,1323,1426,1329,1450,1360,1418,1356,1386,1348,1575,1387,1604,1367,1634,1373,1653,1398,1630,1400,1601,1394,1393,1568,1440,1553,1483,1547,1506,1558,1530,1556,1556,1572,1574,1603,1544,1609,1516,1612,1490,1610,1465,1603,1430,1590,1408,1569,1478,1571,1502,1578,1526,1581,1563,1597,1522,1583,1497,1580,1473,1574
2150,h,1,1,1236,1176,1771,1711,71.66666666666667,1217,1354,1210,1419,1208,1484,1214,1550,1239,1609,1284,1654,1340,1684,1396,1710,1455,1726,1508,1727,1557,1705,1599,1673,1633,1630,1658,1584,1680,1534,1693,1484,1698,1434,1317,1298,1360,1274,1410,1273,1460,1285,1506,1304,1570,1324,1609,1324,1649,1329,1683,1344,1698,1377,1529,1357,1528,1388,1527,1419,1526,1452,1456,1492,1482,1501,1509,1512,1534,1512,1559,1512,1361,1337,1393,1323,1426,1329,1450,1360,1418,1356,1386,1348,1575,1387,1604,1367,1634,1373,1653,1398,1630,1400,1601,1394,1393,1568,1440,1553,1483,1547,1506,1558,1530,1556,1556,1572,1574,1603,1544,1609,1516,1612,1490,1610,1465,1603,1430,1590,1408,1569,1478,1571,1502,1578,1526,1581,1563,1597,1522,1583,1497,1580,1473,1574
2151,h,1,1,1236,1176,1771,1711,71.7,1210,1359,1204,1424,1202,1490,1208,1554,1233,1613,1279,1657,1337,1686,1395,1711,1456,1728,1510,1729,1559,1708,1602,1676,1636,1633,1661,1586,1682,1536,1695,1485,1699,1436,1317,1296,1361,1273,1412,1272,1462,1284,1507,1305,1569,1324,1607,1323,1646,1327,1681,1341,1698,1372,1529,1355,1528,1388,1528,1419,1527,1454,1455,1492,1482,1501,1510,1512,1535,1512,1560,1511,1360,1338,1392,1324,1424,1329,1449,1360,1417,1356,1385,1348,1574,1386,1604,1367,1634,1373,1653,1398,1630,1399,1601,1394,1393,1569,1439,1552,1482,1547,1506,1557,1530,1556,1557,1572,1575,1602,1545,1611,1516,1614,1490,1611,1464,1604,1428,1590,1407,1569,1477,1571,1502,1578,1526,1581,1563,1597,1522,1584,1497,1581,1473,1575
2152,h,1,1,1236,1176,1771,1711,71.73333333333333,1213,1356,1205,1420,1204,1486,1211,1550,1237,1610,1281,1655,1336,1688,1393,1715,1453,1734,1510,1734,1560,1711,1603,1679,1636,1635,1660,1587,1681,1537,1694,1487,1698,1438,1315,1295,1359,1272,1409,1271,1459,1283,1505,1304,1567,1323,1606,1322,1645,1327,1680,1342,1697,1374,1526,1355,1525,1388,1525,1419,1524,1453,1454,1494,1481,1503,1508,1513,1533,1513,1557,1512,1359,1337,1390,1322,1423,1328,1448,1360,1416,1355,1384,1347,1573,1387,1603,1367,1633,1372,1653,1399,1630,1399,1600,1394,1390,1571,1436,1554,1479,1548,1505,1559,1529,1556,1556,1572,1575,1603,1544,1611,1516,1616,1490,1614,1463,1607,1426,1592,1404,1572,1474,1573,1501,1580,1525,1582,1562,1597,1521,1586,1497,1584,1470,1578
2153,h,1,1,1236,1176,1771,1711,71.76666666666667,1215,1358,1207,1423,1206,1488,1215,1553,1242,1613,1288,1658,1343,1693,1398,1722,1457,1739,1510,1738,1558,1712,1601,1676,1635,1630,1661,1580,1682,1529,1694,1478,1697,1428,1317,1296,1360,1273,1410,1272,1460,1285,1505,1305,1568,1323,1606,1321,1644,1325,1678,1338,1695,1368,1528,1357,1526,1389,1526,1419,1525,1453,1453,1494,1481,1503,1508,1514,1534,1514,1559,1512,1361,1337,1393,1324,1426,1329,1450,1361,1418,1356,1386,1348,1573,1387,1603,1367,1633,1371,1653,1397,1630,1398,1601,1393,1391,1572,1434,1553,1478,1547,1504,1559,1529,1556,1557,1574,1576,1608,1545,1624,1515,1633,1487,1631,1459,1623,1423,1602,1405,1575,1473,1573,1499,1580,1525,1582,1564,1603,1521,1602,1494,1600,1468,1593
2154,h,1,1,1236,1176,1771,1711,71.8,1215,1358,1207,1423,1206,1488,1215,1553,1242,1613,1288,1658,1343,1693,1398,1722,1457,1739,1510,1738,1558,1712,1601,1676,1635,1630,1661,1580,1682,1529,1694,1478,1697,1428,1317,1296,1360,1273,1410,1272,1460,1285,1505,1305,1568,1323,1606,1321,1644,1325,1678,1338,1695,1368,1528,1357,1526,1389,1526,1419,1525,1453,1453,1494,1481,1503,1508,1514,1534,1514,1559,1512,1361,1337,1393,1324,1426,1329,1450,1361,1418,1356,1386,1348,1573,1387,1603,1367,1633,1371,1653,1397,1630,1398,1601,1393,1391,1572,1434,1553,1478,1547,1504,1559,1529,1556,1557,1574,1576,1608,1545,1624,1515,1633,1487,1631,1459,1623,1423,1602,1405,1575,1473,1573,1499,1580,1525,1582,1564,1603,1521,1602,1494,1600,1468,1593
2155,h,1,1,1236,1176,1771,1711,71.83333333333333,1216,1351,1208,1416,1206,1482,1213,1547,1239,1609,1284,1656,1339,1691,1394,1723,1452,1741,1506,1741,1554,1715,1598,1678,1633,1632,1660,1582,1682,1529,1694,1475,1699,1423,1316,1296,1358,1274,1408,1272,1458,1285,1503,1305,1563,1324,1601,1322,1640,1326,1675,1338,1695,1367,1524,1356,1523,1388,1523,1419,1523,1453,1451,1494,1479,1503,1506,1514,1533,1514,1558,1512,1359,1337,1390,1324,1423,1330,1448,1360,1415,1356,1384,1348,1570,1386,1600,1368,1630,1372,1651,1396,1627,1398,1597,1393,1389,1574,1432,1554,1476,1548,1502,1559,1528,1557,1557,1574,1573,1609,1544,1627,1513,1637,1485,1635,1457,1627,1421,1605,1404,1576,1471,1572,1498,1579,1523,1582,1561,1604,1519,1607,1493,1605,1465,1598
2156,h,1,1,1236,1176,1771,1711,71.86666666666666,1210,1353,1201,1419,1199,1485,1207,1551,1233,1612,1278,1659,1334,1695,1390,1726,1450,1745,1505,1744,1553,1719,1597,1682,1632,1635,1659,1584,1679,1530,1690,1477,1694,1424,1311,1298,1354,1274,1405,1272,1455,1285,1501,1306,1562,1325,1599,1323,1637,1326,1671,1338,1689,1368,1522,1357,1522,1389,1522,1420,1522,1453,1450,1495,1477,1504,1504,1515,1530,1515,1555,1513,1356,1338,1387,1325,1419,1331,1443,1362,1411,1357,1380,1349,1569,1387,1598,1368,1627,1372,1647,1396,1624,1398,1595,1393,1383,1576,1428,1554,1474,1547,1500,1558,1527,1556,1555,1574,1571,1610,1543,1626,1512,1635,1483,1633,1455,1625,1417,1605,1399,1577,1468,1575,1496,1582,1522,1584,1558,1605,1518,1604,1491,1602,1463,1595
2157,h,1,1,1236,1176,1771,1711,71.9,1210,1353,1201,1419,1199,1485,1207,1551,1233,1612,1278,1659,1334,1695,1390,1726,1450,1745,1505,1744,1553,1719,1597,1682,1632,1635,1659,1584,1679,1530,1690,1477,1694,1424,1311,1298,1354,1274,1405,1272,1455,1285,1501,1306,1562,1325,1599,1323,1637,1326,1671,1338,1689,1368,1522,1357,1522,1389,1522,1420,1522,1453,1450,1495,1477,1504,1504,1515,1530,1515,1555,1513,1356,1338,1387,1325,1419,1331,1443,1362,1411,1357,1380,1349,1569,1387,1598,1368,1627,1372,1647,1396,1624,1398,1595,1393,1383,1576,1428,1554,1474,1547,1500,1558,1527,1556,1555,1574,1571,1610,1543,1626,1512,1635,1483,1633,1455,1625,1417,1605,1399,1577,1468,1575,1496,1582,1522,1584,1558,1605,1518,1604,1491,1602,1463,1595
2158,h,1,1,1236,1176,1771,1711,71.93333333333334,1214,1349,1206,1415,1205,1481,1213,1547,1238,1606,1283,1653,1337,1689,1391,1720,1450,1738,1505,1738,1552,1714,1594,1680,1627,1635,1653,1586,1675,1535,1688,1482,1692,1429,1313,1296,1356,1273,1406,1273,1455,1285,1500,1304,1560,1324,1598,1322,1637,1327,1671,1341,1690,1370,1521,1354,1520,1388,1520,1419,1519,1453,1447,1494,1474,1503,1502,1514,1529,1514,1554,1512,1355,1336,1387,1323,1419,1329,1443,1360,1411,1355,1380,1348,1568,1386,1597,1368,1627,1373,1647,1398,1623,1399,1594,1393,1387,1576,1427,1552,1471,1547,1497,1558,1524,1556,1552,1574,1568,1610,1541,1624,1510,1632,1482,1630,1454,1622,1417,1603,1402,1577,1466,1574,1493,1581,1519,1583,1555,1604,1516,1601,1489,1599,1462,1592
2159,h,1,1,1236,1176,1771,1711,71.96666666666667,1214,1350,1207,1414,1206,1480,1214,1544,1239,1604,1282,1651,1335,1687,1388,1718,1448,1737,1503,1738,1553,1712,1597,1677,1630,1630,1655,1580,1675,1530,1687,1477,1692,1425,1311,1297,1353,1273,1402,1272,1451,1285,1497,1303,1559,1323,1599,1322,1638,1326,1673,1339,1692,1371,1519,1355,1518,1388,1517,1420,1517,1454,1446,1494,1473,1503,1501,1514,1527,1513,1552,1512,1353,1338,1384,1325,1417,1330,1441,1359,1409,1355,1378,1348,1568,1386,1597,1368,1627,1373,1647,1397,1623,1398,1594,1393,1384,1575,1424,1552,1468,1547,1495,1558,1522,1556,1551,1573,1567,1608,1539,1622,1508,1630,1479,1628,1450,1620,1413,1601,1399,1575,1463,1574,1491,1582,1517,1584,1554,1602,1514,1598,1486,1596,1458,1589
2160,h,1,1,1236,1176,1771,1711,72.0,1211,1352,1204,1417,1203,1482,1210,1545,1235,1604,1279,1651,1334,1685,1388,1715,1448,1734,1503,1734,1552,1710,1596,1676,1629,1629,1655,1580,1676,1529,1687,1476,1692,1424,1307,1300,1349,1275,1400,1273,1451,1285,1497,1303,1554,1321,1594,1321,1636,1326,1672,1342,1691,1376,1517,1354,1516,1387,1516,1419,1515,1453,1444,1494,1471,1503,1499,1513,1526,1513,1552,1512,1351,1337,1383,1324,1415,1330,1439,1360,1408,1355,1376,1348,1565,1387,1594,1368,1624,1373,1646,1398,1621,1399,1592,1393,1381,1573,1424,1552,1468,1547,1496,1558,1523,1556,1550,1574,1567,1608,1538,1623,1508,1630,1479,1627,1450,1619,1413,1601,1396,1575,1463,1573,1491,1580,1518,1583,1554,1603,1514,1599,1486,1596,1458,1589
2161,h,1,1,1236,1176,1771,1711,72.03333333333333,1211,1352,1204,1417,1203,1482,1210,1545,1235,1604,1279,1651,1334,1685,1388,1715,1448,1734,1503,1734,1552,1710,1596,1676,1629,1629,1655,1580,1676,1529,1687,1476,1692,1424,1307,1300,1349,1275,1400,1273,1451,1285,1497,1303,1554,1321,1594,1321,1636,1326,1672,1342,1691,1376,1517,1354,1516,1387,1516,1419,1515,1453,1444,1494,1471,1503,1499,1513,1526,1513,1552,1512,1351,1337,1383,1324,1415,1330,1439,1360,1408,1355,1376,1348,1565,1387,1594,1368,1624,1373,1646,1398,1621,1399,1592,1393,1381,1573,1424,1552,1468,1547,1496,1558,1523,1556,1550,1574,1567,1608,1538,1623,1508,1630,1479,1627,1450,1619,1413,1601,1396,1575,1463,1573,1491,1580,1518,1583,1554,1603,1514,1599,1486,1596,1458,1589
2162,h,1,1,1236,1176,1771,1711,72.06666666666666,1212,1350,1205,1416,1204,1481,1212,1547,1238,1606,1283,1653,1337,1687,1392,1716,1452,1733,1505,1733,1554,1707,1595,1672,1628,1626,1652,1576,1671,1525,1683,1473,1687,1422,1309,1298,1351,1274,1401,1273,1451,1285,1496,1304,1555,1323,1594,1321,1634,1325,1669,1340,1688,1373,1516,1357,1515,1390,1515,1421,1514,1454,1442,1494,1469,1503,1498,1514,1525,1514,1550,1513,1351,1337,1382,1324,1414,1330,1438,1360,1407,1356,1376,1348,1564,1387,1592,1368,1622,1373,1644,1398,1619,1399,1590,1394,1381,1574,1423,1553,1468,1547,1494,1558,1520,1556,1549,1574,1569,1608,1539,1622,1507,1629,1480,1626,1452,1618,1414,1599,1397,1575,1463,1573,1491,1580,1515,1583,1555,1603,1513,1598,1487,1595,1459,1588
2163,h,1,1,1236,1176,1771,1711,72.1,1222,1344,1214,1409,1211,1475,1217,1541,1241,1602,1282,1651,1334,1687,1387,1719,1446,1737,1501,1737,1550,1711,1595,1677,1630,1632,1657,1582,1679,1531,1693,1477,1698,1424,1307,1301,1349,1276,1399,1275,1448,1288,1493,1306,1556,1324,1598,1323,1640,1327,1677,1344,1695,1380,1515,1356,1513,1388,1511,1420,1510,1454,1440,1494,1467,1503,1496,1514,1523,1513,1550,1511,1354,1336,1383,1324,1415,1330,1439,1359,1408,1354,1377,1347,1565,1385,1593,1367,1623,1373,1645,1397,1620,1398,1590,1393,1380,1573,1422,1554,1465,1547,1491,1558,1517,1556,1546,1573,1566,1607,1536,1620,1504,1627,1477,1624,1449,1617,1412,1599,1396,1574,1461,1573,1487,1580,1513,1582,1552,1601,1510,1597,1484,1595,1457,1588
2164,h,1,1,1236,1176,1771,1711,72.13333333333334,1213,1344,1205,1410,1204,1477,1210,1543,1236,1603,1279,1651,1333,1687,1388,1717,1449,1735,1504,1734,1553,1708,1596,1672,1630,1626,1655,1576,1674,1524,1685,1472,1689,1420,1308,1295,1350,1273,1400,1273,1448,1286,1495,1305,1557,1325,1596,1324,1635,1327,1671,1338,1689,1368,1516,1357,1515,1389,1514,1421,1513,1454,1442,1494,1469,1503,1498,1514,1524,1514,1549,1512,1352,1336,1383,1323,1415,1330,1439,1360,1408,1356,1376,1348,1563,1386,1592,1367,1622,1373,1643,1397,1619,1399,1589,1394,1381,1575,1423,1554,1466,1548,1493,1559,1518,1556,1546,1574,1566,1607,1536,1620,1506,1626,1479,1624,1451,1617,1414,1599,1397,1576,1462,1574,1489,1581,1514,1583,1552,1602,1511,1596,1486,1594,1458,1588
2165,h,1,1,1236,1176,1771,1711,72.16666666666667,1213,1344,1205,1410,1204,1477,1210,1543,1236,1603,1279,1651,1333,1687,1388,1717,1449,1735,1504,1734,1553,1708,1596,1672,1630,1626,1655,1576,1674,1524,1685,1472,1689,1420,1308,1295,1350,1273,1400,1273,1448,1286,1495,1305,1557,1325,1596,1324,1635,1327,1671,1338,1689,1368,1516,1357,1515,1389,1514,1421,1513,1454,1442,1494,1469,1503,1498,1514,1524,1514,1549,1512,1352,1336,1383,1323,1415,1330,1439,1360,1408,1356,1376,1348,1563,1386,1592,1367,1622,1373,1643,1397,1619,1399,1589,1394,1381,1575,1423,1554,1466,1548,1493,1559,1518,1556,1546,1574,1566,1607,1536,1620,1506,1626,1479,1624,1451,1617,1414,1599,1397,1576,1462,1574,1489,1581,1514,1583,1552,1602,1511,1596,1486,1594,1458,1588
2166,h,1,1,1236,1176,1771,1711,72.2,1212,1348,1204,1413,1201,1478,1210,1544,1236,1603,1281,1650,1335,1685,1390,1714,1450,1730,1505,1730,1552,1704,1594,1670,1628,1625,1653,1575,1673,1525,1686,1473,1690,1423,1309,1296,1352,1274,1401,1273,1450,1286,1495,1305,1556,1322,1595,1322,1634,1326,1669,1339,1688,1369,1516,1356,1515,1388,1514,1419,1514,1453,1442,1493,1470,1502,1498,1513,1524,1513,1549,1512,1353,1336,1383,1323,1416,1330,1439,1360,1408,1356,1376,1348,1562,1386,1591,1366,1622,1371,1643,1396,1619,1398,1589,1393,1380,1573,1423,1552,1466,1547,1492,1558,1518,1556,1547,1573,1566,1606,1536,1617,1505,1622,1478,1619,1450,1612,1414,1595,1395,1573,1461,1573,1488,1580,1513,1582,1553,1600,1511,1594,1485,1591,1458,1585
2167,h,1,1,1236,1176,1771,1711,72.23333333333333,1209,1351,1202,1416,1200,1482,1207,1548,1231,1607,1275,1653,1330,1688,1387,1716,1449,1733,1505,1733,1555,1709,1597,1673,1629,1628,1653,1578,1673,1528,1685,1476,1689,1425,1303,1296,1347,1272,1398,1272,1448,1285,1495,1304,1553,1323,1593,1321,1632,1324,1668,1337,1688,1367,1515,1357,1515,1388,1514,1419,1513,1452,1439,1493,1468,1502,1497,1513,1523,1513,1548,1511,1349,1336,1380,1323,1413,1330,1438,1360,1406,1356,1374,1348,1561,1386,1592,1367,1622,1372,1643,1396,1619,1398,1589,1393,1378,1571,1422,1552,1467,1547,1492,1558,1517,1555,1546,1572,1565,1605,1535,1615,1504,1620,1477,1617,1450,1610,1412,1593,1393,1572,1461,1574,1488,1581,1513,1583,1552,1599,1510,1588,1484,1586,1458,1580
2168,h,1,1,1236,1176,1771,1711,72.26666666666667,1210,1348,1203,1414,1200,1480,1206,1545,1230,1606,1274,1651,1329,1684,1385,1712,1445,1730,1501,1730,1549,1707,1591,1675,1625,1631,1650,1583,1671,1532,1685,1480,1689,1428,1306,1293,1348,1272,1398,1272,1446,1285,1491,1305,1556,1324,1594,1322,1633,1325,1668,1339,1685,1370,1516,1356,1515,1387,1514,1418,1513,1451,1441,1492,1468,1501,1496,1512,1522,1512,1547,1511,1350,1335,1381,1323,1413,1330,1437,1359,1405,1354,1374,1346,1561,1386,1591,1367,1621,1372,1642,1396,1618,1398,1588,1392,1381,1568,1425,1551,1468,1546,1493,1557,1517,1555,1544,1572,1565,1603,1534,1612,1505,1615,1478,1613,1452,1606,1415,1590,1396,1569,1463,1572,1489,1579,1513,1582,1552,1597,1510,1585,1485,1582,1459,1576
2169,h,1,1,1236,1176,1771,1711,72.3,1210,1348,1203,1414,1200,1480,1206,1545,1230,1606,1274,1651,1329,1684,1385,1712,1445,1730,1501,1730,1549,1707,1591,1675,1625,1631,1650,1583,1671,1532,1685,1480,1689,1428,1306,1293,1348,1272,1398,1272,1446,1285,1491,1305,1556,1324,1594,1322,1633,1325,1668,1339,1685,1370,1516,1356,1515,1387,1514,1418,1513,1451,1441,1492,1468,1501,1496,1512,1522,1512,1547,1511,1350,1335,1381,1323,1413,1330,1437,1359,1405,1354,1374,1346,1561,1386,1591,1367,1621,1372,1642,1396,1618,1398,1588,1392,1381,1568,1425,1551,1468,1546,1493,1557,1517,1555,1544,1572,1565,1603,1534,1612,1505,1615,1478,1613,1452,1606,1415,1590,1396,1569,1463,1572,1489,1579,1513,1582,1552,1597,1510,1585,1485,1582,1459,1576
2170,h,1,1,1277,1228,1723,1673,72.33333333333333,1209,1350,1201,1415,1199,1481,1205,1546,1228,1605,1271,1651,1325,1683,1381,1710,1441,1726,1496,1727,1545,1705,1588,1673,1621,1629,1646,1580,1666,1530,1679,1479,1685,1428,1301,1300,1343,1274,1395,1271,1445,1283,1491,1303,1556,1322,1596,1320,1638,1325,1675,1342,1691,1378,1515,1355,1513,1388,1512,1419,1511,1452,1440,1492,1467,1501,1495,1511,1521,1510,1546,1509,1347,1336,1378,1324,1410,1330,1434,1358,1403,1355,1372,1348,1561,1384,1591,1367,1621,1372,1641,1396,1617,1397,1588,1392,1379,1569,1424,1552,1467,1547,1491,1557,1516,1555,1541,1571,1559,1599,1531,1608,1502,1611,1476,1608,1450,1602,1413,1586,1394,1569,1461,1570,1487,1577,1511,1579,1547,1593,1508,1583,1484,1580,1458,1574
2171,h,1,1,1277,1228,1723,1673,72.36666666666666,1209,1350,1203,1415,1201,1480,1207,1545,1229,1604,1272,1650,1326,1682,1383,1709,1444,1725,1501,1726,1551,1704,1594,1673,1626,1629,1649,1580,1669,1531,1683,1480,1689,1429,1300,1298,1343,1273,1395,1271,1445,1283,1492,1303,1553,1323,1596,1321,1639,1325,1677,1342,1694,1379,1514,1354,1513,1387,1512,1418,1511,1453,1440,1492,1467,1500,1495,1511,1521,1510,1546,1509,1346,1336,1378,1323,1410,1329,1434,1358,1403,1355,1371,1347,1561,1385,1591,1367,1621,1372,1642,1396,1618,1398,1588,1392,1376,1569,1422,1553,1465,1548,1491,1558,1516,1556,1543,1572,1562,1601,1533,1609,1503,1613,1476,1610,1449,1603,1412,1588,1392,1570,1460,1572,1487,1578,1511,1581,1549,1596,1509,1584,1483,1581,1457,1575
2172,h,1,1,1277,1228,1723,1673,72.4,1209,1350,1203,1415,1201,1480,1207,1545,1229,1604,1272,1650,1326,1682,1383,1709,1444,1725,1501,1726,1551,1704,1594,1673,1626,1629,1649,1580,1669,1531,1683,1480,1689,1429,1300,1298,1343,1273,1395,1271,1445,1283,1492,1303,1553,1323,1596,1321,1639,1325,1677,1342,1694,1379,1514,1354,1513,1387,1512,1418,1511,1453,1440,1492,1467,1500,1495,1511,1521,1510,1546,1509,1346,1336,1378,1323,1410,1329,1434,1358,1403,1355,1371,1347,1561,1385,1591,1367,1621,1372,1642,1396,1618,1398,1588,1392,1376,1569,1422,1553,1465,1548,1491,1558,1516,1556,1543,1572,1562,1601,1533,1609,1503,1613,1476,1610,1449,1603,1412,1588,1392,1570,1460,1572,1487,1578,1511,1581,1549,1596,1509,1584,1483,1581,1457,1575
2173,h,1,1,1236,1176,1771,1711,72.43333333333334,1202,1353,1194,1418,1192,1484,1200,1549,1225,1609,1271,1655,1327,1687,1382,1716,1443,1733,1498,1732,1547,1707,1590,1674,1623,1628,1647,1579,1669,1528,1681,1477,1685,1427,1302,1293,1345,1271,1395,1270,1445,1282,1490,1303,1553,1322,1591,1320,1630,1323,1665,1335,1683,1365,1513,1355,1512,1387,1511,1418,1511,1451,1439,1494,1467,1503,1495,1513,1521,1513,1546,1510,1346,1336,1378,1322,1411,1328,1436,1358,1403,1355,1371,1348,1559,1384,1589,1365,1620,1369,1641,1395,1616,1397,1586,1392,1377,1572,1423,1555,1467,1550,1492,1562,1516,1558,1542,1573,1561,1603,1531,1615,1503,1621,1477,1620,1450,1613,1413,1595,1393,1573,1462,1575,1488,1582,1511,1583,1548,1599,1508,1590,1484,1588,1458,1582
2174,h,1,1,1236,1176,1771,1711,72.46666666666667,1197,1354,1190,1419,1187,1486,1195,1551,1222,1611,1267,1659,1322,1693,1378,1721,1440,1739,1496,1738,1546,1713,1589,1676,1622,1628,1646,1577,1667,1526,1679,1474,1682,1423,1297,1295,1340,1272,1392,1271,1443,1283,1491,1303,1552,1322,1591,1321,1630,1324,1664,1336,1682,1366,1511,1353,1511,1385,1511,1416,1510,1449,1439,1493,1466,1502,1494,1513,1520,1512,1545,1510,1344,1336,1377,1323,1410,1328,1435,1359,1402,1355,1370,1347,1559,1384,1589,1366,1620,1370,1640,1395,1616,1397,1586,1391,1375,1577,1420,1557,1465,1552,1491,1564,1516,1561,1542,1575,1561,1606,1530,1619,1501,1625,1474,1623,1447,1616,1409,1600,1390,1577,1460,1577,1487,1583,1511,1585,1549,1601,1506,1597,1482,1595,1455,1588
2175,h,1,1,1236,1176,1771,1711,72.5,1196,1357,1188,1424,1187,1491,1196,1556,1223,1617,1268,1666,1323,1701,1379,1729,1440,1747,1496,1745,1546,1720,1588,1682,1621,1632,1645,1581,1667,1529,1679,1476,1683,1425,1302,1292,1346,1272,1395,1272,1445,1284,1491,1302,1553,1321,1589,1320,1626,1323,1658,1333,1677,1360,1511,1353,1511,1385,1510,1416,1509,1450,1438,1492,1465,1501,1493,1512,1518,1512,1543,1509,1343,1336,1375,1325,1408,1329,1432,1358,1400,1354,1369,1346,1558,1383,1587,1366,1618,1370,1638,1393,1614,1395,1584,1390,1373,1580,1416,1554,1462,1548,1489,1558,1514,1557,1542,1574,1559,1611,1530,1629,1499,1638,1472,1636,1443,1628,1404,1610,1389,1580,1457,1575,1484,1581,1509,1584,1545,1606,1505,1608,1479,1606,1451,1599
2176,h,1,1,1236,1176,1771,1711,72.53333333333333,1196,1357,1188,1424,1187,1491,1196,1556,1223,1617,1268,1666,1323,1701,1379,1729,1440,1747,1496,1745,1546,1720,1588,1682,1621,1632,1645,1581,1667,1529,1679,1476,1683,1425,1302,1292,1346,1272,1395,1272,1445,1284,1491,1302,1553,1321,1589,1320,1626,1323,1658,1333,1677,1360,1511,1353,1511,1385,1510,1416,1509,1450,1438,1492,1465,1501,1493,1512,1518,1512,1543,1509,1343,1336,1375,1325,1408,1329,1432,1358,1400,1354,1369,1346,1558,1383,1587,1366,1618,1370,1638,1393,1614,1395,1584,1390,1373,1580,1416,1554,1462,1548,1489,1558,1514,1557,1542,1574,1559,1611,1530,1629,1499,1638,1472,1636,1443,1628,1404,1610,1389,1580,1457,1575,1484,1581,1509,1584,1545,1606,1505,1608,1479,1606,1451,1599
2177,h,1,1,1236,1176,1771,1711,72.56666666666666,1198,1352,1189,1418,1187,1485,1197,1550,1223,1611,1268,1659,1323,1694,1378,1723,1441,1739,1497,1738,1545,1712,1589,1675,1623,1628,1649,1578,1671,1525,1682,1473,1685,1422,1298,1298,1340,1274,1391,1271,1441,1283,1489,1303,1548,1322,1586,1320,1624,1324,1658,1338,1678,1368,1508,1355,1508,1387,1507,1417,1507,1450,1436,1493,1463,1503,1491,1513,1517,1512,1543,1510,1341,1340,1373,1327,1406,1333,1431,1361,1399,1359,1366,1351,1554,1387,1585,1370,1615,1375,1636,1398,1611,1400,1581,1395,1373,1576,1418,1555,1462,1548,1488,1559,1512,1557,1540,1573,1558,1607,1528,1623,1499,1630,1472,1628,1444,1621,1407,1603,1389,1577,1457,1575,1483,1581,1508,1583,1545,1602,1504,1600,1479,1598,1453,1592
2178,h,1,1,1236,1176,1771,1711,72.6,1200,1352,1193,1417,1190,1482,1199,1547,1224,1607,1268,1654,1323,1687,1381,1713,1443,1729,1500,1729,1549,1707,1591,1672,1623,1625,1647,1576,1667,1525,1678,1474,1682,1423,1297,1296,1341,1272,1392,1271,1443,1284,1491,1304,1547,1323,1587,1321,1627,1325,1662,1338,1681,1370,1509,1354,1509,1386,1509,1416,1509,1449,1436,1493,1463,1502,1493,1513,1519,1512,1544,1509,1340,1338,1373,1327,1406,1332,1433,1359,1399,1357,1366,1350,1554,1385,1586,1370,1616,1375,1638,1397,1613,1400,1582,1394,1376,1571,1423,1556,1465,1550,1490,1561,1513,1558,1539,1574,1558,1603,1529,1613,1501,1617,1475,1614,1449,1607,1413,1592,1392,1572,1460,1574,1485,1581,1509,1583,1546,1598,1506,1585,1482,1583,1457,1575
2179,h,1,1,1176,1176,1711,1711,72.63333333333334,1200,1339,1190,1405,1185,1474,1190,1540,1213,1603,1257,1654,1315,1688,1374,1717,1437,1733,1494,1731,1545,1704,1589,1669,1621,1623,1646,1574,1665,1522,1675,1471,1678,1421,1301,1297,1345,1274,1395,1274,1445,1286,1488,1306,1549,1323,1587,1320,1625,1324,1657,1339,1671,1370,1512,1356,1512,1388,1511,1418,1511,1452,1437,1492,1464,1502,1492,1511,1519,1511,1542,1508,1346,1339,1379,1333,1408,1340,1430,1360,1402,1357,1373,1350,1556,1383,1586,1372,1611,1378,1629,1394,1608,1395,1582,1390,1376,1571,1425,1554,1466,1549,1487,1559,1512,1557,1537,1571,1553,1597,1526,1606,1499,1610,1473,1607,1449,1601,1414,1590,1391,1570,1461,1571,1483,1577,1508,1578,1540,1592,1504,1583,1479,1581,1457,1575
2180,h,1,1,1176,1176,1711,1711,72.66666666666667,1200,1339,1190,1405,1185,1474,1190,1540,1213,1603,1257,1654,1315,1688,1374,1717,1437,1733,1494,1731,1545,1704,1589,1669,1621,1623,1646,1574,1665,1522,1675,1471,1678,1421,1301,1297,1345,1274,1395,1274,1445,1286,1488,1306,1549,1323,1587,1320,1625,1324,1657,1339,1671,1370,1512,1356,1512,1388,1511,1418,1511,1452,1437,1492,1464,1502,1492,1511,1519,1511,1542,1508,1346,1339,1379,1333,1408,1340,1430,1360,1402,1357,1373,1350,1556,1383,1586,1372,1611,1378,1629,1394,1608,1395,1582,1390,1376,1571,1425,1554,1466,1549,1487,1559,1512,1557,1537,1571,1553,1597,1526,1606,1499,1610,1473,1607,1449,1601,1414,1590,1391,1570,1461,1571,1483,1577,1508,1578,1540,1592,1504,1583,1479,1581,1457,1575
2181,h,1,1,1176,1176,1711,1711,72.7,1201,1346,1192,1412,1189,1481,1195,1547,1218,1610,1261,1659,1316,1695,1374,1725,1437,1742,1495,1740,1545,1715,1588,1678,1622,1632,1647,1582,1667,1529,1679,1477,1685,1426,1298,1297,1340,1273,1391,1272,1441,1285,1486,1305,1546,1323,1586,1320,1625,1324,1660,1339,1678,1370,1510,1354,1509,1386,1509,1418,1509,1452,1434,1493,1462,1502,1490,1513,1517,1511,1541,1509,1342,1338,1374,1330,1405,1336,1429,1360,1399,1356,1368,1349,1555,1383,1586,1369,1613,1375,1633,1394,1610,1395,1583,1390,1373,1574,1421,1555,1463,1549,1486,1560,1513,1558,1540,1573,1557,1602,1529,1611,1499,1615,1471,1614,1446,1607,1411,1593,1389,1574,1458,1575,1482,1581,1508,1583,1545,1597,1505,1586,1478,1584,1454,1578
2182,h,1,1,1176,1176,1711,1711,72.73333333333333,1201,1345,1192,1412,1189,1481,1195,1549,1220,1612,1265,1663,1319,1700,1375,1731,1437,1749,1494,1746,1543,1719,1586,1681,1620,1633,1646,1582,1667,1529,1679,1476,1684,1424,1298,1296,1341,1274,1390,1272,1440,1284,1484,1304,1547,1321,1587,1319,1626,1322,1661,1334,1679,1364,1509,1354,1507,1387,1507,1417,1507,1452,1433,1494,1461,1503,1489,1513,1516,1512,1541,1510,1341,1338,1374,1329,1405,1335,1428,1360,1398,1356,1367,1349,1555,1382,1585,1367,1613,1373,1633,1393,1610,1394,1582,1389,1369,1577,1414,1554,1459,1548,1483,1559,1511,1557,1541,1574,1557,1606,1529,1624,1497,1633,1468,1632,1440,1624,1402,1605,1385,1578,1454,1575,1479,1581,1506,1583,1543,1601,1503,1601,1475,1600,1449,1593
2183,h,1,1,1176,1176,1711,1711,72.76666666666667,1197,1347,1188,1415,1185,1483,1193,1550,1217,1613,1262,1665,1317,1701,1374,1733,1434,1751,1492,1746,1541,1718,1585,1679,1620,1631,1647,1579,1668,1526,1680,1474,1685,1422,1299,1297,1341,1273,1391,1272,1441,1283,1485,1303,1544,1320,1583,1318,1622,1321,1657,1336,1676,1366,1508,1355,1507,1387,1507,1418,1507,1452,1432,1492,1461,1502,1489,1513,1516,1511,1541,1508,1342,1337,1374,1327,1404,1334,1427,1360,1398,1355,1368,1348,1555,1383,1584,1367,1612,1372,1632,1393,1609,1393,1582,1389,1369,1579,1412,1553,1458,1546,1482,1557,1511,1555,1540,1573,1554,1608,1528,1630,1496,1641,1466,1640,1438,1633,1400,1612,1385,1579,1453,1573,1478,1579,1506,1581,1539,1603,1501,1609,1472,1608,1446,1602
2184,h,1,1,1176,1176,1711,1711,72.8,1197,1347,1188,1415,1185,1483,1193,1550,1217,1613,1262,1665,1317,1701,1374,1733,1434,1751,1492,1746,1541,1718,1585,1679,1620,1631,1647,1579,1668,1526,1680,1474,1685,1422,1299,1297,1341,1273,1391,1272,1441,1283,1485,1303,1544,1320,1583,1318,1622,1321,1657,1336,1676,1366,1508,1355,1507,1387,1507,1418,1507,1452,1432,1492,1461,1502,1489,1513,1516,1511,1541,1508,1342,1337,1374,1327,1404,1334,1427,1360,1398,1355,1368,1348,1555,1383,1584,1367,1612,1372,1632,1393,1609,1393,1582,1389,1369,1579,1412,1553,1458,1546,1482,1557,1511,1555,1540,1573,1554,1608,1528,1630,1496,1641,1466,1640,1438,1633,1400,1612,1385,1579,1453,1573,1478,1579,1506,1581,1539,1603,1501,1609,1472,1608,1446,1602
2185,h,2,2,1176,1176,1711,1711,72.83333333333333,1199,1342,1190,1411,1187,1480,1193,1549,1217,1612,1260,1663,1314,1700,1370,1733,1433,1752,1491,1749,1542,1722,1587,1683,1621,1634,1646,1582,1667,1527,1678,1473,1683,1418,1296,1298,1338,1273,1388,1272,1438,1285,1483,1304,1543,1322,1582,1319,1621,1322,1656,1335,1674,1365,1506,1356,1505,1388,1504,1418,1504,1452,1429,1493,1458,1502,1486,1512,1513,1511,1539,1510,1340,1338,1372,1327,1403,1334,1426,1361,1397,1356,1366,1348,1553,1383,1583,1367,1611,1372,1631,1393,1609,1394,1581,1390,1368,1578,1411,1553,1455,1546,1481,1557,1510,1555,1539,1574,1555,1610,1527,1628,1495,1637,1465,1635,1436,1628,1398,1610,1383,1579,1451,1574,1477,1580,1505,1582,1541,1605,1501,1607,1471,1605,1444,1599
2186,h,1,1,1176,1176,1711,1711,72.86666666666666,1194,1346,1186,1415,1185,1483,1192,1549,1216,1610,1259,1661,1314,1697,1371,1728,1432,1747,1489,1745,1538,1720,1582,1683,1617,1636,1643,1585,1664,1530,1677,1477,1682,1422,1292,1298,1335,1273,1386,1272,1437,1284,1482,1303,1546,1320,1586,1320,1624,1324,1659,1337,1677,1367,1507,1356,1506,1387,1506,1417,1506,1451,1430,1493,1459,1502,1487,1512,1514,1512,1539,1510,1338,1338,1369,1327,1401,1333,1424,1361,1394,1356,1363,1349,1554,1384,1584,1367,1613,1372,1632,1394,1610,1395,1582,1391,1366,1577,1411,1552,1455,1545,1481,1556,1510,1555,1539,1573,1554,1608,1527,1621,1496,1629,1465,1627,1437,1620,1399,1602,1382,1577,1450,1575,1476,1581,1505,1583,1541,1602,1501,1597,1472,1595,1445,1589
2187,h,1,1,1176,1176,1711,1711,72.9,1194,1346,1186,1415,1185,1483,1192,1549,1216,1610,1259,1661,1314,1697,1371,1728,1432,1747,1489,1745,1538,1720,1582,1683,1617,1636,1643,1585,1664,1530,1677,1477,1682,1422,1292,1298,1335,1273,1386,1272,1437,1284,1482,1303,1546,1320,1586,1320,1624,1324,1659,1337,1677,1367,1507,1356,1506,1387,1506,1417,1506,1451,1430,1493,1459,1502,1487,1512,1514,1512,1539,1510,1338,1338,1369,1327,1401,1333,1424,1361,1394,1356,1363,1349,1554,1384,1584,1367,1613,1372,1632,1394,1610,1395,1582,1391,1366,1577,1411,1552,1455,1545,1481,1556,1510,1555,1539,1573,1554,1608,1527,1621,1496,1629,1465,1627,1437,1620,1399,1602,1382,1577,1450,1575,1476,1581,1505,1583,1541,1602,1501,1597,1472,1595,1445,1589
2188,h,1,1,1176,1176,1711,1711,72.93333333333334,1194,1347,1186,1415,1184,1484,1192,1550,1215,1612,1259,1661,1316,1696,1374,1724,1436,1742,1493,1740,1543,1714,1588,1678,1621,1631,1645,1578,1665,1526,1677,1473,1681,1421,1294,1298,1337,1273,1388,1273,1439,1285,1484,1304,1544,1322,1584,1320,1623,1322,1658,1335,1676,1365,1507,1354,1507,1387,1506,1418,1506,1452,1431,1492,1460,1502,1488,1512,1514,1512,1539,1510,1339,1337,1371,1326,1403,1332,1426,1360,1397,1356,1365,1348,1554,1384,1584,1366,1613,1371,1632,1393,1611,1395,1582,1391,1369,1572,1415,1550,1458,1546,1482,1557,1511,1555,1539,1572,1556,1604,1527,1615,1497,1620,1467,1618,1440,1611,1403,1595,1384,1572,1453,1573,1478,1580,1506,1582,1543,1599,1502,1591,1474,1588,1448,1582
2189,h,1,1,1176,1176,1711,1711,72.96666666666667,1197,1346,1189,1413,1186,1481,1191,1548,1214,1611,1257,1661,1313,1695,1371,1724,1434,1741,1493,1738,1543,1714,1588,1678,1622,1631,1647,1580,1667,1527,1678,1474,1684,1422,1295,1298,1338,1274,1387,1272,1438,1284,1481,1304,1544,1322,1583,1320,1622,1323,1657,1336,1675,1366,1505,1354,1504,1386,1503,1417,1502,1452,1428,1492,1457,1501,1485,1511,1513,1511,1538,1510,1340,1337,1372,1325,1403,1332,1425,1359,1397,1355,1365,1348,1553,1383,1584,1366,1612,1371,1632,1393,1610,1394,1581,1390,1368,1572,1412,1550,1455,1545,1480,1556,1509,1554,1538,1572,1557,1604,1526,1613,1494,1617,1464,1614,1436,1607,1400,1593,1382,1571,1450,1572,1476,1579,1504,1582,1544,1599,1500,1588,1471,1585,1444,1579
2190,h,1,1,1176,1176,1711,1711,73.0,1197,1352,1189,1419,1186,1487,1193,1553,1217,1614,1261,1664,1316,1698,1372,1729,1434,1746,1492,1743,1541,1717,1585,1681,1619,1634,1644,1583,1665,1530,1676,1477,1681,1424,1294,1300,1336,1275,1386,1272,1437,1285,1482,1304,1543,1321,1583,1319,1623,1322,1660,1335,1679,1367,1504,1353,1503,1386,1503,1418,1503,1452,1429,1492,1457,1501,1485,1512,1512,1511,1537,1510,1339,1336,1369,1324,1401,1330,1425,1358,1395,1354,1363,1347,1552,1382,1582,1364,1611,1369,1629,1392,1608,1393,1579,1389,1369,1572,1412,1551,1454,1545,1479,1556,1507,1555,1536,1571,1554,1605,1525,1615,1494,1621,1464,1618,1437,1611,1401,1597,1384,1573,1449,1574,1475,1580,1502,1582,1541,1599,1499,1590,1471,1587,1445,1582
2191,h,1,1,1176,1176,1711,1711,73.03333333333333,1197,1352,1189,1419,1186,1487,1193,1553,1217,1614,1261,1664,1316,1698,1372,1729,1434,1746,1492,1743,1541,1717,1585,1681,1619,1634,1644,1583,1665,1530,1676,1477,1681,1424,1294,1300,1336,1275,1386,1272,1437,1285,1482,1304,1543,1321,1583,1319,1623,1322,1660,1335,1679,1367,1504,1353,1503,1386,1503,1418,1503,1452,1429,1492,1457,1501,1485,1512,1512,1511,1537,1510,1339,1336,1369,1324,1401,1330,1425,1358,1395,1354,1363,1347,1552,1382,1582,1364,1611,1369,1629,1392,1608,1393,1579,1389,1369,1572,1412,1551,1454,1545,1479,1556,1507,1555,1536,1571,1554,1605,1525,1615,1494,1621,1464,1618,1437,1611,1401,1597,1384,1573,1449,1574,1475,1580,1502,1582,1541,1599,1499,1590,1471,1587,1445,1582
2192,h,1,1,1176,1176,1711,1711,73.06666666666666,1197,1348,1188,1416,1185,1484,1191,1550,1213,1612,1255,1664,1309,1701,1365,1733,1428,1753,1487,1751,1538,1723,1583,1684,1618,1636,1644,1583,1665,1528,1676,1473,1681,1419,1294,1301,1335,1275,1385,1274,1435,1286,1480,1305,1540,1321,1581,1319,1620,1323,1655,1336,1672,1368,1504,1355,1502,1387,1501,1419,1500,1452,1427,1493,1455,1502,1483,1512,1510,1512,1536,1510,1339,1335,1370,1323,1401,1329,1423,1358,1395,1354,1364,1347,1552,1381,1581,1363,1609,1368,1628,1391,1607,1393,1579,1388,1366,1579,1407,1552,1451,1545,1477,1556,1507,1554,1536,1573,1551,1610,1524,1625,1492,1632,1461,1630,1433,1622,1396,1605,1381,1578,1446,1572,1473,1578,1502,1581,1538,1604,1498,1602,1468,1599,1441,1593
2193,h,1,1,1176,1176,1711,1711,73.1,1193,1350,1185,1419,1183,1488,1190,1555,1213,1618,1257,1670,1312,1707,1369,1738,1432,1755,1491,1750,1539,1722,1584,1684,1618,1635,1643,1582,1664,1527,1676,1473,1682,1420,1290,1301,1332,1275,1382,1273,1434,1284,1480,1303,1542,1317,1583,1317,1623,1321,1658,1335,1674,1366,1504,1354,1503,1387,1502,1418,1502,1453,1428,1493,1457,1502,1484,1512,1510,1511,1536,1510,1337,1336,1368,1323,1400,1329,1422,1358,1394,1354,1362,1347,1551,1381,1580,1362,1609,1367,1628,1390,1607,1392,1579,1387,1366,1583,1408,1553,1453,1545,1478,1556,1508,1554,1537,1573,1551,1613,1525,1629,1493,1639,1462,1637,1433,1630,1396,1613,1382,1581,1448,1573,1474,1578,1503,1581,1538,1607,1498,1608,1468,1606,1442,1601
2194,h,1,1,1176,1176,1711,1711,73.13333333333334,1194,1355,1186,1421,1184,1489,1191,1556,1215,1619,1260,1669,1315,1704,1371,1733,1432,1750,1490,1747,1539,1720,1583,1683,1617,1636,1643,1584,1664,1532,1677,1479,1683,1426,1290,1300,1332,1274,1383,1272,1434,1283,1480,1302,1542,1318,1583,1317,1622,1321,1658,1334,1676,1365,1504,1354,1503,1387,1502,1418,1501,1452,1428,1492,1456,1502,1483,1512,1510,1512,1536,1510,1334,1337,1366,1324,1399,1330,1422,1359,1392,1355,1360,1348,1551,1382,1581,1363,1611,1368,1630,1392,1608,1393,1579,1389,1367,1584,1408,1553,1452,1545,1477,1557,1506,1555,1536,1575,1550,1616,1523,1633,1490,1642,1460,1640,1432,1632,1395,1614,1382,1583,1447,1573,1472,1579,1500,1582,1538,1610,1496,1612,1467,1610,1441,1603
2195,h,1,1,1176,1176,1711,1711,73.16666666666667,1194,1355,1186,1421,1184,1489,1191,1556,1215,1619,1260,1669,1315,1704,1371,1733,1432,1750,1490,1747,1539,1720,1583,1683,1617,1636,1643,1584,1664,1532,1677,1479,1683,1426,1290,1300,1332,1274,1383,1272,1434,1283,1480,1302,1542,1318,1583,1317,1622,1321,1658,1334,1676,1365,1504,1354,1503,1387,1502,1418,1501,1452,1428,1492,1456,1502,1483,1512,1510,1512,1536,1510,1334,1337,1366,1324,1399,1330,1422,1359,1392,1355,1360,1348,1551,1382,1581,1363,1611,1368,1630,1392,1608,1393,1579,1389,1367,1584,1408,1553,1452,1545,1477,1557,1506,1555,1536,1575,1550,1616,1523,1633,1490,1642,1460,1640,1432,1632,1395,1614,1382,1583,1447,1573,1472,1579,1500,1582,1538,1610,1496,1612,1467,1610,1441,1603
2196,h,1,1,1176,1176,1711,1711,73.2,1191,1350,1183,1417,1181,1486,1188,1552,1211,1616,1255,1668,1311,1705,1368,1737,1430,1755,1488,1751,1537,1722,1583,1685,1618,1636,1643,1583,1664,1528,1677,1473,1684,1419,1288,1302,1330,1276,1382,1273,1434,1284,1481,1303,1540,1320,1582,1318,1622,1322,1658,1335,1676,1366,1503,1354,1502,1387,1502,1418,1501,1452,1427,1494,1456,1503,1484,1513,1510,1512,1536,1510,1333,1337,1365,1323,1398,1329,1421,1359,1392,1355,1360,1348,1550,1382,1581,1362,1611,1367,1631,1391,1608,1393,1579,1389,1363,1582,1405,1554,1451,1546,1477,1557,1507,1555,1537,1574,1552,1613,1525,1633,1492,1643,1460,1641,1431,1634,1393,1615,1378,1582,1446,1573,1473,1579,1502,1582,1539,1608,1498,1610,1467,1608,1440,1602
2197,h,1,1,1176,1176,1711,1711,73.23333333333333,1192,1346,1185,1416,1183,1485,1189,1553,1213,1616,1258,1668,1314,1704,1370,1734,1433,1750,1492,1747,1540,1719,1584,1683,1617,1635,1641,1582,1662,1528,1675,1473,1682,1419,1288,1304,1330,1276,1382,1274,1435,1284,1481,1303,1540,1317,1581,1316,1622,1321,1657,1337,1672,1369,1503,1355,1502,1387,1502,1419,1502,1453,1427,1495,1456,1503,1484,1513,1511,1512,1537,1510,1335,1338,1366,1325,1398,1331,1421,1359,1393,1356,1361,1349,1550,1382,1579,1363,1609,1368,1629,1391,1607,1393,1578,1389,1364,1582,1406,1554,1452,1547,1478,1557,1507,1555,1537,1573,1552,1611,1525,1628,1493,1637,1463,1635,1434,1629,1395,1611,1380,1581,1447,1573,1474,1579,1502,1581,1539,1606,1499,1607,1469,1605,1442,1599
2198,h,1,1,1176,1176,1711,1711,73.26666666666667,1190,1353,1183,1421,1183,1490,1190,1556,1215,1618,1260,1668,1315,1704,1370,1735,1433,1752,1490,1751,1539,1724,1584,1688,1618,1640,1645,1587,1665,1533,1677,1477,1683,1423,1287,1304,1329,1278,1380,1275,1432,1287,1478,1305,1539,1321,1581,1320,1621,1324,1657,1338,1675,1369,1501,1355,1501,1388,1501,1419,1501,1454,1426,1494,1455,1504,1483,1515,1509,1514,1534,1512,1333,1339,1364,1326,1397,1331,1420,1360,1391,1356,1359,1350,1549,1383,1578,1364,1608,1369,1628,1393,1606,1394,1576,1390,1363,1582,1405,1555,1450,1548,1476,1559,1505,1557,1535,1575,1551,1613,1523,1630,1491,1638,1461,1636,1432,1629,1393,1611,1378,1582,1445,1574,1472,1581,1500,1583,1537,1608,1496,1607,1467,1605,1440,1599
2199,h,1,1,1176,1176,1711,1711,73.3,1190,1353,1183,1421,1183,1490,1190,1556,1215,1618,1260,1668,1315,1704,1370,1735,1433,1752,1490,1751,1539,1724,1584,1688,1618,1640,1645,1587,1665,1533,1677,1477,1683,1423,1287,1304,1329,1278,1380,1275,1432,1287,1478,1305,1539,1321,1581,1320,1621,1324,1657,1338,1675,1369,1501,1355,1501,1388,1501,1419,1501,1454,1426,1494,1455,1504,1483,1515,1509,1514,1534,1512,1333,1339,1364,1326,1397,1331,1420,1360,1391,1356,1359,1350,1549,1383,1578,1364,1608,1369,1628,1393,1606,1394,1576,1390,1363,1582,1405,1555,1450,1548,1476,1559,1505,1557,1535,1575,1551,1613,1523,1630,1491,1638,1461,1636,1432,1629,1393,1611,1378,1582,1445,1574,1472,1581,1500,1583,1537,1608,1496,1607,1467,1605,1440,1599
2200,h,1,1,1176,1176,1711,1711,73.33333333333333,1200,1349,1192,1418,1190,1486,1197,1553,1223,1614,1267,1664,1321,1700,1375,1731,1435,1748,1490,1745,1539,1719,1583,1683,1618,1636,1644,1584,1664,1531,1676,1476,1682,1422,1291,1305,1331,1278,1382,1274,1433,1285,1479,1303,1540,1318,1582,1318,1622,1323,1658,1338,1676,1371,1503,1356,1503,1389,1503,1421,1503,1456,1428,1496,1457,1505,1484,1516,1511,1515,1536,1513,1337,1339,1368,1326,1401,1332,1423,1361,1395,1358,1362,1351,1550,1384,1579,1365,1610,1370,1630,1394,1608,1396,1578,1392,1365,1582,1406,1555,1451,1549,1478,1560,1508,1558,1538,1576,1554,1612,1527,1630,1493,1639,1462,1637,1433,1630,1395,1611,1381,1581,1447,1575,1474,1581,1503,1584,1540,1607,1499,1607,1469,1604,1441,1598
2201,h,1,1,1176,1176,1711,1711,73.36666666666666,1193,1354,1186,1422,1184,1490,1192,1556,1217,1618,1263,1668,1318,1704,1372,1734,1434,1750,1491,1748,1540,1722,1584,1686,1618,1638,1643,1586,1663,1533,1675,1478,1680,1425,1289,1307,1330,1280,1381,1276,1432,1287,1479,1305,1540,1321,1582,1321,1623,1325,1658,1340,1673,1374,1501,1355,1501,1389,1501,1421,1501,1456,1427,1495,1455,1505,1483,1516,1510,1515,1535,1513,1334,1340,1365,1326,1398,1332,1422,1361,1392,1358,1360,1351,1549,1385,1579,1365,1609,1370,1629,1395,1607,1397,1577,1392,1363,1581,1405,1555,1450,1549,1476,1560,1506,1558,1536,1576,1553,1613,1525,1628,1492,1635,1461,1632,1432,1625,1394,1608,1378,1581,1445,1575,1472,1582,1501,1585,1540,1608,1498,1605,1468,1602,1440,1596
2202,h,1,1,1176,1176,1711,1711,73.4,1193,1354,1186,1422,1184,1490,1192,1556,1217,1618,1263,1668,1318,1704,1372,1734,1434,1750,1491,1748,1540,1722,1584,1686,1618,1638,1643,1586,1663,1533,1675,1478,1680,1425,1289,1307,1330,1280,1381,1276,1432,1287,1479,1305,1540,1321,1582,1321,1623,1325,1658,1340,1673,1374,1501,1355,1501,1389,1501,1421,1501,1456,1427,1495,1455,1505,1483,1516,1510,1515,1535,1513,1334,1340,1365,1326,1398,1332,1422,1361,1392,1358,1360,1351,1549,1385,1579,1365,1609,1370,1629,1395,1607,1397,1577,1392,1363,1581,1405,1555,1450,1549,1476,1560,1506,1558,1536,1576,1553,1613,1525,1628,1492,1635,1461,1632,1432,1625,1394,1608,1378,1581,1445,1575,1472,1582,1501,1585,1540,1608,1498,1605,1468,1602,1440,1596
2203,h,1,1,1176,1176,1711,1711,73.43333333333334,1194,1352,1187,1421,1187,1490,1193,1556,1217,1616,1261,1665,1315,1699,1370,1728,1432,1745,1488,1744,1538,1720,1583,1685,1617,1638,1642,1587,1662,1533,1674,1478,1680,1424,1291,1303,1332,1278,1382,1275,1433,1286,1478,1305,1539,1321,1581,1321,1621,1325,1656,1340,1674,1372,1502,1357,1501,1390,1501,1422,1501,1456,1427,1496,1455,1505,1483,1516,1510,1515,1535,1514,1334,1339,1365,1326,1399,1332,1422,1363,1392,1359,1359,1352,1549,1387,1578,1366,1609,1371,1629,1396,1607,1398,1577,1393,1363,1580,1406,1555,1451,1549,1477,1560,1507,1558,1536,1576,1552,1611,1524,1625,1492,1632,1461,1630,1432,1624,1394,1607,1379,1581,1446,1576,1473,1583,1502,1585,1538,1606,1498,1602,1467,1600,1440,1593
2204,h,1,1,1176,1176,1711,1711,73.46666666666667,1197,1355,1190,1421,1189,1488,1196,1553,1221,1613,1265,1661,1321,1696,1375,1726,1436,1743,1492,1742,1541,1718,1585,1684,1619,1637,1643,1586,1663,1534,1675,1481,1681,1427,1289,1309,1329,1281,1381,1277,1432,1287,1479,1305,1539,1319,1581,1320,1622,1326,1657,1342,1673,1375,1502,1357,1502,1390,1502,1422,1502,1457,1428,1496,1457,1506,1485,1517,1512,1516,1536,1514,1335,1341,1366,1328,1399,1334,1423,1363,1394,1359,1361,1352,1549,1386,1579,1367,1609,1372,1629,1396,1607,1398,1578,1393,1365,1580,1408,1556,1453,1551,1478,1562,1508,1560,1538,1578,1554,1612,1526,1626,1493,1632,1463,1630,1434,1623,1396,1605,1380,1580,1448,1577,1474,1584,1503,1586,1541,1606,1499,1602,1469,1599,1442,1593
2205,h,1,1,1176,1176,1711,1711,73.5,1197,1357,1190,1424,1189,1492,1196,1557,1219,1618,1264,1666,1319,1701,1373,1732,1433,1750,1489,1748,1537,1723,1582,1689,1616,1643,1641,1593,1662,1539,1675,1485,1681,1431,1289,1308,1329,1282,1379,1278,1431,1288,1476,1307,1541,1324,1582,1323,1622,1327,1657,1342,1674,1375,1502,1357,1502,1391,1502,1422,1502,1457,1427,1497,1456,1507,1484,1517,1510,1517,1535,1515,1334,1342,1366,1328,1398,1334,1422,1363,1392,1360,1360,1352,1551,1388,1580,1368,1610,1373,1630,1397,1608,1399,1579,1394,1364,1580,1407,1556,1451,1550,1477,1562,1507,1559,1536,1578,1553,1612,1525,1627,1493,1632,1462,1630,1433,1623,1396,1607,1380,1581,1446,1578,1473,1584,1502,1587,1540,1607,1498,1601,1468,1598,1441,1592
2206,h,1,1,1176,1176,1711,1711,73.53333333333333,1197,1357,1190,1424,1189,1492,1196,1557,1219,1618,1264,1666,1319,1701,1373,1732,1433,1750,1489,1748,1537,1723,1582,1689,1616,1643,1641,1593,1662,1539,1675,1485,1681,1431,1289,1308,1329,1282,1379,1278,1431,1288,1476,1307,1541,1324,1582,1323,1622,1327,1657,1342,1674,1375,1502,1357,1502,1391,1502,1422,1502,1457,1427,1497,1456,1507,1484,1517,1510,1517,1535,1515,1334,1342,1366,1328,1398,1334,1422,1363,1392,1360,1360,1352,1551,1388,1580,1368,1610,1373,1630,1397,1608,1399,1579,1394,1364,1580,1407,1556,1451,1550,1477,1562,1507,1559,1536,1578,1553,1612,1525,1627,1493,1632,1462,1630,1433,1623,1396,1607,1380,1581,1446,1578,1473,1584,1502,1587,1540,1607,1498,1601,1468,1598,1441,1592
2207,h,1,1,1176,1176,1711,1711,73.56666666666666,1196,1358,1190,1424,1190,1493,1198,1557,1223,1616,1267,1661,1321,1694,1374,1722,1432,1738,1487,1738,1536,1716,1582,1684,1616,1640,1643,1590,1664,1537,1677,1482,1684,1428,1290,1304,1332,1278,1384,1275,1434,1286,1480,1305,1538,1321,1579,1320,1619,1325,1655,1341,1672,1374,1501,1355,1501,1389,1500,1420,1500,1454,1426,1494,1454,1504,1483,1515,1510,1515,1536,1513,1335,1340,1365,1327,1398,1333,1422,1362,1392,1359,1360,1352,1548,1386,1578,1367,1608,1372,1629,1396,1606,1398,1576,1393,1365,1577,1408,1554,1451,1548,1477,1559,1507,1557,1536,1576,1552,1609,1524,1623,1492,1629,1461,1626,1433,1619,1396,1603,1381,1577,1447,1575,1473,1581,1502,1584,1539,1604,1497,1597,1468,1595,1441,1589
2208,h,1,1,1176,1176,1711,1711,73.6,1197,1353,1188,1420,1187,1488,1194,1553,1219,1613,1263,1660,1317,1695,1371,1726,1430,1743,1486,1743,1535,1719,1580,1685,1616,1639,1643,1588,1663,1534,1675,1479,1682,1425,1289,1305,1329,1278,1381,1274,1432,1286,1477,1305,1538,1321,1580,1321,1621,1325,1656,1342,1672,1376,1501,1356,1500,1389,1500,1420,1499,1454,1425,1494,1453,1503,1482,1514,1510,1513,1535,1512,1334,1338,1365,1325,1397,1332,1421,1362,1392,1357,1360,1350,1549,1386,1579,1366,1608,1372,1628,1395,1606,1396,1577,1392,1363,1577,1407,1553,1450,1547,1476,1558,1507,1556,1536,1574,1553,1609,1524,1622,1493,1627,1461,1625,1432,1618,1395,1601,1379,1577,1446,1573,1472,1580,1502,1582,1540,1603,1498,1598,1467,1595,1440,1589
2209,h,1,1,1176,1176,1711,1711,73.63333333333334,1204,1346,1196,1414,1194,1483,1201,1549,1226,1609,1269,1658,1323,1695,1377,1724,1437,1740,1492,1738,1540,1713,1584,1679,1619,1634,1644,1583,1664,1530,1677,1476,1684,1422,1291,1300,1333,1275,1384,1274,1434,1286,1478,1305,1539,1322,1581,1322,1621,1327,1656,1343,1673,1374,1502,1356,1501,1389,1500,1420,1500,1454,1426,1493,1454,1503,1483,1513,1511,1513,1536,1512,1336,1337,1367,1324,1399,1331,1422,1361,1393,1357,1361,1349,1549,1385,1579,1366,1609,1371,1629,1395,1607,1396,1577,1392,1364,1575,1407,1552,1450,1546,1476,1557,1506,1555,1536,1574,1553,1608,1525,1622,1493,1629,1461,1627,1433,1619,1396,1602,1380,1576,1446,1573,1472,1579,1501,1582,1539,1603,1498,1598,1468,1595,1440,1588
2210,h,1,1,1176,1176,1711,1711,73.66666666666667,1204,1346,1196,1414,1194,1483,1201,1549,1226,1609,1269,1658,1323,1695,1377,1724,1437,1740,1492,1738,1540,1713,1584,1679,1619,1634,1644,1583,1664,1530,1677,1476,1684,1422,1291,1300,1333,1275,1384,1274,1434,1286,1478,1305,1539,1322,1581,1322,1621,1327,1656,1343,1673,1374,1502,1356,1501,1389,1500,1420,1500,1454,1426,1493,1454,1503,1483,1513,1511,1513,1536,1512,1336,1337,1367,1324,1399,1331,1422,1361,1393,1357,1361,1349,1549,1385,1579,1366,1609,1371,1629,1395,1607,1396,1577,1392,1364,1575,1407,1552,1450,1546,1476,1557,1506,1555,1536,1574,1553,1608,1525,1622,1493,1629,1461,1627,1433,1619,1396,1602,1380,1576,1446,1573,1472,1579,1501,1582,1539,1603,1498,1598,1468,1595,1440,1588
2211,h,1,1,1176,1176,1711,1711,73.7,1197,1350,1189,1417,1187,1485,1193,1551,1218,1611,1262,1659,1316,1694,1371,1724,1432,1741,1487,1741,1536,1717,1581,1683,1617,1638,1643,1587,1663,1533,1675,1477,1680,1421,1290,1303,1331,1276,1381,1274,1432,1285,1477,1304,1538,1320,1579,1319,1620,1324,1656,1339,1672,1373,1500,1355,1499,1388,1498,1418,1498,1453,1424,1494,1452,1504,1481,1514,1509,1513,1535,1512,1335,1337,1366,1324,1398,1330,1421,1360,1392,1356,1360,1348,1548,1384,1577,1364,1607,1369,1627,1393,1605,1394,1575,1390,1362,1577,1405,1553,1449,1546,1475,1557,1504,1555,1535,1573,1553,1608,1524,1622,1491,1628,1460,1626,1432,1619,1394,1602,1377,1578,1445,1572,1471,1578,1499,1581,1539,1603,1496,1598,1467,1596,1440,1590
2212,h,1,1,1176,1176,1711,1711,73.73333333333333,1195,1349,1187,1416,1185,1483,1192,1548,1216,1609,1261,1658,1317,1694,1374,1724,1435,1740,1490,1738,1538,1714,1582,1680,1617,1635,1643,1583,1663,1530,1675,1475,1681,1421,1289,1301,1331,1276,1382,1275,1431,1287,1476,1306,1540,1322,1580,1321,1619,1325,1653,1340,1669,1371,1501,1356,1501,1389,1501,1421,1501,1455,1425,1494,1454,1503,1482,1514,1510,1513,1535,1512,1334,1338,1365,1325,1396,1332,1419,1361,1390,1356,1359,1349,1549,1384,1577,1365,1607,1370,1626,1393,1604,1395,1576,1391,1363,1577,1406,1553,1450,1547,1475,1558,1505,1556,1534,1573,1552,1607,1523,1622,1492,1628,1461,1626,1433,1619,1395,1602,1378,1577,1445,1574,1471,1580,1500,1582,1539,1602,1497,1598,1467,1596,1441,1589
2213,h,1,1,1176,1176,1711,1711,73.76666666666667,1190,1351,1183,1420,1182,1488,1189,1553,1214,1613,1260,1662,1317,1698,1373,1728,1434,1745,1489,1743,1537,1718,1581,1684,1616,1637,1642,1585,1662,1532,1674,1478,1680,1423,1284,1306,1326,1278,1378,1275,1430,1286,1476,1303,1538,1318,1580,1319,1619,1324,1654,1338,1670,1370,1501,1354,1500,1388,1500,1420,1500,1456,1424,1494,1454,1504,1483,1515,1510,1513,1535,1511,1331,1339,1363,1326,1395,1332,1418,1361,1390,1357,1357,1351,1548,1384,1577,1365,1606,1370,1626,1393,1604,1395,1575,1391,1363,1577,1406,1554,1450,1548,1475,1559,1505,1557,1534,1575,1553,1608,1523,1621,1492,1627,1461,1625,1433,1618,1396,1601,1379,1577,1446,1574,1472,1581,1500,1583,1539,1603,1497,1597,1467,1595,1441,1588
2214,h,1,1,1176,1176,1711,1711,73.8,1190,1351,1183,1420,1182,1488,1189,1553,1214,1613,1260,1662,1317,1698,1373,1728,1434,1745,1489,1743,1537,1718,1581,1684,1616,1637,1642,1585,1662,1532,1674,1478,1680,1423,1284,1306,1326,1278,1378,1275,1430,1286,1476,1303,1538,1318,1580,1319,1619,1324,1654,1338,1670,1370,1501,1354,1500,1388,1500,1420,1500,1456,1424,1494,1454,1504,1483,1515,1510,1513,1535,1511,1331,1339,1363,1326,1395,1332,1418,1361,1390,1357,1357,1351,1548,1384,1577,1365,1606,1370,1626,1393,1604,1395,1575,1391,1363,1577,1406,1554,1450,1548,1475,1559,1505,1557,1534,1575,1553,1608,1523,1621,1492,1627,1461,1625,1433,1618,1396,1601,1379,1577,1446,1574,1472,1581,1500,1583,1539,1603,1497,1597,1467,1595,1441,1588
2215,h,1,1,1176,1176,1711,1711,73.83333333333333,1198,1352,1190,1420,1189,1488,1196,1552,1222,1613,1267,1661,1321,1696,1375,1725,1433,1742,1488,1741,1536,1718,1580,1683,1616,1638,1643,1587,1663,1532,1675,1476,1680,1421,1286,1305,1328,1277,1380,1275,1431,1288,1477,1306,1536,1323,1578,1321,1619,1325,1655,1341,1670,1376,1498,1357,1498,1390,1498,1421,1498,1456,1423,1495,1453,1504,1481,1515,1508,1514,1533,1513,1333,1339,1364,1326,1396,1333,1419,1362,1390,1358,1358,1350,1547,1386,1576,1366,1606,1371,1626,1394,1604,1396,1574,1392,1364,1577,1406,1553,1450,1548,1475,1560,1505,1557,1534,1576,1552,1609,1523,1623,1491,1630,1460,1627,1432,1620,1395,1603,1379,1577,1445,1575,1471,1581,1500,1584,1539,1603,1496,1599,1466,1596,1439,1590
2216,h,1,1,1176,1176,1711,1711,73.86666666666666,1187,1353,1179,1422,1178,1491,1186,1556,1211,1618,1256,1667,1311,1703,1367,1733,1428,1750,1486,1747,1535,1720,1580,1683,1613,1636,1639,1584,1660,1530,1673,1476,1678,1422,1284,1303,1326,1277,1377,1274,1427,1285,1473,1302,1537,1317,1578,1318,1617,1322,1651,1337,1669,1369,1498,1354,1497,1388,1497,1419,1496,1454,1424,1495,1452,1505,1479,1515,1506,1514,1531,1513,1329,1339,1361,1325,1394,1331,1416,1361,1387,1357,1355,1350,1547,1384,1576,1365,1606,1369,1626,1393,1604,1395,1575,1391,1360,1582,1403,1555,1448,1548,1474,1559,1503,1557,1531,1575,1546,1612,1519,1629,1489,1637,1458,1635,1430,1628,1391,1609,1375,1582,1444,1575,1470,1581,1498,1583,1533,1607,1494,1607,1465,1605,1438,1599
2217,h,1,1,1176,1176,1711,1711,73.9,1187,1353,1179,1422,1178,1491,1186,1556,1211,1618,1256,1667,1311,1703,1367,1733,1428,1750,1486,1747,1535,1720,1580,1683,1613,1636,1639,1584,1660,1530,1673,1476,1678,1422,1284,1303,1326,1277,1377,1274,1427,1285,1473,1302,1537,1317,1578,1318,1617,1322,1651,1337,1669,1369,1498,1354,1497,1388,1497,1419,1496,1454,1424,1495,1452,1505,1479,1515,1506,1514,1531,1513,1329,1339,1361,1325,1394,1331,1416,1361,1387,1357,1355,1350,1547,1384,1576,1365,1606,1369,1626,1393,1604,1395,1575,1391,1360,1582,1403,1555,1448,1548,1474,1559,1503,1557,1531,1575,1546,1612,1519,1629,1489,1637,1458,1635,1430,1628,1391,1609,1375,1582,1444,1575,1470,1581,1498,1583,1533,1607,1494,1607,1465,1605,1438,1599
2218,h,1,1,1176,1176,1711,1711,73.93333333333334,1191,1353,1184,1423,1181,1493,1189,1561,1214,1623,1259,1674,1314,1710,1370,1743,1429,1761,1485,1758,1533,1728,1579,1690,1615,1641,1641,1587,1662,1531,1673,1476,1678,1422,1288,1305,1329,1279,1379,1276,1430,1288,1475,1307,1536,1323,1576,1322,1615,1325,1651,1341,1667,1374,1498,1357,1497,1389,1497,1421,1496,1455,1423,1496,1451,1505,1479,1515,1506,1515,1531,1514,1333,1337,1364,1324,1396,1331,1418,1360,1389,1356,1358,1349,1547,1384,1575,1364,1604,1369,1624,1392,1602,1395,1573,1391,1359,1586,1400,1556,1446,1548,1472,1560,1501,1557,1532,1577,1548,1617,1520,1636,1488,1646,1457,1644,1427,1636,1389,1617,1374,1586,1441,1576,1468,1581,1497,1584,1535,1611,1492,1614,1463,1612,1435,1606
2219,h,1,1,1176,1176,1711,1711,73.96666666666667,1189,1351,1180,1420,1180,1491,1188,1558,1213,1621,1257,1673,1312,1710,1367,1742,1429,1760,1486,1756,1535,1726,1580,1688,1614,1640,1640,1587,1661,1532,1674,1477,1681,1422,1285,1301,1328,1277,1378,1276,1428,1287,1473,1305,1539,1321,1579,1321,1617,1325,1652,1337,1670,1368,1498,1357,1496,1390,1496,1421,1495,1456,1422,1496,1451,1505,1478,1515,1504,1514,1529,1513,1331,1339,1362,1325,1395,1331,1416,1362,1388,1357,1356,1350,1546,1385,1575,1364,1604,1368,1624,1392,1602,1395,1574,1391,1359,1587,1400,1557,1446,1549,1472,1559,1501,1558,1531,1577,1544,1618,1519,1638,1487,1649,1456,1647,1428,1640,1389,1620,1374,1587,1442,1577,1468,1583,1496,1585,1531,1612,1492,1617,1463,1615,1436,1609
2220,h,1,1,1176,1176,1711,1711,74.0,1187,1357,1179,1425,1178,1493,1187,1560,1213,1622,1259,1672,1315,1709,1370,1740,1431,1758,1486,1753,1534,1724,1578,1685,1612,1636,1638,1583,1659,1529,1672,1475,1677,1420,1282,1304,1324,1278,1374,1274,1426,1284,1472,1303,1536,1315,1577,1315,1617,1321,1653,1336,1669,1368,1496,1355,1495,1388,1496,1420,1495,1455,1422,1495,1451,1505,1479,1515,1506,1514,1531,1512,1328,1340,1360,1325,1393,1331,1415,1361,1386,1358,1354,1351,1545,1384,1574,1362,1604,1366,1623,1391,1602,1394,1573,1390,1360,1586,1401,1557,1447,1550,1473,1561,1502,1559,1533,1577,1547,1616,1520,1638,1487,1649,1457,1647,1428,1640,1390,1620,1375,1586,1442,1576,1469,1582,1497,1584,1535,1611,1493,1617,1463,1615,1436,1609
2221,h,1,1,1176,1176,1711,1711,74.03333333333333,1187,1357,1179,1425,1178,1493,1187,1560,1213,1622,1259,1672,1315,1709,1370,1740,1431,1758,1486,1753,1534,1724,1578,1685,1612,1636,1638,1583,1659,1529,1672,1475,1677,1420,1282,1304,1324,1278,1374,1274,1426,1284,1472,1303,1536,1315,1577,1315,1617,1321,1653,1336,1669,1368,1496,1355,1495,1388,1496,1420,1495,1455,1422,1495,1451,1505,1479,1515,1506,1514,1531,1512,1328,1340,1360,1325,1393,1331,1415,1361,1386,1358,1354,1351,1545,1384,1574,1362,1604,1366,1623,1391,1602,1394,1573,1390,1360,1586,1401,1557,1447,1550,1473,1561,1502,1559,1533,1577,1547,1616,1520,1638,1487,1649,1457,1647,1428,1640,1390,1620,1375,1586,1442,1576,1469,1582,1497,1584,1535,1611,1493,1617,1463,1615,1436,1609
2222,h,1,1,1176,1176,1711,1711,74.06666666666666,1186,1359,1179,1426,1177,1493,1184,1558,1207,1620,1249,1670,1304,1704,1361,1734,1423,1752,1481,1749,1531,1723,1575,1686,1609,1639,1634,1587,1655,1534,1668,1479,1674,1426,1282,1302,1323,1276,1374,1275,1425,1287,1471,1306,1532,1322,1571,1319,1611,1321,1646,1335,1664,1367,1493,1356,1492,1389,1492,1421,1491,1456,1420,1495,1447,1505,1475,1515,1502,1514,1528,1513,1326,1341,1357,1327,1389,1332,1413,1362,1383,1358,1351,1351,1544,1384,1573,1364,1602,1369,1621,1393,1599,1394,1571,1390,1357,1584,1401,1557,1445,1549,1470,1560,1498,1558,1528,1576,1545,1614,1516,1631,1484,1639,1454,1638,1426,1631,1388,1613,1373,1584,1440,1576,1466,1581,1494,1584,1532,1609,1489,1608,1460,1606,1434,1600
2223,h,1,1,1176,1176,1711,1711,74.1,1187,1357,1179,1423,1177,1489,1184,1554,1207,1616,1250,1665,1306,1699,1362,1728,1424,1746,1482,1745,1532,1721,1577,1685,1612,1638,1638,1587,1659,1533,1672,1480,1677,1426,1280,1302,1323,1276,1374,1274,1426,1287,1472,1306,1531,1322,1573,1319,1613,1322,1650,1336,1667,1370,1494,1355,1493,1388,1493,1420,1492,1455,1420,1495,1448,1506,1476,1516,1503,1515,1529,1513,1325,1340,1357,1327,1389,1332,1413,1361,1383,1357,1351,1350,1543,1384,1573,1365,1602,1370,1623,1393,1600,1395,1571,1391,1358,1580,1402,1557,1446,1550,1471,1562,1500,1559,1528,1577,1546,1610,1516,1624,1485,1630,1454,1628,1426,1621,1389,1604,1373,1579,1441,1577,1467,1584,1495,1586,1533,1605,1490,1600,1461,1598,1435,1592
2224,h,1,1,1176,1176,1711,1711,74.13333333333334,1188,1357,1180,1423,1178,1489,1185,1554,1209,1615,1253,1663,1308,1696,1363,1723,1423,1739,1479,1738,1528,1714,1574,1681,1610,1636,1637,1587,1658,1534,1670,1481,1675,1428,1282,1302,1324,1278,1374,1275,1424,1287,1469,1306,1533,1322,1573,1320,1612,1323,1647,1337,1664,1369,1493,1355,1492,1389,1491,1420,1490,1455,1419,1496,1447,1506,1474,1516,1502,1515,1527,1513,1326,1340,1358,1328,1390,1333,1414,1361,1384,1357,1352,1350,1543,1384,1572,1365,1601,1370,1622,1393,1599,1394,1570,1390,1356,1577,1402,1556,1446,1550,1471,1561,1500,1559,1528,1576,1547,1607,1516,1617,1485,1624,1455,1622,1428,1615,1391,1599,1371,1577,1441,1578,1467,1584,1495,1586,1534,1602,1490,1593,1462,1591,1436,1585
2225,h,1,1,1176,1176,1711,1711,74.16666666666667,1188,1357,1180,1423,1178,1489,1185,1554,1209,1615,1253,1663,1308,1696,1363,1723,1423,1739,1479,1738,1528,1714,1574,1681,1610,1636,1637,1587,1658,1534,1670,1481,1675,1428,1282,1302,1324,1278,1374,1275,1424,1287,1469,1306,1533,1322,1573,1320,1612,1323,1647,1337,1664,1369,1493,1355,1492,1389,1491,1420,1490,1455,1419,1496,1447,1506,1474,1516,1502,1515,1527,1513,1326,1340,1358,1328,1390,1333,1414,1361,1384,1357,1352,1350,1543,1384,1572,1365,1601,1370,1622,1393,1599,1394,1570,1390,1356,1577,1402,1556,1446,1550,1471,1561,1500,1559,1528,1576,1547,1607,1516,1617,1485,1624,1455,1622,1428,1615,1391,1599,1371,1577,1441,1578,1467,1584,1495,1586,1534,1602,1490,1593,1462,1591,1436,1585
2226,h,1,1,1176,1176,1711,1711,74.2,1190,1353,1181,1420,1178,1487,1185,1552,1209,1613,1252,1661,1308,1694,1363,1722,1424,1739,1481,1737,1531,1712,1576,1680,1611,1635,1636,1586,1657,1533,1669,1481,1673,1428,1283,1301,1325,1276,1376,1275,1427,1287,1472,1306,1532,1322,1572,1320,1613,1322,1649,1336,1667,1369,1493,1355,1492,1388,1491,1420,1489,1455,1418,1495,1446,1505,1473,1516,1501,1515,1527,1512,1327,1339,1358,1327,1390,1333,1414,1361,1383,1356,1352,1349,1542,1384,1572,1365,1601,1370,1622,1392,1599,1394,1570,1390,1359,1575,1402,1555,1445,1549,1470,1561,1499,1558,1528,1574,1547,1605,1517,1615,1485,1620,1455,1618,1428,1611,1392,1595,1374,1575,1440,1576,1467,1583,1495,1585,1534,1599,1491,1590,1462,1588,1436,1581
2227,h,1,1,1176,1176,1711,1711,74.23333333333333,1190,1357,1181,1423,1180,1491,1188,1555,1211,1615,1254,1662,1308,1695,1362,1723,1423,1740,1481,1740,1531,1719,1576,1686,1612,1641,1638,1591,1658,1537,1671,1483,1677,1430,1283,1302,1325,1277,1375,1275,1425,1287,1470,1306,1532,1321,1573,1319,1613,1322,1649,1337,1667,1370,1494,1353,1492,1387,1490,1419,1489,1454,1418,1495,1445,1505,1473,1516,1501,1515,1527,1513,1326,1339,1358,1326,1390,1332,1414,1360,1384,1356,1352,1349,1543,1383,1572,1365,1601,1369,1623,1393,1599,1395,1570,1390,1357,1575,1402,1555,1445,1549,1471,1560,1499,1558,1528,1574,1548,1606,1517,1615,1485,1620,1456,1618,1427,1611,1391,1596,1372,1576,1440,1576,1467,1583,1495,1585,1535,1601,1491,1590,1462,1588,1436,1582
2228,h,1,1,1176,1176,1711,1711,74.26666666666667,1188,1353,1180,1419,1178,1487,1186,1553,1209,1614,1253,1662,1308,1694,1363,1722,1424,1739,1481,1738,1532,1715,1578,1682,1614,1636,1640,1585,1660,1532,1673,1478,1679,1424,1282,1301,1323,1276,1374,1275,1424,1287,1469,1306,1531,1321,1572,1319,1613,1322,1649,1337,1667,1370,1493,1354,1492,1388,1491,1419,1490,1455,1418,1495,1446,1505,1474,1515,1502,1514,1528,1512,1325,1339,1357,1326,1390,1332,1414,1362,1383,1357,1351,1350,1542,1385,1572,1365,1602,1369,1623,1393,1600,1395,1570,1391,1358,1575,1403,1555,1445,1548,1470,1559,1498,1557,1528,1574,1548,1606,1516,1615,1485,1620,1456,1618,1428,1611,1392,1595,1373,1575,1441,1576,1467,1582,1494,1584,1535,1600,1490,1591,1462,1588,1436,1581
2229,h,1,1,1176,1176,1711,1711,74.3,1188,1353,1180,1419,1178,1487,1186,1553,1209,1614,1253,1662,1308,1694,1363,1722,1424,1739,1481,1738,1532,1715,1578,1682,1614,1636,1640,1585,1660,1532,1673,1478,1679,1424,1282,1301,1323,1276,1374,1275,1424,1287,1469,1306,1531,1321,1572,1319,1613,1322,1649,1337,1667,1370,1493,1354,1492,1388,1491,1419,1490,1455,1418,1495,1446,1505,1474,1515,1502,1514,1528,1512,1325,1339,1357,1326,1390,1332,1414,1362,1383,1357,1351,1350,1542,1385,1572,1365,1602,1369,1623,1393,1600,1395,1570,1391,1358,1575,1403,1555,1445,1548,1470,1559,1498,1557,1528,1574,1548,1606,1516,1615,1485,1620,1456,1618,1428,1611,1392,1595,1373,1575,1441,1576,1467,1582,1494,1584,1535,1600,1490,1591,1462,1588,1436,1581
2230,h,1,1,1176,1176,1711,1711,74.33333333333333,1188,1358,1179,1424,1178,1490,1186,1555,1209,1615,1252,1663,1308,1696,1365,1722,1426,1739,1484,1738,1534,1715,1579,1681,1613,1636,1637,1586,1657,1533,1670,1480,1675,1427,1282,1301,1324,1276,1374,1275,1425,1288,1469,1308,1532,1324,1571,1321,1611,1323,1646,1337,1664,1369,1494,1355,1493,1388,1493,1420,1493,1455,1419,1495,1447,1505,1476,1516,1503,1515,1528,1512,1326,1340,1358,1326,1390,1332,1413,1361,1383,1357,1352,1350,1543,1385,1572,1365,1601,1369,1622,1393,1599,1395,1570,1391,1357,1575,1403,1556,1446,1550,1471,1561,1500,1559,1528,1575,1548,1605,1516,1614,1486,1620,1456,1618,1429,1611,1392,1596,1372,1575,1441,1577,1467,1583,1495,1585,1535,1600,1491,1591,1463,1589,1437,1582
2231,h,1,1,1176,1176,1711,1711,74.36666666666666,1190,1359,1182,1424,1181,1490,1188,1555,1211,1616,1254,1663,1310,1695,1368,1722,1429,1737,1486,1735,1535,1712,1578,1679,1610,1633,1633,1584,1651,1532,1662,1480,1666,1430,1281,1302,1323,1277,1374,1275,1425,1287,1470,1307,1532,1323,1571,1320,1609,1322,1644,1336,1661,1366,1495,1354,1494,1387,1494,1419,1493,1454,1420,1495,1447,1505,1476,1515,1503,1513,1528,1511,1325,1340,1358,1326,1391,1331,1414,1361,1384,1357,1352,1350,1542,1383,1571,1364,1601,1368,1620,1391,1598,1394,1570,1390,1357,1575,1404,1555,1447,1550,1472,1561,1500,1558,1529,1574,1548,1604,1517,1613,1487,1619,1457,1617,1430,1610,1393,1595,1373,1575,1443,1577,1468,1583,1496,1585,1536,1599,1492,1591,1464,1589,1438,1582
2232,h,1,1,1176,1176,1711,1711,74.4,1190,1359,1182,1424,1181,1490,1188,1555,1211,1616,1254,1663,1310,1695,1368,1722,1429,1737,1486,1735,1535,1712,1578,1679,1610,1633,1633,1584,1651,1532,1662,1480,1666,1430,1281,1302,1323,1277,1374,1275,1425,1287,1470,1307,1532,1323,1571,1320,1609,1322,1644,1336,1661,1366,1495,1354,1494,1387,1494,1419,1493,1454,1420,1495,1447,1505,1476,1515,1503,1513,1528,1511,1325,1340,1358,1326,1391,1331,1414,1361,1384,1357,1352,1350,1542,1383,1571,1364,1601,1368,1620,1391,1598,1394,1570,1390,1357,1575,1404,1555,1447,1550,1472,1561,1500,1558,1529,1574,1548,1604,1517,1613,1487,1619,1457,1617,1430,1610,1393,1595,1373,1575,1443,1577,1468,1583,1496,1585,1536,1599,1492,1591,1464,1589,1438,1582
2233,h,1,1,1176,1176,1711,1711,74.43333333333334,1192,1351,1181,1417,1179,1485,1186,1551,1211,1612,1256,1661,1311,1694,1367,1723,1428,1739,1484,1736,1532,1711,1576,1676,1611,1630,1636,1579,1656,1526,1667,1475,1672,1422,1284,1297,1327,1274,1377,1273,1427,1285,1471,1305,1533,1320,1571,1318,1608,1321,1642,1334,1659,1363,1495,1355,1494,1388,1494,1418,1494,1453,1421,1495,1449,1504,1477,1514,1504,1513,1529,1511,1326,1338,1359,1325,1391,1331,1414,1361,1384,1357,1352,1350,1542,1383,1571,1363,1601,1367,1620,1390,1599,1393,1570,1389,1359,1576,1405,1555,1449,1549,1473,1560,1499,1558,1528,1574,1547,1605,1517,1618,1485,1626,1457,1624,1431,1617,1394,1601,1374,1577,1444,1578,1469,1583,1495,1585,1534,1600,1491,1596,1464,1593,1439,1587
2234,h,1,1,1176,1176,1711,1711,74.46666666666667,1190,1354,1180,1420,1177,1487,1184,1553,1208,1615,1252,1666,1307,1701,1363,1732,1424,1750,1481,1747,1531,1721,1576,1684,1611,1636,1637,1584,1658,1530,1669,1476,1674,1422,1283,1302,1325,1275,1376,1273,1427,1285,1471,1305,1531,1319,1571,1317,1610,1320,1646,1334,1662,1366,1494,1353,1493,1387,1492,1418,1491,1453,1418,1494,1446,1504,1474,1514,1502,1513,1528,1511,1327,1338,1359,1325,1391,1331,1414,1361,1385,1356,1353,1349,1542,1382,1571,1362,1601,1366,1620,1389,1598,1392,1570,1388,1356,1581,1400,1555,1443,1548,1469,1559,1498,1557,1528,1575,1545,1611,1516,1627,1484,1636,1454,1634,1425,1627,1389,1609,1372,1581,1439,1575,1466,1581,1494,1583,1531,1606,1490,1607,1460,1605,1433,1598
2235,h,1,1,1176,1176,1711,1711,74.5,1188,1351,1179,1417,1176,1484,1183,1550,1206,1613,1251,1664,1307,1700,1364,1731,1427,1749,1484,1745,1533,1717,1578,1680,1612,1631,1638,1578,1659,1524,1670,1470,1674,1417,1284,1298,1326,1273,1377,1272,1427,1285,1472,1304,1531,1318,1570,1317,1609,1320,1643,1333,1660,1364,1494,1353,1493,1387,1493,1418,1493,1453,1419,1494,1448,1503,1475,1513,1503,1512,1528,1511,1326,1337,1358,1325,1390,1330,1413,1359,1384,1355,1352,1348,1542,1382,1571,1363,1600,1367,1620,1390,1598,1392,1569,1388,1357,1581,1400,1554,1444,1548,1469,1558,1498,1557,1528,1575,1545,1612,1516,1631,1485,1640,1454,1638,1426,1631,1388,1612,1372,1582,1440,1574,1466,1580,1494,1582,1531,1607,1490,1610,1460,1608,1434,1601
2236,h,1,1,1176,1176,1711,1711,74.53333333333333,1188,1351,1179,1417,1176,1484,1183,1550,1206,1613,1251,1664,1307,1700,1364,1731,1427,1749,1484,1745,1533,1717,1578,1680,1612,1631,1638,1578,1659,1524,1670,1470,1674,1417,1284,1298,1326,1273,1377,1272,1427,1285,1472,1304,1531,1318,1570,1317,1609,1320,1643,1333,1660,1364,1494,1353,1493,1387,1493,1418,1493,1453,1419,1494,1448,1503,1475,1513,1503,1512,1528,1511,1326,1337,1358,1325,1390,1330,1413,1359,1384,1355,1352,1348,1542,1382,1571,1363,1600,1367,1620,1390,1598,1392,1569,1388,1357,1581,1400,1554,1444,1548,1469,1558,1498,1557,1528,1575,1545,1612,1516,1631,1485,1640,1454,1638,1426,1631,1388,1612,1372,1582,1440,1574,1466,1580,1494,1582,1531,1607,1490,1610,1460,1608,1434,1601
2237,h,1,1,1176,1176,1711,1711,74.56666666666666,1185,1354,1177,1420,1176,1487,1183,1553,1206,1615,1251,1667,1307,1704,1363,1737,1426,1756,1484,1753,1531,1724,1576,1686,1610,1637,1636,1584,1658,1530,1670,1475,1674,1421,1281,1302,1323,1275,1373,1272,1425,1284,1471,1303,1532,1318,1572,1317,1610,1321,1644,1334,1661,1365,1494,1353,1493,1387,1492,1419,1492,1454,1418,1495,1447,1505,1474,1515,1502,1514,1528,1512,1325,1338,1357,1324,1390,1329,1413,1359,1383,1355,1352,1348,1543,1382,1571,1362,1601,1367,1621,1391,1599,1393,1570,1389,1356,1582,1399,1555,1444,1548,1469,1559,1497,1557,1528,1576,1546,1613,1517,1631,1484,1640,1454,1638,1426,1630,1388,1611,1372,1582,1439,1576,1465,1582,1493,1584,1532,1608,1489,1609,1460,1607,1434,1600
2238,h,1,1,1176,1176,1711,1711,74.6,1185,1350,1177,1418,1176,1485,1183,1552,1208,1614,1252,1665,1309,1702,1365,1734,1428,1753,1485,1750,1535,1721,1579,1683,1614,1635,1639,1582,1660,1527,1670,1472,1673,1419,1280,1302,1320,1275,1371,1272,1423,1284,1469,1302,1532,1318,1572,1317,1612,1319,1648,1333,1665,1366,1492,1354,1491,1387,1491,1419,1490,1454,1418,1495,1446,1504,1473,1514,1501,1513,1527,1512,1326,1337,1358,1324,1390,1330,1412,1359,1383,1355,1352,1348,1542,1382,1571,1362,1600,1367,1620,1390,1598,1392,1569,1388,1357,1580,1399,1555,1444,1549,1470,1560,1498,1557,1528,1575,1546,1611,1517,1628,1486,1635,1455,1633,1427,1627,1389,1609,1372,1580,1439,1576,1466,1582,1494,1584,1532,1605,1491,1606,1461,1604,1435,1597
2239,h,1,1,1176,1176,1711,1711,74.63333333333334,1183,1353,1177,1420,1176,1488,1182,1554,1206,1615,1251,1666,1306,1703,1363,1736,1426,1754,1485,1752,1536,1724,1580,1685,1614,1636,1638,1582,1656,1527,1667,1472,1672,1418,1277,1302,1318,1276,1369,1273,1421,1285,1468,1302,1529,1316,1571,1317,1612,1321,1647,1335,1665,1368,1491,1354,1490,1387,1490,1419,1489,1454,1416,1496,1445,1505,1473,1515,1500,1514,1526,1512,1323,1339,1355,1325,1388,1331,1411,1360,1381,1356,1349,1350,1541,1383,1570,1363,1600,1367,1620,1392,1598,1394,1568,1390,1354,1581,1397,1555,1441,1549,1467,1560,1497,1557,1528,1575,1546,1611,1518,1627,1485,1634,1454,1631,1425,1624,1387,1607,1370,1581,1437,1576,1464,1582,1492,1584,1533,1606,1489,1605,1460,1602,1433,1595
2240,h,1,1,1176,1176,1711,1711,74.66666666666667,1183,1353,1177,1420,1176,1488,1182,1554,1206,1615,1251,1666,1306,1703,1363,1736,1426,1754,1485,1752,1536,1724,1580,1685,1614,1636,1638,1582,1656,1527,1667,1472,1672,1418,1277,1302,1318,1276,1369,1273,1421,1285,1468,1302,1529,1316,1571,1317,1612,1321,1647,1335,1665,1368,1491,1354,1490,1387,1490,1419,1489,1454,1416,1496,1445,1505,1473,1515,1500,1514,1526,1512,1323,1339,1355,1325,1388,1331,1411,1360,1381,1356,1349,1350,1541,1383,1570,1363,1600,1367,1620,1392,1598,1394,1568,1390,1354,1581,1397,1555,1441,1549,1467,1560,1497,1557,1528,1575,1546,1611,1518,1627,1485,1634,1454,1631,1425,1624,1387,1607,1370,1581,1437,1576,1464,1582,1492,1584,1533,1606,1489,1605,1460,1602,1433,1595
2241,h,1,1,1176,1176,1711,1711,74.7,1185,1345,1176,1414,1173,1484,1181,1551,1207,1613,1253,1664,1308,1700,1363,1732,1423,1749,1481,1747,1530,1720,1575,1682,1610,1634,1636,1580,1657,1524,1667,1468,1671,1414,1279,1302,1320,1275,1370,1273,1421,1286,1467,1304,1530,1320,1570,1318,1609,1320,1644,1334,1661,1366,1491,1355,1489,1388,1489,1420,1488,1454,1416,1494,1444,1504,1472,1514,1500,1513,1525,1512,1324,1338,1355,1326,1387,1331,1411,1361,1381,1356,1349,1349,1541,1383,1570,1364,1599,1368,1618,1391,1597,1394,1568,1390,1355,1579,1397,1555,1441,1548,1466,1559,1494,1557,1525,1575,1544,1611,1514,1627,1481,1634,1451,1632,1424,1624,1386,1606,1370,1579,1436,1575,1462,1582,1490,1584,1530,1605,1486,1605,1458,1601,1432,1595
2242,h,1,1,1176,1176,1711,1711,74.73333333333333,1183,1347,1176,1415,1175,1484,1183,1552,1207,1615,1251,1666,1308,1703,1364,1733,1425,1750,1482,1748,1531,1720,1577,1682,1612,1634,1637,1581,1658,1525,1670,1469,1673,1414,1277,1301,1318,1276,1369,1274,1420,1285,1465,1305,1529,1319,1569,1317,1608,1319,1644,1333,1662,1363,1490,1355,1489,1388,1489,1419,1489,1453,1415,1495,1444,1504,1472,1514,1500,1513,1526,1511,1322,1338,1354,1325,1386,1331,1410,1360,1380,1357,1348,1350,1539,1382,1569,1363,1598,1367,1619,1390,1596,1393,1567,1389,1355,1578,1398,1555,1442,1549,1467,1560,1495,1557,1525,1575,1544,1610,1514,1627,1483,1634,1453,1631,1425,1624,1388,1606,1371,1579,1437,1575,1463,1581,1491,1583,1531,1605,1488,1604,1459,1601,1433,1595
2243,h,1,1,1176,1176,1711,1711,74.76666666666667,1183,1354,1176,1421,1174,1489,1182,1554,1207,1615,1251,1664,1307,1700,1362,1730,1424,1747,1481,1744,1531,1717,1576,1680,1610,1632,1636,1580,1656,1526,1668,1472,1673,1418,1278,1300,1319,1276,1369,1273,1420,1285,1465,1303,1530,1317,1570,1316,1609,1318,1645,1331,1663,1363,1490,1354,1488,1388,1487,1419,1487,1454,1415,1495,1443,1505,1471,1515,1498,1514,1524,1512,1321,1339,1353,1325,1386,1331,1409,1361,1379,1357,1347,1350,1539,1383,1568,1363,1598,1367,1618,1391,1596,1393,1566,1389,1355,1582,1397,1556,1441,1549,1466,1560,1495,1558,1525,1576,1544,1611,1514,1626,1482,1632,1452,1630,1424,1623,1387,1606,1370,1581,1437,1576,1463,1582,1490,1585,1531,1606,1487,1602,1458,1599,1432,1593
2244,h,1,1,1176,1176,1711,1711,74.8,1183,1354,1176,1421,1174,1489,1182,1554,1207,1615,1251,1664,1307,1700,1362,1730,1424,1747,1481,1744,1531,1717,1576,1680,1610,1632,1636,1580,1656,1526,1668,1472,1673,1418,1278,1300,1319,1276,1369,1273,1420,1285,1465,1303,1530,1317,1570,1316,1609,1318,1645,1331,1663,1363,1490,1354,1488,1388,1487,1419,1487,1454,1415,1495,1443,1505,1471,1515,1498,1514,1524,1512,1321,1339,1353,1325,1386,1331,1409,1361,1379,1357,1347,1350,1539,1383,1568,1363,1598,1367,1618,1391,1596,1393,1566,1389,1355,1582,1397,1556,1441,1549,1466,1560,1495,1558,1525,1576,1544,1611,1514,1626,1482,1632,1452,1630,1424,1623,1387,1606,1370,1581,1437,1576,1463,1582,1490,1585,1531,1606,1487,1602,1458,1599,1432,1593
2245,h,1,1,1176,1176,1711,1711,74.83333333333333,1182,1356,1175,1424,1175,1493,1183,1559,1208,1620,1254,1670,1310,1705,1365,1736,1425,1753,1482,1750,1531,1721,1576,1683,1611,1634,1636,1583,1656,1527,1666,1472,1670,1417,1274,1303,1316,1276,1367,1274,1418,1286,1464,1305,1525,1318,1565,1317,1604,1319,1639,1334,1657,1367,1487,1356,1486,1389,1486,1420,1486,1454,1413,1497,1442,1506,1470,1516,1498,1515,1523,1513,1320,1340,1352,1326,1385,1332,1408,1362,1378,1358,1346,1351,1536,1384,1566,1364,1596,1368,1617,1391,1594,1394,1564,1390,1353,1580,1397,1556,1440,1550,1465,1560,1494,1558,1524,1575,1544,1610,1514,1626,1482,1634,1452,1631,1424,1624,1387,1607,1369,1580,1436,1576,1462,1582,1490,1584,1530,1604,1487,1604,1458,1601,1431,1595
2246,h,1,1,1176,1176,1711,1711,74.86666666666666,1180,1359,1175,1426,1175,1493,1182,1558,1205,1620,1249,1670,1305,1705,1361,1735,1422,1752,1479,1750,1529,1723,1575,1687,1610,1639,1635,1587,1655,1532,1667,1477,1672,1422,1270,1306,1312,1279,1364,1276,1416,1287,1463,1305,1524,1318,1566,1317,1607,1320,1644,1335,1662,1368,1487,1356,1486,1389,1485,1421,1485,1456,1413,1498,1441,1507,1469,1517,1497,1515,1522,1514,1319,1342,1350,1327,1383,1333,1407,1363,1377,1360,1345,1353,1537,1385,1566,1364,1596,1368,1617,1392,1594,1396,1564,1392,1352,1582,1395,1558,1439,1551,1465,1562,1493,1560,1524,1577,1545,1612,1515,1628,1482,1634,1452,1632,1423,1625,1385,1609,1368,1582,1435,1578,1461,1584,1489,1586,1530,1606,1486,1604,1457,1602,1431,1596
2247,h,1,1,1176,1176,1711,1711,74.9,1180,1359,1175,1426,1175,1493,1182,1558,1205,1620,1249,1670,1305,1705,1361,1735,1422,1752,1479,1750,1529,1723,1575,1687,1610,1639,1635,1587,1655,1532,1667,1477,1672,1422,1270,1306,1312,1279,1364,1276,1416,1287,1463,1305,1524,1318,1566,1317,1607,1320,1644,1335,1662,1368,1487,1356,1486,1389,1485,1421,1485,1456,1413,1498,1441,1507,1469,1517,1497,1515,1522,1514,1319,1342,1350,1327,1383,1333,1407,1363,1377,1360,1345,1353,1537,1385,1566,1364,1596,1368,1617,1392,1594,1396,1564,1392,1352,1582,1395,1558,1439,1551,1465,1562,1493,1560,1524,1577,1545,1612,1515,1628,1482,1634,1452,1632,1423,1625,1385,1609,1368,1582,1435,1578,1461,1584,1489,1586,1530,1606,1486,1604,1457,1602,1431,1596
2248,h,1,1,1176,1176,1711,1711,74.93333333333334,1178,1361,1171,1429,1171,1496,1180,1562,1206,1623,1252,1672,1309,1707,1365,1738,1425,1755,1481,1754,1529,1725,1573,1687,1608,1638,1634,1585,1655,1530,1665,1474,1668,1420,1268,1305,1311,1280,1361,1279,1412,1290,1459,1307,1521,1321,1562,1319,1602,1321,1639,1334,1658,1365,1483,1357,1482,1391,1483,1423,1483,1458,1411,1501,1439,1509,1468,1519,1495,1517,1520,1515,1315,1345,1346,1331,1379,1335,1403,1365,1373,1361,1341,1355,1534,1385,1562,1365,1592,1368,1614,1392,1591,1395,1562,1391,1351,1584,1392,1560,1436,1552,1462,1563,1491,1560,1522,1578,1545,1612,1513,1629,1481,1636,1450,1635,1421,1628,1384,1611,1367,1584,1432,1581,1459,1587,1487,1589,1530,1608,1484,1604,1455,1601,1428,1595
2249,h,1,1,1176,1176,1711,1711,74.96666666666667,1178,1358,1173,1427,1174,1496,1183,1561,1209,1623,1255,1672,1311,1708,1366,1737,1426,1754,1480,1751,1529,1723,1572,1685,1607,1637,1632,1584,1651,1528,1661,1471,1665,1415,1265,1309,1307,1284,1357,1281,1408,1292,1455,1310,1518,1324,1559,1322,1600,1323,1637,1337,1655,1370,1480,1359,1479,1393,1479,1426,1479,1461,1407,1503,1436,1512,1464,1521,1491,1519,1517,1518,1311,1347,1342,1334,1375,1339,1400,1367,1369,1364,1337,1358,1531,1387,1560,1368,1590,1372,1611,1394,1589,1397,1559,1393,1348,1588,1388,1563,1431,1555,1459,1566,1489,1563,1520,1580,1541,1614,1512,1629,1479,1637,1447,1635,1417,1628,1380,1612,1364,1588,1427,1582,1456,1589,1485,1590,1526,1609,1483,1606,1452,1605,1423,1598
2250,h,1,1,1176,1176,1711,1711,75.0,1180,1365,1172,1432,1172,1500,1182,1565,1211,1626,1256,1674,1311,1708,1364,1736,1422,1751,1475,1749,1524,1722,1568,1687,1604,1641,1631,1589,1651,1534,1661,1479,1665,1425,1270,1312,1312,1287,1361,1284,1410,1296,1455,1313,1518,1326,1558,1323,1598,1325,1634,1338,1652,1370,1479,1363,1478,1397,1478,1429,1477,1464,1405,1507,1434,1515,1464,1524,1492,1522,1519,1520,1312,1350,1342,1336,1375,1341,1399,1370,1369,1368,1337,1361,1530,1390,1559,1369,1589,1372,1611,1395,1588,1399,1558,1396,1348,1591,1389,1567,1431,1559,1458,1570,1486,1566,1518,1584,1540,1616,1510,1633,1477,1641,1446,1640,1417,1634,1380,1617,1364,1591,1428,1586,1455,1592,1483,1593,1526,1611,1480,1610,1451,1608,1424,1603
2251,h,1,1,1176,1176,1711,1711,75.03333333333333,1180,1365,1172,1432,1172,1500,1182,1565,1211,1626,1256,1674,1311,1708,1364,1736,1422,1751,1475,1749,1524,1722,1568,1687,1604,1641,1631,1589,1651,1534,1661,1479,1665,1425,1270,1312,1312,1287,1361,1284,1410,1296,1455,1313,1518,1326,1558,1323,1598,1325,1634,1338,1652,1370,1479,1363,1478,1397,1478,1429,1477,1464,1405,1507,1434,1515,1464,1524,1492,1522,1519,1520,1312,1350,1342,1336,1375,1341,1399,1370,1369,1368,1337,1361,1530,1390,1559,1369,1589,1372,1611,1395,1588,1399,1558,1396,1348,1591,1389,1567,1431,1559,1458,1570,1486,1566,1518,1584,1540,1616,1510,1633,1477,1641,1446,1640,1417,1634,1380,1617,1364,1591,1428,1586,1455,1592,1483,1593,1526,1611,1480,1610,1451,1608,1424,1603
2252,h,1,1,1176,1236,1711,1771,75.06666666666666,1178,1368,1174,1437,1176,1505,1184,1571,1207,1632,1250,1681,1304,1716,1359,1746,1422,1761,1481,1758,1531,1729,1575,1692,1608,1642,1630,1587,1649,1532,1661,1475,1665,1420,1260,1320,1301,1292,1351,1287,1401,1298,1449,1315,1517,1329,1557,1326,1598,1328,1635,1342,1656,1374,1477,1364,1476,1399,1475,1432,1474,1470,1404,1509,1433,1518,1461,1528,1488,1526,1514,1523,1309,1352,1339,1337,1373,1342,1397,1371,1367,1369,1334,1363,1529,1392,1557,1370,1589,1374,1611,1398,1587,1401,1557,1397,1347,1595,1388,1570,1430,1563,1455,1574,1485,1570,1515,1587,1538,1620,1508,1635,1476,1642,1445,1641,1417,1635,1381,1619,1363,1595,1426,1589,1452,1595,1482,1596,1523,1615,1480,1614,1450,1613,1423,1607
2253,h,1,1,1176,1236,1711,1771,75.1,1174,1369,1169,1438,1171,1506,1179,1572,1203,1633,1246,1681,1299,1716,1355,1745,1419,1761,1479,1757,1529,1728,1575,1689,1609,1639,1631,1584,1649,1528,1661,1471,1665,1416,1258,1322,1299,1294,1349,1290,1400,1300,1447,1317,1517,1331,1557,1328,1597,1329,1634,1342,1654,1372,1476,1367,1475,1401,1474,1434,1473,1471,1404,1512,1432,1520,1460,1529,1487,1527,1512,1525,1304,1356,1336,1340,1370,1345,1394,1375,1363,1373,1330,1367,1528,1395,1556,1371,1588,1374,1610,1398,1587,1404,1556,1400,1345,1597,1387,1571,1429,1565,1455,1575,1484,1571,1514,1586,1536,1619,1506,1636,1475,1644,1445,1642,1417,1636,1380,1621,1361,1596,1426,1591,1452,1597,1480,1598,1521,1615,1479,1614,1450,1613,1423,1607
2254,h,1,1,1176,1176,1711,1711,75.13333333333334,1171,1368,1167,1436,1168,1503,1178,1569,1204,1629,1250,1678,1306,1713,1360,1743,1420,1759,1476,1756,1526,1728,1570,1691,1606,1644,1631,1590,1649,1533,1658,1477,1661,1422,1258,1319,1299,1293,1348,1289,1399,1299,1445,1315,1512,1330,1553,1326,1594,1328,1631,1342,1650,1376,1472,1366,1472,1402,1471,1435,1471,1471,1399,1512,1429,1521,1459,1531,1486,1528,1513,1525,1305,1355,1335,1338,1369,1343,1393,1374,1363,1372,1330,1366,1525,1393,1554,1370,1586,1373,1608,1397,1585,1402,1554,1399,1344,1596,1385,1573,1426,1566,1453,1577,1481,1572,1512,1588,1535,1618,1506,1636,1474,1644,1444,1644,1415,1637,1378,1621,1360,1596,1423,1592,1451,1597,1479,1598,1521,1615,1477,1614,1448,1614,1420,1608
2255,h,1,1,1176,1176,1711,1711,75.16666666666667,1171,1368,1167,1436,1168,1503,1178,1569,1204,1629,1250,1678,1306,1713,1360,1743,1420,1759,1476,1756,1526,1728,1570,1691,1606,1644,1631,1590,1649,1533,1658,1477,1661,1422,1258,1319,1299,1293,1348,1289,1399,1299,1445,1315,1512,1330,1553,1326,1594,1328,1631,1342,1650,1376,1472,1366,1472,1402,1471,1435,1471,1471,1399,1512,1429,1521,1459,1531,1486,1528,1513,1525,1305,1355,1335,1338,1369,1343,1393,1374,1363,1372,1330,1366,1525,1393,1554,1370,1586,1373,1608,1397,1585,1402,1554,1399,1344,1596,1385,1573,1426,1566,1453,1577,1481,1572,1512,1588,1535,1618,1506,1636,1474,1644,1444,1644,1415,1637,1378,1621,1360,1596,1423,1592,1451,1597,1479,1598,1521,1615,1477,1614,1448,1614,1420,1608
2256,h,1,1,1176,1176,1711,1711,75.2,1171,1365,1166,1433,1168,1502,1178,1568,1205,1628,1251,1677,1306,1712,1359,1743,1418,1760,1475,1756,1523,1727,1568,1691,1604,1643,1630,1589,1648,1531,1657,1474,1660,1419,1257,1319,1298,1294,1347,1290,1397,1302,1444,1318,1511,1332,1550,1328,1590,1328,1626,1340,1646,1371,1471,1366,1470,1402,1470,1435,1469,1472,1400,1513,1428,1522,1457,1531,1484,1528,1510,1526,1303,1355,1333,1339,1366,1344,1391,1374,1360,1372,1328,1367,1524,1392,1552,1370,1583,1373,1606,1397,1583,1402,1552,1399,1343,1598,1384,1575,1425,1567,1452,1577,1480,1573,1511,1589,1534,1618,1505,1637,1473,1645,1442,1645,1413,1638,1377,1622,1358,1597,1422,1593,1449,1598,1477,1599,1521,1615,1476,1615,1447,1615,1419,1609
2257,h,1,1,1176,1236,1711,1771,75.23333333333333,1170,1366,1165,1435,1167,1503,1176,1568,1199,1630,1242,1681,1297,1717,1354,1747,1416,1763,1476,1759,1527,1730,1572,1691,1607,1640,1629,1585,1646,1528,1657,1471,1660,1415,1251,1322,1293,1293,1344,1289,1395,1299,1442,1316,1512,1331,1551,1327,1592,1329,1629,1342,1650,1373,1470,1367,1470,1403,1469,1436,1468,1473,1399,1513,1427,1523,1456,1532,1483,1530,1508,1527,1299,1357,1330,1340,1364,1345,1390,1375,1358,1373,1325,1367,1523,1394,1552,1371,1584,1374,1607,1399,1583,1403,1552,1400,1341,1597,1382,1574,1424,1567,1451,1577,1479,1573,1509,1589,1533,1620,1503,1639,1471,1647,1441,1646,1412,1639,1375,1623,1357,1596,1420,1593,1448,1599,1476,1600,1519,1616,1475,1616,1446,1615,1418,1609
2258,h,1,1,1176,1236,1711,1771,75.26666666666667,1169,1371,1165,1439,1168,1507,1176,1573,1199,1635,1240,1686,1296,1722,1352,1753,1415,1769,1475,1764,1525,1735,1570,1696,1603,1646,1626,1591,1643,1533,1654,1475,1659,1419,1252,1323,1293,1294,1344,1290,1394,1301,1442,1318,1511,1332,1551,1328,1591,1329,1628,1343,1647,1374,1470,1367,1470,1402,1469,1436,1469,1473,1398,1514,1426,1523,1455,1532,1482,1530,1508,1527,1300,1355,1331,1340,1364,1345,1390,1374,1359,1372,1326,1366,1523,1393,1552,1372,1583,1374,1605,1397,1582,1402,1551,1399,1341,1598,1382,1573,1423,1567,1450,1578,1479,1573,1509,1589,1531,1620,1502,1638,1470,1646,1440,1645,1411,1639,1374,1623,1357,1597,1420,1594,1447,1600,1475,1601,1518,1616,1474,1616,1445,1615,1417,1609
2259,h,1,1,1176,1236,1711,1771,75.3,1169,1371,1165,1439,1168,1507,1176,1573,1199,1635,1240,1686,1296,1722,1352,1753,1415,1769,1475,1764,1525,1735,1570,1696,1603,1646,1626,1591,1643,1533,1654,1475,1659,1419,1252,1323,1293,1294,1344,1290,1394,1301,1442,1318,1511,1332,1551,1328,1591,1329,1628,1343,1647,1374,1470,1367,1470,1402,1469,1436,1469,1473,1398,1514,1426,1523,1455,1532,1482,1530,1508,1527,1300,1355,1331,1340,1364,1345,1390,1374,1359,1372,1326,1366,1523,1393,1552,1372,1583,1374,1605,1397,1582,1402,1551,1399,1341,1598,1382,1573,1423,1567,1450,1578,1479,1573,1509,1589,1531,1620,1502,1638,1470,1646,1440,1645,1411,1639,1374,1623,1357,1597,1420,1594,1447,1600,1475,1601,1518,1616,1474,1616,1445,1615,1417,1609
2260,h,1,1,1176,1236,1711,1771,75.33333333333333,1169,1362,1164,1432,1166,1500,1174,1566,1199,1628,1242,1678,1296,1715,1351,1747,1414,1764,1473,1760,1524,1731,1570,1693,1605,1643,1628,1587,1644,1530,1655,1473,1659,1416,1254,1320,1294,1293,1343,1289,1393,1300,1440,1316,1509,1331,1550,1327,1592,1329,1629,1342,1650,1374,1469,1368,1468,1403,1467,1436,1466,1473,1396,1513,1424,1522,1453,1531,1481,1529,1507,1527,1297,1355,1328,1340,1362,1345,1388,1374,1355,1372,1322,1366,1522,1394,1551,1373,1583,1376,1606,1399,1582,1404,1551,1400,1338,1597,1379,1573,1421,1567,1449,1577,1478,1573,1508,1588,1532,1619,1502,1637,1470,1646,1439,1645,1409,1638,1371,1622,1354,1596,1417,1593,1446,1600,1475,1600,1518,1615,1474,1615,1444,1615,1415,1609
2261,h,1,1,1176,1236,1711,1771,75.36666666666666,1173,1364,1165,1431,1166,1499,1173,1565,1197,1627,1240,1677,1295,1714,1351,1746,1413,1763,1473,1758,1523,1729,1568,1691,1603,1641,1627,1586,1645,1529,1656,1471,1659,1414,1256,1319,1296,1293,1345,1290,1394,1301,1440,1317,1509,1331,1549,1327,1588,1327,1625,1340,1645,1370,1469,1368,1468,1404,1467,1437,1466,1474,1397,1514,1425,1522,1453,1532,1480,1530,1505,1527,1300,1356,1330,1341,1363,1346,1389,1375,1357,1372,1325,1367,1521,1393,1549,1372,1581,1374,1603,1397,1580,1402,1549,1399,1338,1598,1378,1573,1420,1567,1447,1577,1477,1573,1507,1588,1531,1618,1500,1636,1469,1645,1438,1645,1408,1638,1372,1621,1354,1597,1417,1594,1444,1600,1473,1600,1517,1615,1472,1614,1442,1614,1415,1608
2262,h,1,1,1176,1236,1711,1771,75.4,1173,1364,1165,1431,1166,1499,1173,1565,1197,1627,1240,1677,1295,1714,1351,1746,1413,1763,1473,1758,1523,1729,1568,1691,1603,1641,1627,1586,1645,1529,1656,1471,1659,1414,1256,1319,1296,1293,1345,1290,1394,1301,1440,1317,1509,1331,1549,1327,1588,1327,1625,1340,1645,1370,1469,1368,1468,1404,1467,1437,1466,1474,1397,1514,1425,1522,1453,1532,1480,1530,1505,1527,1300,1356,1330,1341,1363,1346,1389,1375,1357,1372,1325,1367,1521,1393,1549,1372,1581,1374,1603,1397,1580,1402,1549,1399,1338,1598,1378,1573,1420,1567,1447,1577,1477,1573,1507,1588,1531,1618,1500,1636,1469,1645,1438,1645,1408,1638,1372,1621,1354,1597,1417,1594,1444,1600,1473,1600,1517,1615,1472,1614,1442,1614,1415,1608
2263,h,1,1,1176,1236,1711,1771,75.43333333333334,1167,1368,1162,1437,1165,1505,1173,1571,1196,1632,1239,1682,1294,1718,1351,1748,1414,1765,1475,1760,1525,1731,1570,1692,1603,1642,1626,1587,1643,1530,1655,1472,1659,1416,1248,1323,1289,1294,1341,1290,1393,1301,1440,1319,1507,1332,1547,1327,1589,1328,1626,1341,1646,1375,1467,1368,1466,1403,1466,1436,1466,1473,1395,1514,1424,1523,1452,1533,1479,1531,1505,1528,1294,1356,1326,1340,1360,1345,1386,1376,1354,1373,1320,1367,1519,1394,1550,1371,1582,1374,1606,1398,1581,1404,1549,1400,1335,1599,1377,1573,1420,1567,1448,1578,1477,1574,1508,1590,1531,1621,1501,1639,1468,1648,1437,1647,1407,1640,1370,1624,1352,1598,1416,1594,1445,1601,1474,1601,1517,1616,1471,1616,1442,1616,1413,1609
2264,h,1,1,1176,1236,1711,1771,75.46666666666667,1164,1366,1159,1435,1160,1503,1170,1570,1194,1633,1237,1685,1292,1722,1349,1753,1412,1770,1473,1766,1521,1735,1566,1696,1601,1644,1625,1588,1643,1530,1653,1471,1656,1415,1252,1322,1293,1294,1343,1289,1394,1300,1440,1319,1507,1332,1546,1326,1587,1326,1624,1340,1644,1371,1467,1369,1467,1404,1466,1438,1466,1475,1395,1515,1424,1525,1453,1534,1480,1531,1506,1528,1296,1357,1327,1340,1361,1346,1387,1376,1355,1373,1321,1368,1520,1393,1549,1371,1581,1373,1603,1397,1580,1403,1548,1399,1336,1600,1377,1575,1419,1569,1447,1580,1477,1575,1507,1590,1529,1621,1500,1640,1468,1650,1437,1649,1407,1643,1370,1626,1353,1599,1415,1596,1444,1602,1473,1602,1516,1617,1471,1618,1442,1618,1413,1612
2265,h,1,1,1176,1236,1711,1771,75.5,1175,1369,1170,1436,1171,1503,1179,1568,1202,1630,1245,1680,1297,1717,1351,1749,1413,1767,1472,1763,1523,1733,1567,1695,1602,1644,1625,1589,1643,1531,1654,1472,1658,1415,1254,1322,1293,1295,1342,1291,1392,1302,1439,1319,1507,1333,1547,1329,1587,1329,1625,1341,1646,1372,1467,1370,1466,1406,1466,1439,1465,1477,1397,1516,1425,1525,1453,1535,1480,1533,1505,1530,1300,1358,1329,1342,1363,1347,1388,1377,1356,1374,1323,1369,1521,1396,1550,1373,1581,1376,1604,1399,1580,1404,1549,1401,1338,1600,1377,1575,1419,1570,1447,1581,1476,1577,1507,1591,1530,1621,1500,1640,1467,1650,1436,1650,1406,1643,1369,1626,1353,1599,1415,1596,1444,1602,1473,1602,1516,1617,1471,1619,1441,1619,1412,1613
2266,h,1,1,1176,1236,1711,1771,75.53333333333333,1175,1369,1170,1436,1171,1503,1179,1568,1202,1630,1245,1680,1297,1717,1351,1749,1413,1767,1472,1763,1523,1733,1567,1695,1602,1644,1625,1589,1643,1531,1654,1472,1658,1415,1254,1322,1293,1295,1342,1291,1392,1302,1439,1319,1507,1333,1547,1329,1587,1329,1625,1341,1646,1372,1467,1370,1466,1406,1466,1439,1465,1477,1397,1516,1425,1525,1453,1535,1480,1533,1505,1530,1300,1358,1329,1342,1363,1347,1388,1377,1356,1374,1323,1369,1521,1396,1550,1373,1581,1376,1604,1399,1580,1404,1549,1401,1338,1600,1377,1575,1419,1570,1447,1581,1476,1577,1507,1591,1530,1621,1500,1640,1467,1650,1436,1650,1406,1643,1369,1626,1353,1599,1415,1596,1444,1602,1473,1602,1516,1617,1471,1619,1441,1619,1412,1613
2267,h,1,1,1176,1236,1711,1771,75.56666666666666,1170,1367,1165,1436,1166,1504,1175,1569,1199,1631,1242,1681,1296,1718,1352,1750,1415,1767,1476,1762,1527,1732,1571,1692,1604,1640,1627,1584,1643,1528,1653,1470,1656,1414,1255,1326,1294,1297,1344,1292,1395,1304,1441,1320,1509,1335,1548,1330,1589,1330,1626,1343,1647,1375,1469,1370,1469,1406,1468,1440,1466,1477,1397,1516,1426,1526,1454,1536,1481,1533,1507,1530,1299,1358,1329,1343,1363,1348,1389,1378,1357,1375,1324,1370,1521,1396,1551,1373,1582,1376,1604,1399,1581,1405,1550,1402,1339,1601,1378,1575,1419,1570,1447,1581,1477,1577,1508,1591,1531,1622,1502,1640,1469,1649,1438,1649,1407,1642,1371,1625,1355,1600,1416,1596,1444,1602,1474,1603,1518,1618,1472,1619,1442,1619,1413,1613
2268,h,1,1,1176,1236,1711,1771,75.6,1171,1367,1165,1435,1166,1503,1174,1570,1199,1631,1242,1681,1297,1717,1354,1749,1417,1766,1478,1761,1528,1731,1572,1692,1606,1641,1629,1585,1647,1528,1658,1471,1661,1416,1254,1324,1295,1297,1345,1294,1396,1304,1442,1321,1508,1336,1548,1331,1589,1330,1628,1342,1649,1373,1471,1370,1470,1405,1470,1439,1469,1476,1398,1515,1427,1525,1456,1536,1483,1533,1509,1529,1299,1359,1330,1343,1364,1349,1390,1378,1358,1375,1325,1370,1523,1396,1552,1374,1584,1377,1607,1400,1583,1405,1552,1401,1340,1601,1381,1576,1422,1570,1449,1582,1478,1577,1509,1591,1533,1622,1502,1641,1470,1650,1439,1649,1410,1642,1374,1626,1356,1600,1418,1595,1447,1602,1475,1602,1519,1618,1474,1620,1444,1620,1416,1614
2269,h,1,1,1176,1236,1711,1771,75.63333333333334,1176,1365,1170,1434,1169,1502,1177,1568,1201,1630,1244,1681,1297,1718,1352,1750,1414,1767,1474,1763,1524,1733,1569,1694,1604,1643,1628,1587,1646,1529,1657,1470,1662,1414,1260,1323,1299,1295,1349,1291,1400,1302,1445,1320,1511,1334,1551,1329,1591,1329,1629,1342,1650,1375,1473,1369,1473,1405,1472,1439,1471,1477,1401,1515,1429,1525,1458,1534,1485,1532,1511,1529,1304,1358,1333,1342,1367,1349,1392,1377,1361,1375,1328,1369,1525,1395,1554,1374,1585,1377,1608,1399,1584,1404,1554,1401,1341,1601,1382,1576,1424,1570,1450,1581,1480,1577,1511,1592,1535,1622,1504,1641,1472,1649,1441,1649,1412,1643,1375,1626,1357,1600,1420,1596,1447,1602,1477,1603,1521,1618,1475,1619,1446,1619,1418,1613
2270,h,1,1,1176,1236,1711,1771,75.66666666666667,1176,1365,1170,1434,1169,1502,1177,1568,1201,1630,1244,1681,1297,1718,1352,1750,1414,1767,1474,1763,1524,1733,1569,1694,1604,1643,1628,1587,1646,1529,1657,1470,1662,1414,1260,1323,1299,1295,1349,1291,1400,1302,1445,1320,1511,1334,1551,1329,1591,1329,1629,1342,1650,1375,1473,1369,1473,1405,1472,1439,1471,1477,1401,1515,1429,1525,1458,1534,1485,1532,1511,1529,1304,1358,1333,1342,1367,1349,1392,1377,1361,1375,1328,1369,1525,1395,1554,1374,1585,1377,1608,1399,1584,1404,1554,1401,1341,1601,1382,1576,1424,1570,1450,1581,1480,1577,1511,1592,1535,1622,1504,1641,1472,1649,1441,1649,1412,1643,1375,1626,1357,1600,1420,1596,1447,1602,1477,1603,1521,1618,1475,1619,1446,1619,1418,1613
2271,h,1,1,1176,1236,1711,1771,75.7,1172,1371,1166,1438,1167,1505,1175,1570,1198,1633,1240,1685,1296,1722,1354,1753,1417,1770,1477,1766,1527,1736,1572,1696,1605,1646,1628,1591,1647,1535,1659,1478,1664,1423,1257,1327,1298,1298,1348,1294,1399,1305,1446,1323,1515,1337,1555,1332,1596,1333,1632,1346,1652,1377,1475,1371,1475,1406,1474,1439,1474,1477,1403,1517,1431,1526,1459,1535,1486,1533,1511,1531,1303,1359,1334,1343,1368,1348,1394,1379,1362,1376,1328,1370,1526,1397,1556,1374,1587,1377,1610,1401,1587,1406,1556,1403,1342,1600,1383,1575,1425,1569,1451,1580,1480,1577,1510,1592,1534,1623,1503,1641,1471,1650,1440,1648,1411,1641,1375,1625,1358,1599,1421,1596,1448,1602,1477,1603,1521,1619,1475,1620,1445,1619,1418,1613
2272,h,1,1,1176,1236,1711,1771,75.73333333333333,1175,1370,1169,1439,1170,1507,1178,1573,1202,1634,1246,1684,1300,1719,1355,1750,1418,1768,1479,1765,1530,1735,1575,1698,1610,1647,1633,1592,1650,1534,1662,1477,1666,1420,1262,1324,1302,1296,1351,1292,1400,1303,1445,1322,1517,1337,1556,1332,1596,1332,1633,1345,1654,1376,1476,1372,1475,1407,1475,1440,1474,1476,1403,1517,1432,1526,1460,1536,1487,1534,1513,1531,1304,1359,1335,1344,1369,1349,1395,1379,1362,1377,1329,1371,1528,1398,1557,1376,1590,1379,1613,1402,1589,1408,1557,1405,1344,1602,1385,1576,1426,1570,1453,1581,1482,1577,1513,1592,1536,1625,1506,1642,1473,1650,1442,1649,1413,1642,1377,1627,1360,1601,1422,1596,1449,1602,1479,1603,1522,1620,1477,1620,1447,1620,1420,1614
2273,h,1,1,1176,1236,1711,1771,75.76666666666667,1178,1369,1172,1437,1173,1506,1181,1572,1205,1633,1247,1682,1301,1718,1357,1749,1419,1766,1479,1762,1530,1734,1575,1696,1610,1647,1634,1592,1653,1535,1664,1477,1668,1422,1263,1321,1304,1295,1353,1292,1402,1304,1447,1321,1519,1336,1558,1332,1598,1333,1634,1345,1656,1375,1477,1372,1476,1407,1476,1441,1475,1477,1405,1517,1433,1527,1462,1536,1489,1534,1514,1531,1306,1359,1337,1343,1370,1349,1396,1379,1364,1377,1331,1371,1530,1399,1559,1376,1591,1379,1614,1402,1590,1408,1559,1405,1347,1602,1387,1577,1428,1571,1454,1582,1483,1578,1512,1594,1535,1625,1505,1642,1474,1650,1444,1649,1415,1642,1379,1626,1362,1601,1424,1597,1451,1603,1479,1604,1522,1621,1478,1620,1449,1620,1422,1614
2274,h,1,1,1176,1236,1711,1771,75.8,1178,1369,1172,1437,1173,1506,1181,1572,1205,1633,1247,1682,1301,1718,1357,1749,1419,1766,1479,1762,1530,1734,1575,1696,1610,1647,1634,1592,1653,1535,1664,1477,1668,1422,1263,1321,1304,1295,1353,1292,1402,1304,1447,1321,1519,1336,1558,1332,1598,1333,1634,1345,1656,1375,1477,1372,1476,1407,1476,1441,1475,1477,1405,1517,1433,1527,1462,1536,1489,1534,1514,1531,1306,1359,1337,1343,1370,1349,1396,1379,1364,1377,1331,1371,1530,1399,1559,1376,1591,1379,1614,1402,1590,1408,1559,1405,1347,1602,1387,1577,1428,1571,1454,1582,1483,1578,1512,1594,1535,1625,1505,1642,1474,1650,1444,1649,1415,1642,1379,1626,1362,1601,1424,1597,1451,1603,1479,1604,1522,1621,1478,1620,1449,1620,1422,1614
2275,h,1,1,1176,1236,1711,1771,75.83333333333333,1180,1366,1173,1435,1173,1503,1180,1569,1203,1631,1245,1681,1300,1717,1355,1750,1418,1768,1478,1764,1530,1735,1575,1697,1610,1647,1633,1592,1652,1534,1663,1475,1667,1417,1261,1324,1302,1296,1352,1294,1402,1306,1449,1324,1520,1339,1559,1334,1600,1333,1638,1343,1661,1374,1478,1373,1477,1408,1477,1441,1476,1477,1406,1517,1434,1527,1463,1536,1490,1534,1515,1532,1308,1360,1338,1344,1372,1350,1398,1380,1366,1377,1333,1371,1531,1399,1559,1377,1592,1380,1614,1403,1591,1409,1559,1405,1348,1601,1389,1577,1431,1571,1456,1582,1485,1579,1515,1594,1538,1626,1506,1643,1475,1651,1444,1650,1416,1643,1380,1627,1364,1601,1426,1597,1453,1603,1482,1604,1524,1622,1479,1621,1449,1620,1423,1615
2276,h,1,1,1176,1236,1711,1771,75.86666666666666,1181,1371,1174,1437,1173,1504,1181,1570,1204,1632,1246,1683,1302,1719,1358,1750,1421,1767,1481,1764,1531,1736,1577,1698,1612,1647,1636,1593,1655,1536,1666,1478,1669,1423,1263,1324,1304,1296,1354,1293,1405,1305,1451,1323,1521,1338,1561,1334,1601,1335,1638,1347,1658,1378,1480,1373,1479,1408,1478,1441,1477,1477,1407,1518,1435,1527,1464,1537,1491,1535,1517,1532,1309,1359,1340,1344,1374,1350,1399,1380,1368,1377,1334,1371,1532,1400,1561,1378,1593,1380,1616,1404,1593,1409,1561,1406,1349,1602,1391,1578,1432,1572,1457,1583,1487,1579,1516,1595,1539,1626,1508,1643,1477,1651,1446,1649,1418,1643,1383,1627,1365,1602,1428,1598,1454,1604,1483,1605,1526,1622,1481,1622,1452,1621,1425,1615
2277,h,1,1,1176,1236,1711,1771,75.9,1181,1371,1174,1437,1173,1504,1181,1570,1204,1632,1246,1683,1302,1719,1358,1750,1421,1767,1481,1764,1531,1736,1577,1698,1612,1647,1636,1593,1655,1536,1666,1478,1669,1423,1263,1324,1304,1296,1354,1293,1405,1305,1451,1323,1521,1338,1561,1334,1601,1335,1638,1347,1658,1378,1480,1373,1479,1408,1478,1441,1477,1477,1407,1518,1435,1527,1464,1537,1491,1535,1517,1532,1309,1359,1340,1344,1374,1350,1399,1380,1368,1377,1334,1371,1532,1400,1561,1378,1593,1380,1616,1404,1593,1409,1561,1406,1349,1602,1391,1578,1432,1572,1457,1583,1487,1579,1516,1595,1539,1626,1508,1643,1477,1651,1446,1649,1418,1643,1383,1627,1365,1602,1428,1598,1454,1604,1483,1605,1526,1622,1481,1622,1452,1621,1425,1615
2278,h,1,1,1176,1236,1711,1771,75.93333333333334,1184,1366,1178,1435,1178,1504,1185,1571,1208,1633,1250,1684,1304,1721,1361,1753,1423,1771,1482,1766,1533,1736,1578,1698,1612,1648,1636,1594,1655,1537,1667,1479,1672,1423,1267,1325,1307,1298,1357,1295,1406,1307,1451,1325,1522,1339,1561,1335,1601,1335,1638,1347,1660,1378,1481,1374,1479,1408,1478,1441,1476,1478,1408,1518,1436,1527,1464,1537,1491,1535,1517,1532,1313,1360,1343,1345,1376,1351,1401,1381,1370,1377,1337,1372,1534,1400,1562,1378,1593,1381,1616,1404,1593,1409,1562,1406,1351,1601,1392,1579,1433,1573,1457,1584,1486,1580,1515,1595,1538,1626,1507,1645,1476,1651,1446,1650,1419,1644,1384,1629,1366,1601,1429,1599,1454,1605,1482,1606,1524,1623,1480,1623,1452,1622,1426,1616
2279,h,1,1,1176,1236,1711,1771,75.96666666666667,1183,1370,1177,1440,1178,1509,1186,1576,1211,1637,1253,1686,1308,1721,1363,1751,1425,1768,1484,1765,1535,1736,1579,1697,1613,1646,1637,1591,1655,1535,1667,1477,1672,1421,1266,1322,1308,1297,1357,1294,1407,1306,1453,1324,1523,1339,1563,1334,1604,1336,1641,1348,1663,1380,1483,1374,1481,1409,1481,1443,1480,1480,1410,1518,1438,1527,1466,1537,1493,1535,1518,1533,1312,1360,1343,1345,1376,1351,1401,1380,1370,1378,1337,1372,1536,1401,1564,1379,1596,1382,1619,1405,1595,1410,1564,1407,1352,1604,1393,1579,1434,1573,1459,1583,1488,1580,1517,1595,1537,1627,1509,1645,1479,1653,1448,1651,1421,1645,1384,1629,1367,1603,1430,1600,1456,1606,1484,1606,1524,1623,1483,1623,1454,1622,1427,1617
2280,h,1,1,1176,1236,1711,1771,76.0,1181,1371,1176,1440,1177,1508,1184,1575,1208,1637,1250,1688,1305,1724,1362,1755,1425,1772,1484,1767,1535,1738,1580,1700,1614,1650,1638,1596,1656,1540,1669,1482,1675,1427,1267,1325,1308,1298,1359,1293,1410,1304,1457,1323,1523,1338,1565,1334,1607,1335,1645,1350,1667,1382,1483,1372,1482,1408,1481,1442,1480,1479,1409,1518,1438,1527,1466,1537,1494,1535,1520,1532,1314,1360,1344,1344,1378,1350,1402,1380,1371,1377,1339,1371,1535,1401,1564,1379,1596,1382,1619,1406,1595,1410,1564,1407,1351,1603,1393,1580,1435,1572,1460,1584,1489,1580,1519,1596,1541,1630,1510,1647,1479,1655,1448,1653,1420,1647,1383,1630,1366,1603,1430,1600,1457,1606,1485,1607,1527,1625,1483,1624,1454,1623,1427,1617
2281,h,1,1,1176,1236,1711,1771,76.03333333333333,1181,1371,1176,1440,1177,1508,1184,1575,1208,1637,1250,1688,1305,1724,1362,1755,1425,1772,1484,1767,1535,1738,1580,1700,1614,1650,1638,1596,1656,1540,1669,1482,1675,1427,1267,1325,1308,1298,1359,1293,1410,1304,1457,1323,1523,1338,1565,1334,1607,1335,1645,1350,1667,1382,1483,1372,1482,1408,1481,1442,1480,1479,1409,1518,1438,1527,1466,1537,1494,1535,1520,1532,1314,1360,1344,1344,1378,1350,1402,1380,1371,1377,1339,1371,1535,1401,1564,1379,1596,1382,1619,1406,1595,1410,1564,1407,1351,1603,1393,1580,1435,1572,1460,1584,1489,1580,1519,1596,1541,1630,1510,1647,1479,1655,1448,1653,1420,1647,1383,1630,1366,1603,1430,1600,1457,1606,1485,1607,1527,1625,1483,1624,1454,1623,1427,1617
2282,h,1,1,1176,1236,1711,1771,76.06666666666666,1182,1374,1177,1443,1178,1511,1185,1577,1207,1640,1249,1690,1304,1726,1360,1757,1422,1774,1480,1772,1531,1746,1576,1708,1610,1658,1635,1603,1654,1546,1667,1486,1674,1429,1268,1324,1311,1298,1361,1294,1412,1306,1459,1324,1522,1339,1563,1334,1605,1336,1642,1349,1663,1381,1484,1374,1483,1409,1482,1442,1481,1479,1411,1519,1439,1528,1467,1538,1495,1536,1520,1534,1313,1360,1344,1344,1378,1350,1403,1380,1372,1377,1339,1371,1536,1400,1564,1377,1596,1381,1618,1405,1595,1409,1564,1406,1350,1604,1392,1579,1434,1572,1460,1584,1490,1580,1520,1597,1543,1630,1511,1647,1479,1654,1448,1652,1419,1645,1383,1630,1366,1603,1430,1600,1457,1606,1486,1607,1528,1626,1483,1623,1454,1622,1426,1616
2283,h,1,1,1176,1236,1711,1771,76.1,1184,1368,1179,1437,1180,1506,1186,1573,1210,1636,1253,1686,1307,1722,1364,1753,1427,1770,1486,1766,1537,1737,1583,1699,1617,1650,1641,1596,1659,1539,1671,1480,1677,1423,1267,1325,1309,1297,1359,1294,1409,1305,1456,1323,1525,1338,1566,1334,1607,1336,1645,1351,1666,1383,1484,1374,1482,1409,1481,1442,1480,1479,1410,1519,1439,1528,1467,1537,1494,1536,1520,1533,1314,1359,1344,1344,1378,1350,1402,1379,1372,1377,1339,1371,1537,1400,1566,1378,1597,1382,1620,1405,1596,1410,1565,1406,1353,1603,1394,1579,1436,1573,1461,1584,1490,1581,1519,1597,1542,1628,1511,1646,1479,1654,1449,1652,1422,1646,1385,1629,1368,1602,1432,1599,1457,1605,1486,1606,1528,1624,1483,1624,1454,1622,1428,1616
2284,h,1,1,1176,1236,1711,1771,76.13333333333334,1184,1372,1179,1440,1180,1509,1187,1576,1209,1639,1251,1689,1305,1724,1362,1755,1424,1773,1483,1770,1535,1741,1580,1702,1615,1652,1638,1598,1658,1542,1670,1483,1676,1427,1268,1325,1310,1298,1360,1294,1411,1306,1457,1325,1524,1339,1564,1336,1605,1337,1643,1351,1664,1382,1484,1374,1483,1409,1482,1442,1481,1479,1411,1520,1439,1529,1467,1538,1494,1537,1519,1534,1313,1360,1344,1345,1377,1350,1402,1380,1371,1377,1339,1371,1537,1401,1566,1379,1598,1383,1620,1406,1597,1411,1566,1407,1351,1603,1393,1580,1434,1573,1460,1584,1490,1581,1519,1597,1541,1628,1511,1647,1479,1655,1448,1653,1420,1647,1383,1630,1366,1603,1430,1600,1457,1606,1486,1607,1526,1624,1483,1624,1454,1623,1426,1617
2285,h,1,1,1176,1236,1711,1771,76.16666666666667,1184,1372,1179,1440,1180,1509,1187,1576,1209,1639,1251,1689,1305,1724,1362,1755,1424,1773,1483,1770,1535,1741,1580,1702,1615,1652,1638,1598,1658,1542,1670,1483,1676,1427,1268,1325,1310,1298,1360,1294,1411,1306,1457,1325,1524,1339,1564,1336,1605,1337,1643,1351,1664,1382,1484,1374,1483,1409,1482,1442,1481,1479,1411,1520,1439,1529,1467,1538,1494,1537,1519,1534,1313,1360,1344,1345,1377,1350,1402,1380,1371,1377,1339,1371,1537,1401,1566,1379,1598,1383,1620,1406,1597,1411,1566,1407,1351,1603,1393,1580,1434,1573,1460,1584,1490,1581,1519,1597,1541,1628,1511,1647,1479,1655,1448,1653,1420,1647,1383,1630,1366,1603,1430,1600,1457,1606,1486,1607,1526,1624,1483,1624,1454,1623,1426,1617
2286,h,1,1,1176,1236,1711,1771,76.2,1185,1371,1179,1440,1180,1508,1187,1575,1210,1637,1253,1687,1307,1722,1363,1753,1425,1770,1485,1767,1537,1739,1582,1702,1616,1652,1641,1598,1660,1541,1673,1481,1679,1425,1269,1323,1311,1297,1361,1294,1412,1305,1458,1323,1525,1337,1566,1334,1608,1337,1645,1351,1667,1382,1485,1373,1483,1409,1482,1442,1481,1478,1411,1518,1439,1528,1467,1537,1494,1535,1520,1533,1313,1360,1344,1345,1378,1350,1403,1380,1372,1378,1338,1372,1537,1401,1566,1379,1599,1383,1621,1406,1598,1411,1566,1408,1354,1604,1395,1579,1436,1572,1461,1584,1491,1580,1520,1597,1542,1630,1511,1647,1480,1655,1449,1653,1421,1647,1385,1630,1370,1603,1431,1600,1458,1606,1487,1607,1527,1625,1484,1624,1455,1623,1428,1616
2287,h,1,1,1176,1236,1711,1771,76.23333333333333,1182,1373,1177,1441,1177,1510,1185,1576,1208,1637,1251,1687,1306,1723,1363,1753,1425,1770,1483,1766,1535,1739,1580,1701,1615,1651,1639,1597,1657,1540,1670,1482,1675,1426,1268,1325,1310,1298,1360,1295,1411,1305,1457,1324,1524,1338,1565,1335,1605,1336,1642,1351,1664,1382,1484,1375,1483,1410,1482,1443,1481,1480,1412,1519,1440,1528,1468,1538,1495,1536,1520,1533,1313,1360,1344,1345,1377,1351,1403,1381,1371,1378,1338,1371,1536,1401,1565,1379,1597,1383,1619,1406,1596,1411,1565,1407,1352,1603,1393,1579,1435,1573,1461,1584,1491,1581,1520,1597,1542,1629,1511,1647,1480,1655,1449,1653,1420,1647,1383,1630,1368,1602,1431,1599,1458,1605,1487,1606,1527,1625,1484,1624,1454,1623,1427,1617
2288,h,1,1,1176,1236,1711,1771,76.26666666666667,1182,1370,1177,1440,1178,1509,1185,1576,1208,1639,1251,1690,1306,1725,1362,1755,1425,1772,1484,1769,1534,1740,1580,1703,1614,1652,1639,1598,1658,1541,1671,1482,1677,1424,1267,1327,1309,1299,1360,1295,1411,1307,1458,1326,1524,1341,1565,1337,1607,1338,1645,1352,1667,1385,1485,1374,1484,1409,1483,1443,1482,1479,1411,1519,1439,1528,1467,1538,1495,1536,1520,1534,1313,1360,1345,1345,1378,1351,1404,1380,1373,1377,1339,1371,1537,1401,1567,1380,1598,1384,1620,1407,1597,1411,1566,1407,1351,1603,1394,1579,1436,1573,1461,1584,1490,1581,1520,1597,1541,1630,1511,1647,1480,1653,1450,1651,1422,1645,1385,1629,1368,1602,1431,1600,1458,1606,1487,1607,1527,1625,1484,1623,1455,1622,1428,1616
2289,h,1,1,1176,1236,1711,1771,76.3,1182,1370,1177,1440,1178,1509,1185,1576,1208,1639,1251,1690,1306,1725,1362,1755,1425,1772,1484,1769,1534,1740,1580,1703,1614,1652,1639,1598,1658,1541,1671,1482,1677,1424,1267,1327,1309,1299,1360,1295,1411,1307,1458,1326,1524,1341,1565,1337,1607,1338,1645,1352,1667,1385,1485,1374,1484,1409,1483,1443,1482,1479,1411,1519,1439,1528,1467,1538,1495,1536,1520,1534,1313,1360,1345,1345,1378,1351,1404,1380,1373,1377,1339,1371,1537,1401,1567,1380,1598,1384,1620,1407,1597,1411,1566,1407,1351,1603,1394,1579,1436,1573,1461,1584,1490,1581,1520,1597,1541,1630,1511,1647,1480,1653,1450,1651,1422,1645,1385,1629,1368,1602,1431,1600,1458,1606,1487,1607,1527,1625,1484,1623,1455,1622,1428,1616
2290,h,1,1,1176,1236,1711,1771,76.33333333333333,1193,1367,1189,1436,1191,1504,1198,1571,1221,1633,1262,1684,1311,1721,1363,1753,1424,1769,1482,1766,1534,1739,1580,1702,1614,1652,1639,1598,1658,1541,1671,1483,1676,1427,1272,1324,1312,1297,1360,1294,1409,1306,1455,1324,1525,1340,1566,1336,1607,1338,1644,1352,1665,1384,1483,1373,1481,1408,1480,1442,1478,1478,1411,1518,1438,1528,1466,1537,1493,1535,1519,1533,1315,1360,1345,1345,1379,1351,1404,1380,1372,1378,1339,1372,1538,1402,1567,1380,1598,1384,1621,1407,1597,1412,1566,1408,1352,1603,1393,1579,1434,1573,1460,1584,1489,1581,1519,1597,1541,1630,1510,1645,1479,1651,1448,1649,1420,1643,1384,1627,1368,1602,1430,1600,1457,1606,1486,1607,1526,1625,1483,1621,1453,1620,1426,1614
2291,h,1,1,1176,1236,1711,1771,76.36666666666666,1181,1374,1176,1442,1177,1511,1185,1577,1207,1639,1248,1689,1302,1726,1359,1756,1422,1773,1482,1771,1533,1743,1579,1704,1614,1654,1638,1599,1657,1542,1670,1485,1677,1429,1266,1324,1308,1297,1360,1293,1412,1305,1459,1325,1523,1339,1565,1335,1608,1337,1646,1351,1668,1383,1485,1374,1484,1409,1483,1443,1481,1479,1410,1519,1439,1529,1467,1538,1495,1537,1520,1534,1313,1359,1345,1344,1379,1349,1404,1380,1372,1377,1339,1370,1537,1401,1566,1379,1598,1382,1621,1406,1597,1411,1566,1407,1348,1604,1391,1579,1434,1572,1460,1584,1490,1580,1520,1597,1542,1631,1511,1646,1478,1653,1447,1650,1418,1644,1381,1628,1365,1604,1429,1600,1457,1606,1486,1608,1528,1626,1483,1622,1453,1620,1425,1614
2292,h,1,1,1176,1236,1711,1771,76.4,1181,1374,1176,1442,1177,1511,1185,1577,1207,1639,1248,1689,1302,1726,1359,1756,1422,1773,1482,1771,1533,1743,1579,1704,1614,1654,1638,1599,1657,1542,1670,1485,1677,1429,1266,1324,1308,1297,1360,1293,1412,1305,1459,1325,1523,1339,1565,1335,1608,1337,1646,1351,1668,1383,1485,1374,1484,1409,1483,1443,1481,1479,1410,1519,1439,1529,1467,1538,1495,1537,1520,1534,1313,1359,1345,1344,1379,1349,1404,1380,1372,1377,1339,1370,1537,1401,1566,1379,1598,1382,1621,1406,1597,1411,1566,1407,1348,1604,1391,1579,1434,1572,1460,1584,1490,1580,1520,1597,1542,1631,1511,1646,1478,1653,1447,1650,1418,1644,1381,1628,1365,1604,1429,1600,1457,1606,1486,1608,1528,1626,1483,1622,1453,1620,1425,1614
2293,h,1,1,1176,1236,1711,1771,76.43333333333334,1184,1368,1178,1438,1177,1506,1185,1573,1207,1635,1250,1685,1304,1721,1360,1752,1422,1768,1481,1765,1533,1739,1580,1702,1616,1652,1640,1596,1659,1540,1671,1482,1678,1426,1268,1325,1309,1297,1360,1294,1412,1305,1459,1323,1524,1339,1565,1336,1608,1338,1647,1352,1670,1383,1485,1374,1484,1409,1483,1442,1482,1478,1411,1518,1439,1528,1467,1537,1495,1536,1521,1533,1315,1359,1345,1344,1379,1350,1404,1380,1373,1377,1339,1371,1536,1401,1566,1379,1598,1382,1621,1406,1596,1411,1565,1407,1352,1602,1393,1578,1435,1572,1460,1584,1489,1580,1519,1596,1541,1629,1510,1645,1478,1653,1447,1651,1419,1644,1383,1627,1368,1601,1430,1599,1456,1605,1485,1606,1527,1625,1483,1622,1453,1621,1427,1614
2294,h,1,1,1176,1236,1711,1771,76.46666666666667,1186,1370,1179,1438,1178,1507,1185,1574,1208,1637,1251,1689,1305,1726,1360,1757,1422,1774,1481,1772,1531,1743,1577,1704,1611,1653,1636,1598,1656,1541,1668,1483,1674,1427,1270,1327,1311,1298,1362,1294,1413,1306,1460,1326,1522,1342,1563,1337,1605,1339,1643,1352,1664,1385,1485,1375,1484,1410,1482,1443,1481,1479,1410,1519,1439,1528,1468,1538,1496,1536,1521,1534,1318,1363,1349,1350,1382,1355,1406,1382,1375,1379,1344,1373,1536,1402,1566,1384,1596,1388,1619,1409,1594,1413,1565,1409,1350,1601,1392,1579,1435,1573,1461,1585,1490,1581,1519,1597,1541,1629,1510,1646,1479,1653,1448,1651,1420,1644,1383,1628,1366,1602,1430,1600,1457,1606,1486,1608,1526,1625,1483,1623,1454,1621,1427,1615
2295,h,1,1,1176,1236,1711,1771,76.5,1189,1372,1185,1440,1185,1508,1190,1575,1211,1638,1252,1689,1305,1725,1361,1755,1423,1771,1484,1768,1536,1739,1583,1701,1617,1651,1640,1595,1657,1538,1667,1482,1674,1426,1272,1327,1312,1298,1364,1294,1415,1306,1461,1326,1522,1342,1564,1337,1605,1337,1643,1351,1663,1386,1485,1375,1484,1410,1482,1442,1480,1479,1409,1518,1438,1528,1468,1538,1496,1536,1522,1534,1320,1363,1352,1352,1384,1358,1409,1382,1378,1380,1346,1374,1536,1404,1568,1389,1597,1393,1619,1411,1595,1415,1566,1411,1351,1600,1392,1579,1434,1573,1461,1585,1491,1582,1520,1598,1542,1629,1511,1646,1479,1652,1447,1650,1418,1643,1382,1627,1366,1601,1429,1598,1457,1605,1487,1607,1528,1625,1483,1623,1453,1621,1425,1615
2296,h,1,1,1176,1236,1711,1771,76.53333333333333,1189,1372,1185,1440,1185,1508,1190,1575,1211,1638,1252,1689,1305,1725,1361,1755,1423,1771,1484,1768,1536,1739,1583,1701,1617,1651,1640,1595,1657,1538,1667,1482,1674,1426,1272,1327,1312,1298,1364,1294,1415,1306,1461,1326,1522,1342,1564,1337,1605,1337,1643,1351,1663,1386,1485,1375,1484,1410,1482,1442,1480,1479,1409,1518,1438,1528,1468,1538,1496,1536,1522,1534,1320,1363,1352,1352,1384,1358,1409,1382,1378,1380,1346,1374,1536,1404,1568,1389,1597,1393,1619,1411,1595,1415,1566,1411,1351,1600,1392,1579,1434,1573,1461,1585,1491,1582,1520,1598,1542,1629,1511,1646,1479,1652,1447,1650,1418,1643,1382,1627,1366,1601,1429,1598,1457,1605,1487,1607,1528,1625,1483,1623,1453,1621,1425,1615
2297,h,1,1,1176,1236,1711,1771,76.56666666666666,1187,1371,1182,1441,1182,1509,1188,1575,1209,1639,1249,1690,1302,1726,1356,1758,1419,1776,1480,1774,1531,1746,1579,1707,1614,1656,1639,1600,1658,1543,1670,1485,1676,1429,1268,1326,1310,1298,1360,1295,1411,1307,1458,1325,1523,1341,1565,1337,1606,1339,1644,1352,1666,1384,1484,1374,1481,1409,1480,1442,1478,1479,1409,1519,1437,1528,1466,1538,1493,1537,1519,1534,1317,1364,1348,1351,1381,1356,1406,1382,1375,1380,1343,1374,1536,1403,1567,1385,1598,1389,1620,1410,1596,1414,1565,1410,1350,1602,1391,1579,1433,1573,1459,1585,1489,1581,1520,1597,1542,1631,1511,1647,1478,1653,1447,1651,1417,1644,1381,1628,1366,1603,1429,1601,1456,1607,1486,1609,1528,1626,1482,1623,1452,1621,1424,1615
2298,h,1,1,1176,1236,1711,1771,76.6,1189,1366,1182,1436,1181,1505,1186,1571,1207,1636,1248,1688,1301,1724,1356,1757,1419,1775,1480,1774,1532,1745,1580,1705,1615,1654,1639,1598,1658,1541,1670,1483,1676,1427,1272,1324,1313,1296,1362,1293,1413,1304,1459,1323,1525,1339,1566,1336,1606,1338,1644,1352,1665,1383,1484,1373,1482,1408,1481,1441,1479,1477,1410,1518,1438,1527,1466,1537,1494,1536,1519,1533,1318,1362,1349,1350,1381,1355,1405,1380,1375,1378,1343,1372,1538,1401,1567,1384,1597,1388,1620,1409,1595,1412,1565,1408,1352,1604,1393,1580,1434,1573,1460,1585,1489,1581,1519,1598,1542,1631,1510,1646,1478,1652,1447,1650,1418,1643,1383,1628,1368,1604,1430,1600,1457,1606,1486,1608,1528,1626,1483,1622,1453,1621,1426,1614
2299,h,1,1,1176,1236,1711,1771,76.63333333333334,1189,1370,1184,1439,1185,1508,1190,1575,1212,1638,1254,1689,1307,1726,1364,1757,1426,1773,1486,1770,1536,1741,1581,1701,1615,1651,1639,1595,1658,1538,1669,1481,1675,1424,1272,1323,1312,1296,1362,1293,1411,1305,1457,1323,1524,1339,1565,1336,1606,1338,1643,1352,1665,1382,1486,1375,1484,1410,1483,1443,1482,1480,1411,1519,1439,1528,1468,1538,1496,1536,1521,1534,1318,1361,1349,1348,1381,1354,1405,1381,1375,1378,1343,1372,1537,1403,1567,1384,1597,1387,1620,1409,1596,1413,1566,1409,1350,1603,1393,1580,1435,1574,1461,1585,1491,1582,1521,1599,1543,1630,1512,1646,1480,1652,1449,1649,1420,1642,1383,1627,1365,1603,1430,1601,1457,1607,1487,1609,1529,1626,1484,1623,1454,1621,1427,1614
2300,h,1,1,1176,1236,1711,1771,76.66666666666667,1189,1370,1184,1439,1185,1508,1190,1575,1212,1638,1254,1689,1307,1726,1364,1757,1426,1773,1486,1770,1536,1741,1581,1701,1615,1651,1639,1595,1658,1538,1669,1481,1675,1424,1272,1323,1312,1296,1362,1293,1411,1305,1457,1323,1524,1339,1565,1336,1606,1338,1643,1352,1665,1382,1486,1375,1484,1410,1483,1443,1482,1480,1411,1519,1439,1528,1468,1538,1496,1536,1521,1534,1318,1361,1349,1348,1381,1354,1405,1381,1375,1378,1343,1372,1537,1403,1567,1384,1597,1387,1620,1409,1596,1413,1566,1409,1350,1603,1393,1580,1435,1574,1461,1585,1491,1582,1521,1599,1543,1630,1512,1646,1480,1652,1449,1649,1420,1642,1383,1627,1365,1603,1430,1601,1457,1607,1487,1609,1529,1626,1484,1623,1454,1621,1427,1614
2301,h,1,1,1176,1236,1711,1771,76.7,1184,1373,1179,1442,1179,1510,1186,1577,1208,1641,1249,1691,1303,1729,1360,1759,1422,1776,1482,1774,1533,1746,1578,1707,1613,1656,1637,1600,1657,1542,1668,1483,1674,1427,1269,1325,1310,1297,1361,1294,1412,1306,1459,1325,1524,1340,1565,1336,1606,1338,1644,1352,1666,1384,1485,1374,1484,1409,1483,1442,1482,1479,1411,1519,1439,1528,1468,1538,1496,1536,1522,1534,1317,1360,1348,1347,1381,1352,1405,1380,1374,1378,1342,1371,1538,1401,1568,1382,1598,1385,1620,1408,1597,1412,1567,1408,1349,1602,1392,1580,1435,1573,1460,1585,1490,1582,1521,1598,1543,1631,1511,1645,1479,1651,1448,1649,1420,1642,1383,1627,1365,1602,1431,1601,1457,1607,1487,1609,1529,1626,1483,1623,1453,1621,1427,1614
2302,h,1,1,1176,1236,1711,1771,76.73333333333333,1190,1365,1183,1435,1182,1505,1188,1572,1210,1635,1251,1686,1304,1723,1360,1753,1423,1769,1482,1766,1535,1739,1581,1701,1617,1652,1643,1597,1663,1540,1675,1483,1680,1427,1274,1321,1315,1295,1363,1292,1412,1305,1457,1324,1527,1341,1568,1336,1609,1338,1646,1351,1668,1381,1485,1375,1484,1409,1483,1441,1481,1477,1412,1518,1439,1527,1467,1536,1494,1535,1520,1534,1318,1359,1349,1346,1381,1353,1405,1380,1375,1377,1343,1371,1539,1402,1567,1382,1597,1386,1620,1408,1596,1412,1566,1408,1352,1601,1394,1579,1436,1573,1461,1584,1490,1581,1520,1597,1541,1629,1510,1645,1478,1651,1448,1649,1420,1643,1384,1627,1367,1602,1431,1600,1457,1606,1486,1608,1527,1625,1482,1621,1454,1619,1427,1613
2303,h,1,1,1176,1236,1711,1771,76.76666666666667,1190,1365,1185,1434,1185,1504,1190,1571,1211,1635,1251,1686,1304,1723,1360,1754,1424,1770,1484,1768,1537,1740,1585,1703,1619,1654,1642,1599,1661,1542,1674,1484,1682,1427,1272,1323,1313,1296,1363,1293,1412,1305,1458,1324,1527,1340,1568,1336,1609,1338,1647,1351,1670,1382,1485,1373,1484,1408,1482,1441,1480,1478,1412,1518,1439,1527,1467,1537,1494,1536,1520,1534,1317,1360,1348,1345,1382,1352,1406,1381,1375,1379,1342,1372,1539,1403,1568,1381,1600,1384,1623,1408,1599,1413,1568,1409,1352,1604,1394,1580,1435,1573,1461,1584,1490,1581,1520,1597,1543,1630,1511,1645,1479,1651,1448,1648,1420,1642,1385,1626,1368,1603,1431,1600,1458,1607,1487,1608,1528,1626,1484,1622,1454,1620,1427,1613
2304,h,1,1,1176,1236,1711,1771,76.8,1190,1365,1185,1434,1185,1504,1190,1571,1211,1635,1251,1686,1304,1723,1360,1754,1424,1770,1484,1768,1537,1740,1585,1703,1619,1654,1642,1599,1661,1542,1674,1484,1682,1427,1272,1323,1313,1296,1363,1293,1412,1305,1458,1324,1527,1340,1568,1336,1609,1338,1647,1351,1670,1382,1485,1373,1484,1408,1482,1441,1480,1478,1412,1518,1439,1527,1467,1537,1494,1536,1520,1534,1317,1360,1348,1345,1382,1352,1406,1381,1375,1379,1342,1372,1539,1403,1568,1381,1600,1384,1623,1408,1599,1413,1568,1409,1352,1604,1394,1580,1435,1573,1461,1584,1490,1581,1520,1597,1543,1630,1511,1645,1479,1651,1448,1648,1420,1642,1385,1626,1368,1603,1431,1600,1458,1607,1487,1608,1528,1626,1484,1622,1454,1620,1427,1613
2305,h,1,1,1176,1236,1711,1771,76.83333333333333,1189,1372,1183,1440,1183,1509,1189,1576,1211,1639,1252,1689,1306,1724,1363,1752,1426,1768,1485,1765,1535,1737,1580,1700,1614,1650,1638,1596,1657,1540,1670,1484,1677,1428,1271,1323,1314,1295,1364,1293,1414,1305,1460,1324,1527,1339,1567,1335,1607,1337,1645,1349,1668,1380,1487,1373,1485,1408,1484,1441,1483,1478,1412,1517,1441,1526,1469,1536,1496,1535,1521,1532,1319,1360,1349,1345,1382,1352,1407,1381,1376,1378,1343,1372,1538,1402,1567,1380,1598,1384,1621,1407,1597,1412,1567,1408,1352,1601,1395,1579,1436,1572,1461,1583,1491,1580,1520,1596,1543,1629,1511,1645,1479,1650,1448,1648,1421,1641,1385,1626,1369,1601,1432,1598,1457,1604,1487,1606,1529,1624,1484,1623,1454,1620,1428,1614
2306,h,1,1,1176,1236,1711,1771,76.86666666666666,1191,1370,1184,1438,1183,1507,1189,1574,1210,1638,1252,1690,1305,1725,1363,1755,1426,1770,1484,1767,1536,1739,1582,1701,1616,1651,1639,1596,1658,1540,1670,1483,1677,1427,1273,1322,1314,1295,1364,1292,1413,1304,1458,1324,1527,1340,1567,1335,1607,1337,1643,1350,1665,1381,1486,1374,1484,1408,1483,1441,1482,1477,1413,1517,1440,1527,1468,1536,1495,1535,1520,1532,1318,1360,1348,1345,1381,1351,1406,1380,1375,1377,1343,1371,1539,1401,1568,1380,1598,1383,1621,1407,1597,1411,1567,1407,1352,1602,1394,1579,1436,1573,1462,1584,1491,1580,1521,1596,1542,1629,1512,1645,1480,1651,1449,1648,1421,1642,1385,1627,1368,1602,1432,1601,1458,1607,1487,1608,1528,1624,1485,1621,1455,1619,1428,1613
2307,h,1,1,1176,1236,1711,1771,76.9,1191,1370,1184,1438,1183,1507,1189,1574,1210,1638,1252,1690,1305,1725,1363,1755,1426,1770,1484,1767,1536,1739,1582,1701,1616,1651,1639,1596,1658,1540,1670,1483,1677,1427,1273,1322,1314,1295,1364,1292,1413,1304,1458,1324,1527,1340,1567,1335,1607,1337,1643,1350,1665,1381,1486,1374,1484,1408,1483,1441,1482,1477,1413,1517,1440,1527,1468,1536,1495,1535,1520,1532,1318,1360,1348,1345,1381,1351,1406,1380,1375,1377,1343,1371,1539,1401,1568,1380,1598,1383,1621,1407,1597,1411,1567,1407,1352,1602,1394,1579,1436,1573,1462,1584,1491,1580,1521,1596,1542,1629,1512,1645,1480,1651,1449,1648,1421,1642,1385,1627,1368,1602,1432,1601,1458,1607,1487,1608,1528,1624,1485,1621,1455,1619,1428,1613
2308,h,1,1,1176,1236,1711,1771,76.93333333333334,1188,1367,1182,1435,1181,1504,1187,1572,1208,1635,1251,1685,1304,1721,1360,1751,1422,1769,1480,1767,1532,1740,1579,1702,1615,1652,1639,1597,1659,1540,1671,1482,1677,1425,1270,1322,1313,1295,1363,1292,1413,1305,1459,1323,1527,1339,1567,1335,1608,1338,1645,1351,1668,1381,1486,1373,1484,1408,1483,1441,1482,1477,1411,1517,1440,1526,1468,1536,1496,1535,1521,1532,1316,1359,1347,1344,1381,1351,1405,1380,1374,1377,1342,1370,1538,1401,1568,1380,1599,1384,1622,1407,1597,1411,1567,1407,1353,1602,1395,1578,1436,1571,1462,1583,1492,1579,1522,1597,1544,1630,1512,1645,1479,1652,1448,1650,1420,1642,1385,1626,1369,1602,1432,1599,1458,1605,1487,1607,1529,1625,1484,1622,1454,1620,1428,1614
2309,h,1,1,1176,1236,1711,1771,76.96666666666667,1188,1367,1181,1434,1180,1502,1186,1568,1207,1631,1248,1682,1301,1718,1358,1749,1421,1767,1481,1764,1533,1737,1579,1699,1613,1650,1638,1596,1658,1540,1670,1484,1678,1429,1271,1322,1314,1294,1364,1291,1414,1304,1459,1323,1527,1339,1567,1335,1608,1336,1646,1349,1667,1379,1488,1374,1486,1409,1485,1442,1484,1478,1413,1518,1441,1526,1468,1536,1496,1535,1521,1533,1318,1358,1349,1344,1383,1351,1406,1380,1376,1378,1343,1371,1539,1402,1568,1380,1599,1383,1621,1407,1598,1412,1568,1409,1353,1601,1395,1579,1436,1572,1462,1584,1491,1580,1520,1597,1542,1628,1511,1644,1479,1651,1449,1649,1421,1642,1385,1626,1368,1602,1432,1600,1458,1606,1486,1608,1528,1624,1484,1622,1455,1620,1428,1614
2310,h,1,1,1176,1236,1711,1771,77.0,1187,1373,1181,1441,1181,1509,1187,1576,1209,1638,1251,1687,1305,1722,1361,1751,1423,1768,1483,1765,1535,1738,1581,1701,1615,1651,1639,1597,1659,1542,1672,1486,1679,1431,1270,1321,1312,1295,1363,1293,1413,1304,1459,1323,1527,1338,1568,1334,1609,1337,1645,1351,1668,1380,1486,1374,1484,1408,1483,1441,1482,1477,1411,1518,1439,1527,1468,1536,1495,1535,1520,1533,1315,1359,1346,1344,1380,1350,1404,1380,1373,1377,1340,1371,1538,1402,1568,1380,1600,1384,1622,1407,1598,1412,1567,1408,1351,1602,1393,1578,1436,1571,1461,1583,1490,1580,1521,1597,1543,1632,1511,1646,1479,1653,1448,1651,1420,1644,1383,1627,1367,1602,1431,1600,1457,1606,1486,1608,1528,1627,1484,1622,1454,1620,1427,1614
2311,h,1,1,1176,1236,1711,1771,77.03333333333333,1187,1373,1181,1441,1181,1509,1187,1576,1209,1638,1251,1687,1305,1722,1361,1751,1423,1768,1483,1765,1535,1738,1581,1701,1615,1651,1639,1597,1659,1542,1672,1486,1679,1431,1270,1321,1312,1295,1363,1293,1413,1304,1459,1323,1527,1338,1568,1334,1609,1337,1645,1351,1668,1380,1486,1374,1484,1408,1483,1441,1482,1477,1411,1518,1439,1527,1468,1536,1495,1535,1520,1533,1315,1359,1346,1344,1380,1350,1404,1380,1373,1377,1340,1371,1538,1402,1568,1380,1600,1384,1622,1407,1598,1412,1567,1408,1351,1602,1393,1578,1436,1571,1461,1583,1490,1580,1521,1597,1543,1632,1511,1646,1479,1653,1448,1651,1420,1644,1383,1627,1367,1602,1431,1600,1457,1606,1486,1608,1528,1627,1484,1622,1454,1620,1427,1614
2312,h,1,1,1176,1236,1711,1771,77.06666666666666,1186,1368,1179,1437,1178,1506,1184,1573,1207,1636,1249,1686,1302,1722,1359,1753,1421,1771,1481,1768,1532,1739,1577,1701,1612,1651,1637,1596,1657,1539,1670,1482,1676,1427,1269,1323,1311,1296,1361,1293,1412,1304,1458,1322,1526,1338,1567,1335,1607,1338,1643,1352,1663,1384,1486,1373,1484,1408,1483,1440,1481,1476,1411,1518,1438,1527,1466,1536,1493,1535,1519,1533,1315,1358,1347,1342,1381,1349,1405,1379,1374,1376,1341,1369,1538,1401,1567,1379,1598,1383,1621,1407,1597,1412,1566,1408,1350,1602,1392,1578,1434,1571,1460,1583,1489,1579,1518,1596,1540,1630,1509,1646,1477,1653,1446,1651,1418,1644,1382,1627,1366,1601,1429,1598,1456,1605,1484,1606,1525,1624,1481,1622,1452,1621,1426,1614
2313,h,1,1,1176,1236,1711,1771,77.1,1184,1372,1179,1440,1179,1509,1185,1576,1208,1638,1250,1687,1304,1723,1359,1754,1422,1771,1482,1768,1533,1741,1578,1704,1612,1654,1637,1600,1656,1544,1669,1486,1676,1430,1268,1324,1309,1297,1359,1294,1409,1306,1455,1323,1525,1340,1566,1336,1606,1338,1643,1352,1665,1383,1484,1372,1483,1407,1482,1440,1481,1477,1410,1518,1438,1527,1466,1536,1493,1535,1518,1533,1313,1359,1344,1344,1378,1350,1402,1380,1371,1376,1339,1370,1537,1402,1566,1380,1598,1383,1620,1407,1596,1411,1566,1408,1348,1604,1391,1578,1433,1571,1459,1582,1489,1580,1518,1596,1540,1630,1509,1645,1477,1652,1446,1650,1417,1643,1381,1627,1363,1603,1428,1598,1455,1604,1484,1606,1526,1625,1482,1622,1452,1620,1424,1614
2314,h,1,1,1176,1236,1711,1771,77.13333333333334,1185,1368,1179,1437,1180,1506,1186,1573,1209,1635,1250,1685,1304,1721,1360,1751,1421,1768,1482,1766,1534,1739,1579,1701,1612,1651,1636,1596,1655,1539,1667,1481,1673,1425,1267,1323,1308,1295,1359,1292,1408,1304,1455,1322,1525,1338,1566,1334,1607,1336,1644,1351,1663,1384,1484,1371,1483,1406,1482,1440,1481,1476,1411,1517,1439,1526,1467,1535,1494,1534,1519,1532,1313,1359,1343,1343,1377,1350,1402,1380,1370,1377,1337,1370,1537,1402,1566,1379,1598,1383,1620,1406,1596,1411,1566,1407,1348,1602,1392,1578,1434,1571,1460,1582,1489,1579,1519,1596,1541,1630,1510,1645,1478,1652,1447,1650,1418,1643,1382,1626,1364,1601,1429,1599,1456,1605,1485,1606,1526,1624,1482,1622,1453,1621,1425,1615
2315,h,1,1,1176,1236,1711,1771,77.16666666666667,1185,1368,1179,1437,1180,1506,1186,1573,1209,1635,1250,1685,1304,1721,1360,1751,1421,1768,1482,1766,1534,1739,1579,1701,1612,1651,1636,1596,1655,1539,1667,1481,1673,1425,1267,1323,1308,1295,1359,1292,1408,1304,1455,1322,1525,1338,1566,1334,1607,1336,1644,1351,1663,1384,1484,1371,1483,1406,1482,1440,1481,1476,1411,1517,1439,1526,1467,1535,1494,1534,1519,1532,1313,1359,1343,1343,1377,1350,1402,1380,1370,1377,1337,1370,1537,1402,1566,1379,1598,1383,1620,1406,1596,1411,1566,1407,1348,1602,1392,1578,1434,1571,1460,1582,1489,1579,1519,1596,1541,1630,1510,1645,1478,1652,1447,1650,1418,1643,1382,1626,1364,1601,1429,1599,1456,1605,1485,1606,1526,1624,1482,1622,1453,1621,1425,1615
2316,h,1,1,1176,1236,1711,1771,77.2,1183,1371,1177,1441,1178,1510,1185,1577,1207,1639,1249,1690,1302,1725,1358,1756,1421,1773,1481,1769,1532,1740,1577,1702,1612,1653,1637,1599,1656,1543,1669,1485,1676,1428,1268,1322,1310,1294,1361,1291,1413,1304,1459,1322,1525,1338,1566,1334,1606,1336,1643,1350,1664,1382,1487,1373,1485,1407,1484,1440,1483,1476,1411,1517,1439,1526,1467,1536,1495,1534,1519,1533,1315,1357,1346,1342,1380,1348,1404,1379,1373,1375,1340,1369,1537,1401,1566,1378,1598,1382,1620,1406,1596,1411,1566,1407,1349,1602,1391,1575,1434,1569,1460,1581,1491,1578,1521,1595,1541,1630,1511,1645,1479,1652,1446,1650,1417,1643,1381,1626,1365,1601,1429,1597,1456,1604,1487,1605,1527,1624,1483,1622,1453,1620,1425,1614
2317,h,1,1,1176,1236,1711,1771,77.23333333333333,1184,1366,1178,1435,1178,1504,1185,1570,1207,1634,1249,1685,1302,1722,1358,1754,1420,1773,1480,1770,1530,1742,1575,1703,1609,1652,1634,1597,1654,1541,1666,1482,1673,1426,1272,1318,1313,1292,1363,1290,1412,1302,1457,1321,1526,1337,1566,1333,1606,1335,1643,1348,1663,1380,1485,1370,1484,1405,1483,1438,1482,1474,1411,1515,1439,1524,1467,1534,1493,1533,1518,1531,1316,1356,1347,1341,1380,1348,1404,1377,1374,1374,1341,1368,1537,1399,1566,1378,1597,1382,1619,1405,1596,1410,1565,1406,1349,1601,1392,1575,1435,1569,1460,1580,1490,1577,1519,1594,1539,1629,1510,1645,1477,1653,1446,1650,1418,1643,1382,1627,1365,1600,1430,1596,1456,1603,1485,1604,1525,1624,1482,1623,1452,1621,1426,1615
2318,h,1,1,1176,1236,1711,1771,77.26666666666667,1186,1369,1181,1437,1182,1506,1188,1573,1210,1635,1252,1685,1306,1720,1361,1751,1423,1769,1483,1766,1533,1738,1578,1701,1612,1651,1636,1596,1655,1539,1667,1481,1672,1424,1272,1318,1313,1291,1363,1289,1413,1302,1458,1321,1526,1338,1566,1333,1606,1334,1642,1348,1663,1379,1487,1371,1486,1405,1485,1438,1484,1473,1412,1513,1440,1523,1469,1533,1496,1532,1520,1530,1316,1355,1347,1340,1380,1346,1404,1376,1374,1372,1341,1366,1538,1399,1566,1377,1597,1381,1619,1404,1596,1408,1566,1405,1351,1599,1394,1574,1436,1568,1461,1580,1491,1577,1520,1593,1540,1628,1510,1644,1479,1651,1448,1648,1420,1641,1384,1625,1367,1598,1431,1594,1457,1601,1486,1603,1525,1622,1483,1621,1454,1620,1427,1613
2319,h,1,1,1176,1236,1711,1771,77.3,1186,1369,1181,1437,1182,1506,1188,1573,1210,1635,1252,1685,1306,1720,1361,1751,1423,1769,1483,1766,1533,1738,1578,1701,1612,1651,1636,1596,1655,1539,1667,1481,1672,1424,1272,1318,1313,1291,1363,1289,1413,1302,1458,1321,1526,1338,1566,1333,1606,1334,1642,1348,1663,1379,1487,1371,1486,1405,1485,1438,1484,1473,1412,1513,1440,1523,1469,1533,1496,1532,1520,1530,1316,1355,1347,1340,1380,1346,1404,1376,1374,1372,1341,1366,1538,1399,1566,1377,1597,1381,1619,1404,1596,1408,1566,1405,1351,1599,1394,1574,1436,1568,1461,1580,1491,1577,1520,1593,1540,1628,1510,1644,1479,1651,1448,1648,1420,1641,1384,1625,1367,1598,1431,1594,1457,1601,1486,1603,1525,1622,1483,1621,1454,1620,1427,1613
2320,h,1,1,1176,1236,1711,1771,77.33333333333333,1184,1369,1179,1437,1181,1505,1186,1572,1207,1634,1248,1684,1302,1721,1358,1751,1421,1768,1481,1764,1532,1736,1577,1699,1611,1650,1635,1596,1653,1540,1666,1482,1673,1426,1268,1318,1310,1292,1361,1288,1412,1299,1458,1318,1526,1335,1565,1332,1605,1334,1642,1347,1663,1378,1486,1368,1485,1403,1483,1436,1482,1472,1411,1514,1439,1523,1467,1532,1494,1531,1518,1530,1315,1354,1346,1339,1379,1345,1404,1375,1373,1371,1340,1364,1537,1397,1566,1376,1596,1380,1619,1404,1595,1407,1565,1403,1348,1599,1391,1573,1435,1567,1460,1578,1490,1575,1519,1592,1539,1627,1509,1643,1477,1650,1446,1648,1418,1641,1381,1624,1364,1598,1430,1594,1456,1600,1485,1602,1525,1621,1482,1621,1452,1619,1426,1613
2321,h,1,1,1176,1236,1711,1771,77.36666666666666,1184,1366,1178,1434,1178,1503,1184,1570,1206,1632,1247,1682,1301,1718,1357,1748,1419,1765,1480,1762,1531,1737,1576,1700,1609,1650,1634,1596,1654,1539,1667,1482,1674,1427,1270,1318,1312,1291,1363,1288,1413,1301,1458,1320,1526,1337,1565,1332,1605,1333,1642,1347,1662,1379,1486,1370,1485,1404,1483,1437,1482,1472,1412,1513,1439,1522,1467,1531,1494,1531,1519,1529,1314,1355,1345,1339,1379,1346,1404,1376,1372,1373,1339,1366,1537,1399,1566,1377,1598,1380,1619,1404,1596,1408,1566,1405,1350,1597,1393,1572,1435,1566,1460,1578,1490,1575,1519,1592,1538,1627,1509,1642,1477,1649,1446,1646,1418,1639,1383,1623,1366,1597,1430,1594,1456,1600,1486,1602,1524,1621,1482,1619,1453,1618,1426,1611
2322,h,1,1,1176,1236,1711,1771,77.4,1184,1366,1178,1434,1178,1503,1184,1570,1206,1632,1247,1682,1301,1718,1357,1748,1419,1765,1480,1762,1531,1737,1576,1700,1609,1650,1634,1596,1654,1539,1667,1482,1674,1427,1270,1318,1312,1291,1363,1288,1413,1301,1458,1320,1526,1337,1565,1332,1605,1333,1642,1347,1662,1379,1486,1370,1485,1404,1483,1437,1482,1472,1412,1513,1439,1522,1467,1531,1494,1531,1519,1529,1314,1355,1345,1339,1379,1346,1404,1376,1372,1373,1339,1366,1537,1399,1566,1377,1598,1380,1619,1404,1596,1408,1566,1405,1350,1597,1393,1572,1435,1566,1460,1578,1490,1575,1519,1592,1538,1627,1509,1642,1477,1649,1446,1646,1418,1639,1383,1623,1366,1597,1430,1594,1456,1600,1486,1602,1524,1621,1482,1619,1453,1618,1426,1611
2323,h,1,1,1176,1236,1711,1771,77.43333333333334,1183,1367,1178,1436,1178,1504,1185,1572,1208,1634,1249,1683,1303,1720,1359,1751,1422,1767,1482,1764,1534,1738,1579,1700,1613,1650,1637,1596,1656,1539,1669,1482,1674,1426,1270,1318,1311,1291,1360,1288,1409,1300,1455,1318,1525,1335,1565,1331,1605,1332,1642,1346,1662,1377,1485,1369,1484,1403,1483,1436,1482,1472,1411,1513,1439,1522,1467,1532,1494,1531,1519,1529,1314,1355,1345,1340,1378,1347,1403,1376,1372,1373,1339,1366,1537,1398,1566,1376,1597,1380,1620,1403,1596,1408,1565,1404,1350,1598,1393,1573,1435,1567,1460,1578,1489,1576,1519,1592,1540,1626,1510,1643,1478,1649,1447,1647,1419,1640,1383,1624,1366,1597,1430,1595,1456,1601,1485,1602,1526,1621,1483,1619,1453,1617,1426,1611
2324,h,1,1,1176,1236,1711,1771,77.46666666666667,1187,1367,1180,1435,1180,1503,1186,1570,1209,1631,1252,1681,1306,1717,1361,1747,1424,1763,1483,1760,1534,1734,1578,1698,1612,1649,1636,1595,1655,1539,1667,1481,1673,1425,1270,1317,1310,1290,1361,1287,1411,1300,1456,1318,1525,1336,1565,1331,1605,1332,1642,1346,1663,1377,1484,1369,1483,1403,1482,1436,1481,1472,1411,1513,1438,1522,1467,1532,1493,1530,1518,1529,1314,1354,1345,1338,1378,1345,1403,1375,1372,1372,1339,1365,1537,1398,1566,1375,1597,1379,1619,1403,1596,1407,1566,1404,1351,1598,1393,1572,1435,1567,1461,1578,1491,1575,1520,1591,1540,1626,1511,1641,1479,1649,1448,1647,1419,1640,1383,1624,1367,1597,1430,1594,1457,1600,1486,1602,1526,1621,1484,1618,1454,1616,1427,1610
2325,h,1,1,1176,1236,1711,1771,77.5,1184,1373,1178,1440,1179,1507,1186,1572,1208,1635,1249,1685,1304,1721,1360,1750,1423,1766,1482,1762,1534,1735,1577,1698,1610,1649,1635,1597,1654,1542,1666,1485,1672,1431,1271,1318,1313,1291,1363,1288,1413,1300,1458,1319,1525,1335,1564,1332,1604,1334,1640,1348,1660,1379,1486,1369,1485,1404,1484,1437,1483,1474,1411,1514,1439,1523,1468,1533,1495,1531,1520,1530,1315,1354,1346,1339,1379,1346,1404,1375,1373,1371,1340,1365,1537,1398,1566,1376,1597,1381,1618,1404,1595,1408,1565,1403,1350,1597,1393,1572,1435,1566,1461,1578,1490,1575,1519,1591,1539,1625,1510,1641,1479,1648,1447,1646,1420,1639,1383,1623,1366,1597,1431,1593,1457,1600,1486,1601,1525,1620,1483,1618,1453,1617,1427,1611
2326,h,1,1,1176,1236,1711,1771,77.53333333333333,1184,1373,1178,1440,1179,1507,1186,1572,1208,1635,1249,1685,1304,1721,1360,1750,1423,1766,1482,1762,1534,1735,1577,1698,1610,1649,1635,1597,1654,1542,1666,1485,1672,1431,1271,1318,1313,1291,1363,1288,1413,1300,1458,1319,1525,1335,1564,1332,1604,1334,1640,1348,1660,1379,1486,1369,1485,1404,1484,1437,1483,1474,1411,1514,1439,1523,1468,1533,1495,1531,1520,1530,1315,1354,1346,1339,1379,1346,1404,1375,1373,1371,1340,1365,1537,1398,1566,1376,1597,1381,1618,1404,1595,1408,1565,1403,1350,1597,1393,1572,1435,1566,1461,1578,1490,1575,1519,1591,1539,1625,1510,1641,1479,1648,1447,1646,1420,1639,1383,1623,1366,1597,1431,1593,1457,1600,1486,1601,1525,1620,1483,1618,1453,1617,1427,1611
2327,h,1,1,1176,1236,1711,1771,77.56666666666666,1186,1366,1181,1435,1181,1503,1187,1570,1208,1631,1249,1681,1302,1717,1357,1749,1420,1765,1480,1762,1531,1736,1577,1701,1611,1652,1636,1598,1655,1542,1668,1485,1674,1429,1270,1317,1312,1289,1362,1287,1412,1299,1458,1317,1526,1334,1566,1331,1606,1333,1643,1348,1663,1380,1485,1368,1484,1403,1483,1437,1481,1473,1411,1512,1438,1522,1467,1532,1494,1531,1519,1529,1316,1354,1346,1338,1380,1345,1405,1375,1373,1372,1340,1365,1537,1397,1565,1375,1597,1379,1619,1404,1595,1408,1565,1403,1351,1598,1393,1572,1435,1567,1461,1578,1490,1575,1519,1592,1540,1625,1510,1640,1478,1646,1448,1644,1419,1637,1384,1622,1367,1597,1430,1594,1457,1600,1486,1602,1526,1621,1483,1617,1454,1615,1427,1609
2328,h,1,1,1176,1236,1711,1771,77.6,1187,1369,1181,1437,1181,1505,1187,1572,1209,1633,1251,1682,1304,1717,1359,1746,1421,1764,1481,1760,1531,1734,1576,1698,1611,1651,1636,1598,1654,1543,1666,1487,1672,1431,1270,1317,1312,1290,1363,1287,1413,1299,1459,1317,1525,1333,1566,1330,1606,1333,1643,1348,1662,1382,1485,1369,1484,1403,1482,1436,1481,1472,1410,1513,1438,1522,1467,1531,1494,1530,1519,1529,1315,1354,1345,1338,1379,1345,1403,1376,1372,1372,1339,1365,1537,1398,1566,1376,1597,1379,1619,1404,1596,1408,1565,1404,1350,1597,1394,1572,1435,1566,1461,1578,1491,1575,1519,1592,1541,1626,1510,1640,1478,1646,1447,1644,1419,1637,1383,1621,1366,1596,1431,1593,1457,1599,1486,1601,1526,1621,1483,1617,1453,1615,1426,1609
2329,h,1,1,1176,1236,1711,1771,77.63333333333334,1187,1366,1180,1433,1179,1500,1184,1566,1206,1627,1247,1677,1302,1713,1358,1742,1421,1760,1481,1756,1533,1731,1579,1697,1613,1650,1637,1598,1654,1543,1666,1487,1672,1432,1271,1317,1314,1290,1364,1288,1413,1300,1459,1318,1526,1333,1566,1331,1605,1332,1642,1346,1661,1378,1486,1369,1484,1404,1482,1437,1481,1473,1411,1513,1439,1522,1467,1532,1494,1531,1519,1529,1315,1354,1346,1338,1380,1345,1404,1375,1373,1371,1340,1364,1537,1398,1566,1376,1598,1380,1620,1404,1596,1408,1566,1404,1349,1596,1392,1572,1434,1566,1460,1578,1491,1575,1519,1590,1541,1623,1510,1638,1479,1644,1447,1642,1418,1635,1382,1620,1365,1595,1429,1592,1456,1599,1487,1600,1526,1619,1484,1615,1453,1614,1425,1607
2330,h,1,1,1176,1236,1711,1771,77.66666666666667,1187,1366,1180,1433,1179,1500,1184,1566,1206,1627,1247,1677,1302,1713,1358,1742,1421,1760,1481,1756,1533,1731,1579,1697,1613,1650,1637,1598,1654,1543,1666,1487,1672,1432,1271,1317,1314,1290,1364,1288,1413,1300,1459,1318,1526,1333,1566,1331,1605,1332,1642,1346,1661,1378,1486,1369,1484,1404,1482,1437,1481,1473,1411,1513,1439,1522,1467,1532,1494,1531,1519,1529,1315,1354,1346,1338,1380,1345,1404,1375,1373,1371,1340,1364,1537,1398,1566,1376,1598,1380,1620,1404,1596,1408,1566,1404,1349,1596,1392,1572,1434,1566,1460,1578,1491,1575,1519,1590,1541,1623,1510,1638,1479,1644,1447,1642,1418,1635,1382,1620,1365,1595,1429,1592,1456,1599,1487,1600,1526,1619,1484,1615,1453,1614,1425,1607
2331,h,1,1,1176,1236,1711,1771,77.7,1191,1365,1185,1434,1186,1503,1192,1568,1214,1630,1257,1680,1309,1717,1362,1750,1423,1767,1481,1764,1532,1736,1578,1698,1614,1649,1639,1595,1658,1539,1670,1482,1676,1427,1271,1319,1311,1290,1362,1287,1412,1300,1458,1319,1525,1335,1566,1332,1606,1333,1643,1347,1664,1379,1485,1368,1483,1403,1481,1435,1480,1471,1410,1513,1438,1522,1467,1532,1495,1530,1520,1529,1317,1354,1347,1339,1380,1346,1405,1374,1374,1370,1341,1364,1538,1396,1567,1376,1598,1380,1620,1404,1596,1407,1566,1402,1350,1596,1393,1572,1434,1566,1460,1578,1491,1575,1520,1592,1544,1625,1511,1640,1479,1645,1447,1643,1419,1636,1383,1620,1367,1595,1430,1594,1457,1600,1487,1602,1528,1620,1484,1616,1453,1614,1426,1608
2332,h,1,1,1176,1236,1711,1771,77.73333333333333,1185,1368,1179,1436,1179,1504,1186,1570,1208,1632,1249,1682,1303,1717,1358,1747,1420,1763,1479,1761,1531,1734,1577,1698,1612,1650,1636,1596,1655,1541,1667,1485,1674,1429,1270,1317,1312,1290,1363,1287,1413,1299,1458,1317,1526,1334,1566,1331,1606,1333,1642,1347,1662,1379,1485,1367,1484,1402,1482,1435,1481,1472,1409,1512,1438,1521,1466,1531,1494,1530,1519,1528,1314,1353,1345,1338,1379,1344,1403,1374,1372,1371,1339,1364,1538,1397,1567,1375,1598,1379,1620,1403,1597,1407,1566,1402,1350,1596,1392,1571,1433,1565,1460,1577,1490,1574,1520,1590,1542,1624,1511,1640,1479,1647,1447,1645,1418,1637,1383,1621,1366,1596,1429,1592,1456,1599,1486,1601,1527,1620,1484,1616,1453,1615,1425,1608
2333,h,1,1,1176,1236,1711,1771,77.76666666666667,1185,1364,1180,1433,1181,1502,1186,1570,1207,1633,1249,1683,1302,1719,1358,1749,1420,1766,1479,1763,1531,1734,1577,1697,1612,1647,1636,1593,1654,1538,1667,1480,1673,1423,1269,1316,1311,1289,1362,1287,1412,1300,1458,1319,1525,1335,1564,1331,1604,1333,1642,1346,1663,1377,1485,1367,1484,1402,1482,1435,1481,1472,1411,1512,1439,1521,1467,1531,1494,1529,1519,1527,1314,1353,1345,1338,1379,1344,1403,1374,1372,1370,1340,1364,1538,1396,1566,1375,1597,1379,1619,1403,1596,1407,1565,1402,1349,1596,1392,1572,1435,1565,1461,1577,1492,1573,1521,1590,1542,1625,1512,1641,1479,1648,1447,1646,1418,1639,1382,1622,1365,1595,1430,1592,1457,1599,1487,1600,1528,1620,1484,1618,1453,1617,1426,1610
2334,h,1,1,1176,1236,1711,1771,77.8,1185,1364,1180,1433,1181,1502,1186,1570,1207,1633,1249,1683,1302,1719,1358,1749,1420,1766,1479,1763,1531,1734,1577,1697,1612,1647,1636,1593,1654,1538,1667,1480,1673,1423,1269,1316,1311,1289,1362,1287,1412,1300,1458,1319,1525,1335,1564,1331,1604,1333,1642,1346,1663,1377,1485,1367,1484,1402,1482,1435,1481,1472,1411,1512,1439,1521,1467,1531,1494,1529,1519,1527,1314,1353,1345,1338,1379,1344,1403,1374,1372,1370,1340,1364,1538,1396,1566,1375,1597,1379,1619,1403,1596,1407,1565,1402,1349,1596,1392,1572,1435,1565,1461,1577,1492,1573,1521,1590,1542,1625,1512,1641,1479,1648,1447,1646,1418,1639,1382,1622,1365,1595,1430,1592,1457,1599,1487,1600,1528,1620,1484,1618,1453,1617,1426,1610
2335,h,1,1,1176,1236,1711,1771,77.83333333333333,1188,1363,1182,1432,1181,1501,1186,1568,1208,1630,1250,1681,1303,1718,1359,1748,1421,1765,1481,1763,1532,1735,1578,1697,1613,1647,1637,1593,1656,1536,1668,1479,1674,1424,1268,1317,1310,1290,1361,1287,1411,1299,1457,1317,1526,1334,1566,1331,1607,1332,1644,1345,1665,1377,1485,1368,1484,1402,1483,1436,1482,1472,1411,1511,1439,1521,1467,1531,1494,1529,1520,1527,1315,1353,1346,1337,1380,1344,1404,1374,1373,1370,1340,1364,1538,1396,1567,1375,1598,1379,1620,1403,1597,1407,1566,1403,1351,1595,1394,1571,1436,1565,1462,1577,1491,1574,1521,1590,1542,1624,1511,1641,1479,1648,1448,1646,1420,1639,1384,1623,1367,1595,1432,1591,1458,1598,1487,1600,1527,1620,1484,1619,1454,1617,1427,1611
2336,h,1,1,1176,1236,1711,1771,77.86666666666666,1187,1366,1182,1434,1182,1502,1188,1569,1210,1630,1251,1681,1304,1719,1359,1749,1419,1768,1478,1764,1528,1738,1575,1700,1611,1652,1637,1598,1657,1540,1671,1482,1679,1425,1271,1317,1312,1290,1362,1287,1412,1299,1458,1318,1528,1335,1568,1332,1608,1333,1645,1347,1665,1379,1487,1368,1485,1403,1484,1436,1483,1472,1412,1513,1439,1522,1467,1531,1495,1530,1520,1528,1317,1353,1348,1338,1382,1344,1405,1374,1375,1370,1342,1364,1538,1397,1568,1376,1600,1380,1621,1404,1598,1408,1567,1403,1353,1596,1395,1571,1437,1565,1462,1576,1491,1573,1519,1590,1539,1625,1509,1641,1478,1648,1447,1645,1421,1638,1385,1622,1369,1595,1433,1592,1458,1598,1486,1600,1525,1620,1483,1618,1454,1617,1428,1611
2337,h,1,1,1176,1236,1711,1771,77.9,1187,1366,1182,1434,1182,1502,1188,1569,1210,1630,1251,1681,1304,1719,1359,1749,1419,1768,1478,1764,1528,1738,1575,1700,1611,1652,1637,1598,1657,1540,1671,1482,1679,1425,1271,1317,1312,1290,1362,1287,1412,1299,1458,1318,1528,1335,1568,1332,1608,1333,1645,1347,1665,1379,1487,1368,1485,1403,1484,1436,1483,1472,1412,1513,1439,1522,1467,1531,1495,1530,1520,1528,1317,1353,1348,1338,1382,1344,1405,1374,1375,1370,1342,1364,1538,1397,1568,1376,1600,1380,1621,1404,1598,1408,1567,1403,1353,1596,1395,1571,1437,1565,1462,1576,1491,1573,1519,1590,1539,1625,1509,1641,1478,1648,1447,1645,1421,1638,1385,1622,1369,1595,1433,1592,1458,1598,1486,1600,1525,1620,1483,1618,1454,1617,1428,1611
2338,h,1,1,1176,1236,1711,1771,77.93333333333334,1187,1365,1181,1433,1180,1501,1185,1568,1206,1631,1247,1682,1301,1719,1357,1751,1420,1769,1480,1767,1533,1739,1579,1700,1613,1649,1637,1594,1656,1537,1669,1480,1676,1425,1272,1316,1314,1289,1364,1287,1415,1299,1460,1318,1531,1335,1571,1331,1611,1333,1647,1348,1667,1379,1488,1367,1487,1402,1486,1434,1485,1470,1414,1513,1441,1521,1470,1531,1496,1530,1521,1528,1317,1352,1349,1338,1382,1345,1406,1374,1375,1370,1343,1364,1541,1396,1570,1375,1601,1380,1622,1404,1599,1407,1569,1403,1350,1597,1395,1571,1438,1565,1463,1576,1492,1573,1521,1591,1542,1626,1511,1642,1478,1648,1448,1646,1421,1639,1384,1623,1367,1597,1433,1592,1459,1598,1488,1600,1528,1621,1484,1618,1455,1617,1428,1610
2339,h,1,1,1176,1236,1711,1771,77.96666666666667,1184,1366,1178,1434,1178,1501,1185,1568,1207,1630,1249,1680,1304,1717,1361,1749,1424,1767,1484,1764,1535,1737,1581,1699,1615,1648,1639,1594,1657,1537,1671,1479,1677,1423,1272,1318,1314,1291,1364,1289,1414,1299,1461,1317,1530,1333,1570,1331,1611,1333,1647,1347,1668,1377,1488,1368,1487,1402,1486,1435,1485,1471,1413,1511,1441,1520,1469,1530,1497,1529,1522,1527,1318,1353,1350,1339,1383,1345,1406,1373,1376,1370,1344,1363,1540,1397,1569,1377,1600,1380,1621,1404,1598,1407,1568,1403,1353,1596,1396,1570,1438,1565,1463,1575,1493,1573,1522,1590,1543,1625,1513,1641,1481,1647,1450,1644,1422,1637,1386,1621,1369,1595,1433,1590,1459,1597,1489,1598,1528,1620,1486,1618,1456,1616,1430,1610
2340,h,1,1,1176,1236,1711,1771,78.0,1187,1362,1181,1431,1181,1499,1188,1566,1212,1628,1254,1678,1306,1716,1360,1750,1423,1768,1483,1766,1534,1736,1581,1698,1616,1647,1640,1591,1659,1534,1673,1477,1679,1421,1272,1317,1315,1290,1365,1288,1415,1299,1462,1318,1528,1334,1569,1332,1610,1334,1648,1349,1669,1382,1489,1367,1487,1402,1486,1435,1484,1472,1414,1511,1441,1520,1470,1530,1497,1528,1522,1527,1319,1353,1350,1338,1383,1344,1407,1373,1377,1370,1345,1363,1541,1396,1570,1376,1601,1381,1623,1405,1600,1408,1569,1403,1354,1596,1396,1570,1438,1563,1463,1574,1493,1572,1522,1589,1544,1624,1513,1641,1482,1647,1450,1645,1422,1638,1387,1622,1369,1595,1433,1590,1460,1596,1489,1598,1529,1619,1486,1617,1456,1615,1430,1609
2341,h,1,1,1176,1236,1711,1771,78.03333333333333,1187,1362,1181,1431,1181,1499,1188,1566,1212,1628,1254,1678,1306,1716,1360,1750,1423,1768,1483,1766,1534,1736,1581,1698,1616,1647,1640,1591,1659,1534,1673,1477,1679,1421,1272,1317,1315,1290,1365,1288,1415,1299,1462,1318,1528,1334,1569,1332,1610,1334,1648,1349,1669,1382,1489,1367,1487,1402,1486,1435,1484,1472,1414,1511,1441,1520,1470,1530,1497,1528,1522,1527,1319,1353,1350,1338,1383,1344,1407,1373,1377,1370,1345,1363,1541,1396,1570,1376,1601,1381,1623,1405,1600,1408,1569,1403,1354,1596,1396,1570,1438,1563,1463,1574,1493,1572,1522,1589,1544,1624,1513,1641,1482,1647,1450,1645,1422,1638,1387,1622,1369,1595,1433,1590,1460,1596,1489,1598,1529,1619,1486,1617,1456,1615,1430,1609
2342,h,1,1,1176,1176,1711,1711,78.06666666666666,1187,1362,1179,1431,1178,1501,1187,1567,1212,1629,1258,1677,1311,1712,1365,1744,1425,1762,1481,1760,1531,1732,1579,1697,1616,1650,1642,1597,1662,1541,1674,1485,1680,1429,1278,1317,1318,1290,1367,1286,1418,1299,1464,1318,1527,1333,1569,1331,1611,1333,1648,1349,1667,1382,1491,1366,1489,1401,1488,1434,1487,1470,1414,1509,1443,1519,1471,1530,1499,1529,1525,1527,1325,1350,1355,1335,1388,1341,1410,1371,1381,1367,1349,1361,1541,1394,1570,1373,1601,1378,1622,1403,1599,1405,1569,1401,1355,1596,1396,1570,1439,1563,1465,1574,1494,1572,1525,1591,1546,1625,1514,1640,1481,1647,1450,1645,1422,1638,1386,1621,1370,1596,1435,1589,1461,1595,1489,1597,1532,1619,1486,1617,1457,1614,1430,1608
2343,h,1,1,1176,1176,1711,1711,78.1,1192,1361,1182,1430,1181,1499,1189,1565,1214,1627,1260,1676,1314,1712,1369,1744,1429,1761,1485,1758,1535,1729,1581,1692,1618,1644,1643,1590,1662,1534,1672,1478,1676,1423,1280,1315,1321,1290,1370,1288,1419,1300,1463,1318,1527,1332,1569,1330,1609,1332,1645,1346,1662,1380,1490,1367,1489,1402,1489,1435,1488,1470,1415,1509,1444,1520,1473,1530,1500,1529,1526,1526,1325,1353,1356,1341,1388,1347,1411,1374,1382,1371,1351,1364,1540,1396,1570,1378,1600,1383,1620,1405,1598,1408,1569,1404,1356,1596,1397,1569,1440,1564,1466,1574,1496,1572,1526,1590,1546,1623,1516,1640,1483,1646,1452,1644,1424,1637,1387,1621,1371,1595,1436,1589,1462,1595,1491,1598,1532,1618,1488,1616,1458,1614,1431,1608
2344,h,1,1,1176,1176,1711,1711,78.13333333333334,1191,1361,1183,1430,1181,1498,1188,1564,1213,1626,1257,1676,1312,1713,1367,1746,1428,1763,1485,1761,1536,1732,1582,1694,1618,1644,1644,1590,1662,1533,1672,1477,1677,1421,1280,1316,1320,1290,1369,1287,1420,1299,1466,1317,1527,1332,1568,1330,1608,1332,1643,1347,1660,1380,1490,1367,1490,1401,1489,1434,1489,1470,1415,1509,1444,1519,1472,1530,1500,1528,1526,1526,1328,1354,1359,1344,1390,1349,1412,1373,1384,1370,1354,1364,1539,1395,1569,1381,1598,1386,1618,1405,1595,1408,1567,1404,1356,1594,1396,1568,1440,1563,1465,1574,1495,1572,1526,1589,1547,1622,1516,1639,1482,1645,1451,1643,1423,1636,1387,1620,1371,1594,1436,1589,1462,1595,1491,1597,1533,1618,1487,1616,1457,1613,1431,1607
2345,h,1,1,1176,1176,1711,1711,78.16666666666667,1191,1361,1183,1430,1181,1498,1188,1564,1213,1626,1257,1676,1312,1713,1367,1746,1428,1763,1485,1761,1536,1732,1582,1694,1618,1644,1644,1590,1662,1533,1672,1477,1677,1421,1280,1316,1320,1290,1369,1287,1420,1299,1466,1317,1527,1332,1568,1330,1608,1332,1643,1347,1660,1380,1490,1367,1490,1401,1489,1434,1489,1470,1415,1509,1444,1519,1472,1530,1500,1528,1526,1526,1328,1354,1359,1344,1390,1349,1412,1373,1384,1370,1354,1364,1539,1395,1569,1381,1598,1386,1618,1405,1595,1408,1567,1404,1356,1594,1396,1568,1440,1563,1465,1574,1495,1572,1526,1589,1547,1622,1516,1639,1482,1645,1451,1643,1423,1636,1387,1620,1371,1594,1436,1589,1462,1595,1491,1597,1533,1618,1487,1616,1457,1613,1431,1607
2346,h,1,1,1176,1176,1711,1711,78.2,1197,1356,1187,1424,1184,1495,1191,1562,1216,1624,1260,1673,1313,1710,1368,1743,1428,1760,1485,1757,1536,1727,1582,1690,1619,1642,1645,1589,1664,1532,1674,1476,1679,1421,1284,1311,1325,1288,1373,1288,1422,1300,1465,1319,1532,1333,1571,1331,1610,1333,1645,1346,1663,1376,1493,1367,1492,1402,1491,1436,1490,1472,1417,1510,1446,1520,1474,1530,1502,1529,1527,1526,1328,1353,1359,1344,1390,1350,1412,1373,1384,1370,1354,1363,1543,1395,1572,1381,1600,1386,1621,1405,1598,1406,1570,1402,1356,1595,1397,1569,1440,1564,1466,1575,1496,1572,1526,1590,1547,1622,1515,1639,1483,1645,1451,1643,1422,1636,1387,1620,1372,1595,1436,1590,1462,1596,1492,1598,1533,1618,1488,1615,1458,1613,1430,1607
2347,h,1,1,1176,1176,1711,1711,78.23333333333333,1195,1358,1184,1426,1182,1496,1191,1562,1217,1623,1262,1671,1315,1708,1368,1741,1426,1760,1482,1756,1532,1727,1579,1690,1618,1642,1645,1590,1664,1533,1674,1477,1679,1422,1283,1313,1324,1289,1374,1288,1423,1301,1467,1320,1533,1335,1572,1332,1611,1333,1646,1347,1663,1379,1494,1368,1493,1402,1492,1436,1491,1471,1418,1510,1447,1520,1474,1531,1502,1530,1527,1527,1329,1351,1359,1340,1391,1346,1414,1372,1385,1369,1354,1363,1544,1395,1572,1377,1601,1383,1622,1404,1600,1406,1571,1402,1359,1593,1400,1570,1442,1563,1467,1575,1497,1572,1526,1590,1546,1621,1516,1639,1483,1647,1452,1645,1424,1639,1389,1621,1374,1594,1438,1589,1463,1595,1492,1598,1532,1617,1488,1616,1458,1614,1432,1608
2348,h,1,1,1176,1176,1711,1711,78.26666666666667,1192,1362,1183,1431,1183,1501,1192,1567,1218,1628,1264,1676,1318,1712,1371,1744,1429,1762,1485,1760,1534,1731,1581,1695,1618,1647,1645,1594,1665,1538,1675,1481,1679,1425,1279,1314,1322,1289,1372,1288,1421,1301,1467,1319,1532,1334,1572,1331,1611,1332,1646,1346,1664,1377,1494,1369,1493,1403,1492,1436,1491,1471,1419,1511,1447,1520,1475,1531,1502,1529,1527,1528,1326,1352,1357,1339,1389,1345,1412,1374,1383,1371,1351,1364,1544,1396,1573,1376,1603,1380,1624,1404,1602,1407,1572,1404,1358,1595,1399,1569,1441,1563,1467,1575,1496,1572,1526,1591,1547,1625,1516,1640,1484,1646,1453,1644,1424,1636,1389,1620,1373,1595,1437,1590,1463,1596,1492,1599,1533,1619,1489,1615,1459,1613,1432,1607
2349,h,1,1,1176,1176,1711,1711,78.3,1192,1362,1183,1431,1183,1501,1192,1567,1218,1628,1264,1676,1318,1712,1371,1744,1429,1762,1485,1760,1534,1731,1581,1695,1618,1647,1645,1594,1665,1538,1675,1481,1679,1425,1279,1314,1322,1289,1372,1288,1421,1301,1467,1319,1532,1334,1572,1331,1611,1332,1646,1346,1664,1377,1494,1369,1493,1403,1492,1436,1491,1471,1419,1511,1447,1520,1475,1531,1502,1529,1527,1528,1326,1352,1357,1339,1389,1345,1412,1374,1383,1371,1351,1364,1544,1396,1573,1376,1603,1380,1624,1404,1602,1407,1572,1404,1358,1595,1399,1569,1441,1563,1467,1575,1496,1572,1526,1591,1547,1625,1516,1640,1484,1646,1453,1644,1424,1636,1389,1620,1373,1595,1437,1590,1463,1596,1492,1599,1533,1619,1489,1615,1459,1613,1432,1607
2350,h,1,1,1176,1176,1711,1711,78.33333333333333,1189,1362,1180,1431,1180,1500,1190,1566,1217,1627,1263,1674,1317,1710,1370,1742,1429,1760,1485,1757,1534,1728,1581,1692,1618,1644,1645,1592,1666,1538,1679,1482,1684,1427,1277,1315,1319,1289,1370,1287,1421,1299,1467,1319,1532,1333,1575,1330,1615,1332,1653,1346,1672,1378,1494,1369,1493,1403,1492,1436,1491,1471,1419,1511,1447,1520,1475,1530,1503,1529,1528,1527,1326,1352,1357,1337,1390,1344,1413,1374,1384,1371,1351,1365,1544,1395,1573,1374,1604,1379,1625,1403,1603,1406,1572,1403,1360,1596,1400,1570,1442,1564,1467,1575,1497,1572,1527,1590,1547,1624,1517,1640,1484,1648,1453,1645,1426,1638,1390,1621,1375,1596,1438,1590,1464,1595,1492,1598,1533,1619,1489,1617,1460,1615,1433,1609
2351,h,1,1,1176,1176,1711,1711,78.36666666666666,1190,1364,1182,1433,1182,1503,1192,1570,1218,1631,1263,1679,1317,1714,1372,1745,1432,1762,1489,1758,1539,1729,1584,1692,1620,1644,1646,1591,1666,1536,1677,1480,1682,1425,1279,1316,1320,1290,1370,1288,1420,1300,1467,1319,1533,1334,1574,1331,1613,1334,1649,1348,1667,1380,1495,1369,1493,1403,1493,1436,1492,1471,1419,1511,1448,1521,1476,1530,1503,1529,1529,1527,1326,1352,1357,1337,1391,1343,1414,1374,1384,1371,1352,1364,1545,1396,1573,1374,1603,1379,1625,1403,1602,1406,1573,1403,1359,1597,1399,1570,1442,1563,1468,1575,1498,1572,1529,1591,1549,1626,1519,1641,1486,1648,1455,1646,1425,1639,1389,1622,1374,1597,1438,1590,1465,1596,1494,1598,1535,1621,1490,1617,1461,1615,1433,1609
2352,h,1,1,1176,1176,1711,1711,78.4,1193,1359,1184,1427,1183,1497,1191,1563,1217,1624,1261,1672,1316,1707,1370,1738,1428,1756,1483,1754,1533,1726,1579,1690,1616,1643,1644,1591,1664,1536,1675,1481,1680,1427,1280,1313,1323,1288,1374,1287,1425,1301,1470,1320,1533,1335,1574,1331,1614,1333,1651,1347,1670,1378,1495,1370,1494,1404,1493,1437,1492,1472,1418,1511,1447,1521,1475,1531,1503,1529,1528,1527,1327,1352,1359,1337,1392,1343,1415,1374,1385,1371,1353,1364,1545,1396,1573,1375,1604,1379,1625,1404,1603,1407,1573,1403,1361,1595,1401,1570,1444,1564,1469,1576,1497,1573,1527,1592,1548,1624,1516,1640,1484,1648,1454,1646,1426,1639,1390,1621,1376,1595,1439,1590,1465,1596,1493,1599,1533,1619,1489,1617,1460,1615,1434,1609
2353,h,1,1,1176,1176,1711,1711,78.43333333333334,1193,1359,1184,1427,1183,1497,1191,1563,1217,1624,1261,1672,1316,1707,1370,1738,1428,1756,1483,1754,1533,1726,1579,1690,1616,1643,1644,1591,1664,1536,1675,1481,1680,1427,1280,1313,1323,1288,1374,1287,1425,1301,1470,1320,1533,1335,1574,1331,1614,1333,1651,1347,1670,1378,1495,1370,1494,1404,1493,1437,1492,1472,1418,1511,1447,1521,1475,1531,1503,1529,1528,1527,1327,1352,1359,1337,1392,1343,1415,1374,1385,1371,1353,1364,1545,1396,1573,1375,1604,1379,1625,1404,1603,1407,1573,1403,1361,1595,1401,1570,1444,1564,1469,1576,1497,1573,1527,1592,1548,1624,1516,1640,1484,1648,1454,1646,1426,1639,1390,1621,1376,1595,1439,1590,1465,1596,1493,1599,1533,1619,1489,1617,1460,1615,1434,1609
2354,h,1,1,1176,1176,1711,1711,78.46666666666667,1192,1364,1183,1431,1182,1500,1190,1565,1215,1626,1259,1674,1314,1708,1369,1739,1428,1756,1484,1754,1535,1727,1582,1691,1620,1645,1647,1593,1668,1538,1679,1483,1684,1429,1279,1314,1322,1289,1372,1288,1422,1300,1468,1319,1533,1334,1574,1330,1614,1332,1651,1345,1671,1377,1495,1369,1494,1403,1493,1436,1493,1471,1420,1511,1448,1521,1476,1531,1503,1529,1529,1527,1326,1353,1357,1338,1390,1344,1413,1375,1384,1372,1351,1365,1545,1396,1574,1374,1605,1378,1626,1403,1603,1406,1573,1403,1359,1596,1401,1571,1445,1565,1470,1576,1498,1573,1528,1592,1548,1625,1517,1641,1484,1648,1454,1646,1427,1639,1390,1622,1375,1596,1440,1591,1466,1597,1494,1599,1533,1620,1490,1618,1461,1615,1435,1610
2355,h,1,1,1176,1176,1711,1711,78.5,1193,1364,1184,1432,1183,1502,1191,1568,1216,1628,1260,1677,1315,1710,1370,1739,1429,1756,1485,1753,1535,1726,1580,1691,1617,1645,1643,1593,1664,1539,1676,1485,1682,1432,1281,1315,1323,1290,1374,1288,1424,1300,1470,1319,1533,1333,1574,1330,1615,1333,1651,1347,1670,1378,1495,1369,1493,1403,1492,1436,1491,1471,1420,1512,1448,1521,1475,1531,1502,1530,1527,1529,1327,1353,1358,1337,1392,1343,1415,1375,1385,1372,1352,1366,1545,1396,1573,1374,1605,1378,1626,1403,1603,1407,1573,1404,1360,1597,1401,1571,1444,1565,1469,1576,1497,1573,1528,1591,1546,1625,1517,1641,1484,1649,1453,1646,1426,1639,1390,1623,1375,1598,1439,1591,1465,1597,1493,1600,1532,1620,1489,1618,1460,1616,1434,1610
2356,h,1,1,1176,1176,1711,1711,78.53333333333333,1193,1364,1184,1432,1183,1502,1191,1568,1216,1628,1260,1677,1315,1710,1370,1739,1429,1756,1485,1753,1535,1726,1580,1691,1617,1645,1643,1593,1664,1539,1676,1485,1682,1432,1281,1315,1323,1290,1374,1288,1424,1300,1470,1319,1533,1333,1574,1330,1615,1333,1651,1347,1670,1378,1495,1369,1493,1403,1492,1436,1491,1471,1420,1512,1448,1521,1475,1531,1502,1530,1527,1529,1327,1353,1358,1337,1392,1343,1415,1375,1385,1372,1352,1366,1545,1396,1573,1374,1605,1378,1626,1403,1603,1407,1573,1404,1360,1597,1401,1571,1444,1565,1469,1576,1497,1573,1528,1591,1546,1625,1517,1641,1484,1649,1453,1646,1426,1639,1390,1623,1375,1598,1439,1591,1465,1597,1493,1600,1532,1620,1489,1618,1460,1616,1434,1610
2357,h,1,1,1176,1176,1711,1711,78.56666666666666,1193,1362,1185,1430,1184,1499,1190,1565,1214,1627,1258,1677,1313,1713,1368,1744,1428,1762,1484,1759,1535,1731,1581,1696,1618,1649,1643,1597,1664,1543,1675,1488,1680,1435,1284,1314,1326,1289,1376,1287,1427,1299,1471,1319,1537,1334,1578,1332,1618,1334,1654,1350,1672,1381,1497,1371,1495,1405,1494,1438,1493,1474,1420,1513,1448,1522,1476,1533,1503,1531,1528,1530,1329,1351,1360,1336,1394,1343,1417,1374,1387,1371,1354,1364,1547,1397,1576,1375,1607,1380,1627,1405,1605,1409,1575,1405,1360,1596,1401,1572,1445,1565,1469,1576,1499,1574,1530,1593,1550,1627,1519,1643,1485,1650,1455,1648,1428,1641,1391,1623,1375,1597,1441,1592,1466,1599,1494,1601,1536,1622,1491,1619,1461,1616,1436,1610
2358,h,1,1,1176,1176,1711,1711,78.6,1196,1357,1185,1425,1182,1494,1189,1561,1213,1622,1258,1671,1312,1707,1365,1739,1424,1757,1480,1755,1531,1729,1578,1693,1616,1646,1644,1594,1664,1538,1675,1482,1681,1429,1285,1311,1329,1288,1378,1288,1427,1302,1471,1321,1536,1337,1576,1334,1614,1336,1649,1348,1667,1377,1497,1372,1496,1405,1495,1438,1494,1473,1422,1512,1450,1522,1477,1532,1503,1531,1529,1530,1331,1352,1361,1337,1395,1344,1416,1376,1387,1372,1355,1365,1547,1398,1573,1376,1604,1380,1625,1405,1603,1409,1573,1405,1360,1596,1402,1571,1446,1566,1470,1577,1498,1575,1528,1593,1548,1626,1517,1642,1484,1648,1454,1646,1428,1639,1391,1622,1375,1596,1441,1592,1466,1599,1494,1602,1534,1622,1490,1619,1461,1617,1436,1611
2359,h,1,1,1176,1176,1711,1711,78.63333333333334,1189,1365,1181,1431,1181,1499,1189,1564,1215,1625,1261,1673,1315,1707,1369,1738,1428,1755,1485,1753,1534,1727,1579,1692,1616,1647,1643,1597,1663,1543,1674,1488,1681,1434,1282,1315,1325,1290,1376,1289,1426,1302,1471,1322,1533,1337,1574,1333,1615,1335,1651,1349,1669,1381,1496,1370,1495,1405,1494,1438,1493,1474,1420,1513,1448,1523,1476,1533,1503,1532,1528,1530,1328,1352,1359,1338,1393,1344,1415,1375,1386,1372,1353,1366,1545,1397,1573,1376,1605,1380,1625,1404,1603,1409,1573,1405,1359,1596,1401,1572,1445,1567,1470,1578,1498,1576,1529,1593,1549,1625,1518,1642,1485,1649,1455,1647,1428,1640,1391,1623,1375,1597,1440,1593,1466,1599,1494,1602,1535,1622,1490,1619,1461,1616,1435,1610
2360,h,1,1,1176,1176,1711,1711,78.66666666666667,1189,1365,1181,1431,1181,1499,1189,1564,1215,1625,1261,1673,1315,1707,1369,1738,1428,1755,1485,1753,1534,1727,1579,1692,1616,1647,1643,1597,1663,1543,1674,1488,1681,1434,1282,1315,1325,1290,1376,1289,1426,1302,1471,1322,1533,1337,1574,1333,1615,1335,1651,1349,1669,1381,1496,1370,1495,1405,1494,1438,1493,1474,1420,1513,1448,1523,1476,1533,1503,1532,1528,1530,1328,1352,1359,1338,1393,1344,1415,1375,1386,1372,1353,1366,1545,1397,1573,1376,1605,1380,1625,1404,1603,1409,1573,1405,1359,1596,1401,1572,1445,1567,1470,1578,1498,1576,1529,1593,1549,1625,1518,1642,1485,1649,1455,1647,1428,1640,1391,1623,1375,1597,1440,1593,1466,1599,1494,1602,1535,1622,1490,1619,1461,1616,1435,1610
2361,h,1,1,1176,1236,1711,1771,78.7,1189,1364,1185,1432,1185,1500,1191,1567,1212,1630,1255,1681,1309,1718,1366,1751,1429,1769,1487,1766,1536,1738,1580,1701,1612,1653,1637,1600,1656,1546,1671,1490,1679,1434,1283,1318,1326,1291,1376,1289,1427,1301,1472,1320,1536,1334,1577,1334,1617,1338,1653,1353,1671,1385,1498,1370,1497,1404,1495,1438,1494,1474,1422,1512,1450,1522,1477,1532,1504,1531,1528,1530,1329,1353,1360,1338,1393,1345,1416,1375,1386,1371,1354,1365,1547,1398,1575,1378,1605,1383,1626,1407,1604,1410,1574,1405,1361,1597,1405,1573,1448,1568,1470,1579,1499,1577,1528,1593,1547,1626,1518,1642,1486,1648,1456,1646,1431,1639,1395,1623,1377,1596,1443,1593,1466,1599,1495,1601,1533,1621,1491,1620,1463,1618,1439,1612
2362,h,1,1,1176,1176,1711,1711,78.73333333333333,1192,1365,1184,1432,1183,1499,1192,1564,1219,1624,1263,1672,1315,1708,1369,1741,1427,1760,1482,1758,1531,1731,1576,1695,1613,1649,1641,1598,1663,1545,1676,1491,1682,1438,1283,1313,1326,1290,1376,1289,1426,1302,1471,1321,1536,1335,1577,1333,1618,1336,1654,1350,1672,1380,1498,1371,1496,1405,1495,1438,1495,1473,1423,1513,1450,1523,1477,1533,1504,1532,1528,1531,1331,1352,1361,1339,1394,1345,1416,1375,1387,1372,1355,1365,1548,1397,1576,1376,1606,1381,1627,1405,1605,1409,1575,1405,1367,1598,1408,1575,1450,1568,1472,1579,1499,1577,1528,1595,1547,1626,1518,1643,1486,1650,1458,1648,1433,1641,1399,1624,1383,1598,1445,1595,1468,1601,1494,1603,1534,1621,1491,1617,1465,1615,1441,1609
2363,h,1,1,1176,1236,1711,1771,78.76666666666667,1191,1368,1185,1435,1184,1501,1190,1567,1212,1629,1253,1680,1307,1714,1364,1744,1426,1760,1484,1757,1533,1733,1577,1699,1610,1652,1634,1600,1654,1546,1667,1491,1675,1437,1285,1314,1329,1290,1380,1290,1429,1302,1473,1321,1538,1336,1578,1333,1617,1337,1652,1351,1671,1382,1499,1371,1498,1405,1496,1438,1495,1475,1426,1513,1452,1522,1480,1532,1505,1531,1528,1529,1330,1355,1362,1341,1394,1347,1417,1376,1387,1373,1355,1367,1548,1398,1576,1378,1606,1382,1626,1405,1604,1409,1575,1405,1369,1598,1413,1577,1454,1569,1475,1580,1500,1578,1526,1596,1544,1625,1516,1640,1487,1645,1460,1643,1436,1637,1401,1622,1385,1598,1449,1596,1470,1602,1496,1604,1532,1620,1492,1616,1466,1615,1444,1609
2364,h,1,1,1176,1236,1711,1771,78.8,1191,1368,1185,1435,1184,1501,1190,1567,1212,1629,1253,1680,1307,1714,1364,1744,1426,1760,1484,1757,1533,1733,1577,1699,1610,1652,1634,1600,1654,1546,1667,1491,1675,1437,1285,1314,1329,1290,1380,1290,1429,1302,1473,1321,1538,1336,1578,1333,1617,1337,1652,1351,1671,1382,1499,1371,1498,1405,1496,1438,1495,1475,1426,1513,1452,1522,1480,1532,1505,1531,1528,1529,1330,1355,1362,1341,1394,1347,1417,1376,1387,1373,1355,1367,1548,1398,1576,1378,1606,1382,1626,1405,1604,1409,1575,1405,1369,1598,1413,1577,1454,1569,1475,1580,1500,1578,1526,1596,1544,1625,1516,1640,1487,1645,1460,1643,1436,1637,1401,1622,1385,1598,1449,1596,1470,1602,1496,1604,1532,1620,1492,1616,1466,1615,1444,1609
2365,h,1,1,1176,1176,1711,1711,78.83333333333333,1192,1360,1184,1426,1182,1494,1188,1559,1210,1622,1251,1672,1306,1708,1363,1740,1422,1756,1477,1754,1527,1728,1573,1693,1610,1647,1639,1596,1662,1542,1674,1489,1681,1436,1281,1313,1326,1290,1376,1289,1427,1301,1473,1319,1541,1336,1581,1334,1620,1336,1655,1347,1675,1376,1499,1372,1498,1405,1497,1438,1497,1473,1425,1512,1452,1522,1478,1532,1504,1531,1529,1529,1329,1354,1361,1339,1394,1345,1417,1376,1387,1373,1354,1367,1548,1397,1576,1376,1607,1380,1628,1404,1606,1409,1576,1405,1361,1590,1411,1576,1455,1570,1475,1580,1499,1578,1527,1595,1545,1622,1514,1638,1484,1645,1458,1643,1435,1637,1398,1621,1377,1593,1450,1594,1471,1600,1495,1602,1532,1619,1489,1614,1465,1613,1443,1608
2366,h,1,1,1176,1176,1711,1711,78.86666666666666,1194,1363,1185,1429,1183,1496,1188,1560,1211,1622,1253,1671,1307,1707,1363,1739,1423,1758,1480,1756,1531,1730,1578,1695,1614,1649,1640,1598,1662,1545,1674,1491,1682,1439,1284,1313,1327,1287,1378,1284,1429,1296,1475,1314,1540,1331,1582,1328,1623,1331,1660,1345,1680,1376,1501,1364,1500,1398,1499,1431,1498,1467,1427,1507,1454,1516,1481,1527,1507,1526,1531,1524,1332,1348,1363,1333,1397,1338,1420,1369,1390,1367,1357,1360,1550,1392,1579,1371,1610,1376,1631,1401,1608,1405,1578,1400,1368,1592,1413,1571,1456,1563,1478,1573,1504,1571,1532,1591,1550,1624,1520,1637,1488,1643,1461,1641,1436,1634,1401,1618,1384,1593,1450,1591,1473,1597,1499,1599,1537,1618,1494,1612,1468,1610,1445,1604
2367,h,1,1,1176,1176,1711,1711,78.9,1194,1356,1186,1421,1184,1488,1192,1553,1218,1615,1262,1663,1318,1698,1373,1729,1433,1746,1490,1745,1540,1720,1584,1685,1620,1639,1646,1587,1666,1534,1678,1480,1683,1427,1286,1302,1329,1276,1379,1274,1431,1285,1477,1303,1535,1318,1577,1317,1619,1320,1656,1335,1674,1368,1501,1354,1499,1387,1499,1420,1498,1454,1427,1496,1454,1505,1481,1515,1508,1515,1532,1513,1333,1340,1363,1326,1396,1331,1420,1361,1390,1357,1358,1351,1549,1383,1579,1363,1609,1368,1629,1392,1607,1394,1577,1389,1371,1582,1412,1558,1453,1549,1477,1559,1505,1558,1533,1577,1552,1611,1523,1625,1492,1631,1464,1629,1438,1622,1403,1606,1387,1581,1449,1577,1474,1583,1500,1585,1539,1605,1497,1599,1470,1597,1445,1591
2368,h,1,1,1176,1176,1711,1711,78.93333333333334,1194,1356,1186,1421,1184,1488,1192,1553,1218,1615,1262,1663,1318,1698,1373,1729,1433,1746,1490,1745,1540,1720,1584,1685,1620,1639,1646,1587,1666,1534,1678,1480,1683,1427,1286,1302,1329,1276,1379,1274,1431,1285,1477,1303,1535,1318,1577,1317,1619,1320,1656,1335,1674,1368,1501,1354,1499,1387,1499,1420,1498,1454,1427,1496,1454,1505,1481,1515,1508,1515,1532,1513,1333,1340,1363,1326,1396,1331,1420,1361,1390,1357,1358,1351,1549,1383,1579,1363,1609,1368,1629,1392,1607,1394,1577,1389,1371,1582,1412,1558,1453,1549,1477,1559,1505,1558,1533,1577,1552,1611,1523,1625,1492,1631,1464,1629,1438,1622,1403,1606,1387,1581,1449,1577,1474,1583,1500,1585,1539,1605,1497,1599,1470,1597,1445,1591
2369,h,1,1,1176,1176,1711,1711,78.96666666666667,1201,1345,1192,1410,1189,1476,1194,1541,1215,1603,1259,1654,1317,1689,1376,1720,1441,1736,1501,1734,1552,1709,1595,1674,1627,1626,1650,1574,1667,1519,1675,1466,1680,1414,1292,1297,1332,1268,1382,1264,1432,1275,1477,1293,1534,1308,1576,1308,1617,1312,1653,1330,1670,1363,1500,1345,1499,1377,1499,1408,1499,1443,1427,1485,1455,1494,1483,1504,1510,1503,1536,1502,1336,1335,1367,1323,1399,1328,1423,1353,1394,1350,1363,1345,1548,1377,1580,1361,1608,1367,1627,1388,1605,1389,1577,1384,1373,1572,1415,1546,1456,1538,1479,1547,1507,1547,1538,1566,1556,1600,1528,1613,1496,1618,1466,1616,1440,1609,1406,1593,1389,1571,1451,1567,1475,1573,1503,1575,1543,1594,1500,1589,1472,1586,1447,1579
2370,h,1,1,1228,1228,1673,1673,79.0,1198,1339,1190,1405,1188,1472,1192,1538,1213,1601,1254,1652,1311,1686,1371,1716,1436,1732,1496,1729,1547,1703,1590,1668,1622,1622,1644,1570,1661,1517,1670,1464,1674,1412,1289,1293,1330,1263,1381,1258,1432,1268,1477,1288,1536,1304,1576,1302,1615,1307,1649,1324,1664,1358,1500,1340,1499,1371,1499,1402,1499,1436,1428,1478,1455,1487,1483,1496,1509,1495,1533,1494,1336,1327,1367,1312,1399,1318,1422,1347,1393,1344,1362,1338,1544,1370,1574,1351,1603,1357,1622,1380,1600,1383,1572,1378,1369,1564,1412,1539,1453,1532,1478,1541,1506,1541,1535,1558,1552,1592,1525,1607,1494,1612,1464,1610,1438,1603,1402,1586,1385,1563,1449,1558,1474,1563,1502,1566,1541,1587,1499,1584,1470,1582,1445,1575
2371,h,1,1,1228,1228,1673,1673,79.03333333333333,1198,1339,1190,1405,1188,1472,1192,1538,1213,1601,1254,1652,1311,1686,1371,1716,1436,1732,1496,1729,1547,1703,1590,1668,1622,1622,1644,1570,1661,1517,1670,1464,1674,1412,1289,1293,1330,1263,1381,1258,1432,1268,1477,1288,1536,1304,1576,1302,1615,1307,1649,1324,1664,1358,1500,1340,1499,1371,1499,1402,1499,1436,1428,1478,1455,1487,1483,1496,1509,1495,1533,1494,1336,1327,1367,1312,1399,1318,1422,1347,1393,1344,1362,1338,1544,1370,1574,1351,1603,1357,1622,1380,1600,1383,1572,1378,1369,1564,1412,1539,1453,1532,1478,1541,1506,1541,1535,1558,1552,1592,1525,1607,1494,1612,1464,1610,1438,1603,1402,1586,1385,1563,1449,1558,1474,1563,1502,1566,1541,1587,1499,1584,1470,1582,1445,1575
2372,h,1,1,1228,1228,1673,1673,79.06666666666666,1200,1343,1193,1408,1191,1473,1195,1537,1216,1599,1257,1647,1313,1681,1371,1712,1434,1728,1494,1726,1544,1701,1588,1667,1620,1620,1643,1567,1660,1513,1670,1459,1674,1406,1286,1288,1326,1262,1375,1256,1425,1266,1469,1285,1528,1298,1569,1295,1609,1299,1644,1316,1662,1349,1495,1336,1494,1367,1494,1397,1494,1430,1424,1474,1451,1482,1479,1492,1505,1491,1529,1489,1332,1326,1363,1313,1394,1319,1418,1345,1389,1342,1357,1337,1539,1366,1570,1349,1598,1354,1619,1375,1596,1378,1567,1373,1368,1559,1408,1532,1449,1525,1474,1535,1502,1534,1532,1552,1551,1587,1523,1605,1491,1613,1461,1611,1434,1604,1398,1586,1383,1559,1445,1552,1470,1557,1498,1560,1538,1582,1495,1583,1467,1580,1441,1574
2373,h,1,1,1176,1176,1711,1711,79.1,1191,1347,1186,1413,1188,1479,1195,1542,1220,1600,1264,1646,1319,1676,1376,1701,1437,1716,1494,1712,1546,1689,1593,1654,1626,1606,1650,1554,1667,1499,1673,1445,1674,1391,1275,1282,1314,1256,1360,1252,1408,1261,1452,1276,1519,1289,1559,1287,1599,1289,1636,1301,1658,1330,1481,1327,1481,1358,1482,1388,1482,1421,1413,1468,1442,1476,1471,1484,1499,1482,1525,1481,1316,1326,1347,1316,1378,1320,1404,1341,1374,1338,1343,1333,1534,1359,1566,1346,1594,1351,1617,1367,1592,1368,1563,1364,1361,1554,1403,1527,1443,1518,1469,1527,1499,1525,1528,1543,1551,1578,1520,1595,1488,1603,1458,1601,1429,1594,1394,1579,1377,1554,1439,1546,1466,1550,1495,1552,1536,1574,1492,1573,1462,1571,1435,1565
2374,h,1,1,1176,1176,1711,1711,79.13333333333334,1179,1350,1178,1414,1181,1477,1189,1539,1214,1596,1258,1640,1313,1669,1370,1693,1430,1707,1488,1701,1539,1678,1587,1644,1622,1598,1646,1546,1662,1492,1669,1436,1669,1381,1259,1282,1296,1253,1342,1246,1390,1251,1436,1266,1499,1277,1540,1272,1582,1273,1621,1286,1646,1316,1464,1316,1465,1347,1466,1376,1466,1409,1400,1459,1429,1466,1458,1473,1486,1470,1513,1468,1302,1323,1332,1312,1363,1315,1390,1335,1360,1333,1329,1330,1520,1348,1550,1332,1578,1336,1603,1352,1577,1354,1548,1351,1350,1547,1388,1518,1429,1507,1457,1516,1486,1513,1517,1529,1540,1563,1510,1582,1479,1592,1448,1592,1418,1586,1381,1572,1365,1546,1427,1536,1454,1540,1483,1541,1526,1559,1481,1559,1452,1559,1423,1555
2375,h,1,1,1176,1176,1711,1711,79.16666666666667,1179,1350,1178,1414,1181,1477,1189,1539,1214,1596,1258,1640,1313,1669,1370,1693,1430,1707,1488,1701,1539,1678,1587,1644,1622,1598,1646,1546,1662,1492,1669,1436,1669,1381,1259,1282,1296,1253,1342,1246,1390,1251,1436,1266,1499,1277,1540,1272,1582,1273,1621,1286,1646,1316,1464,1316,1465,1347,1466,1376,1466,1409,1400,1459,1429,1466,1458,1473,1486,1470,1513,1468,1302,1323,1332,1312,1363,1315,1390,1335,1360,1333,1329,1330,1520,1348,1550,1332,1578,1336,1603,1352,1577,1354,1548,1351,1350,1547,1388,1518,1429,1507,1457,1516,1486,1513,1517,1529,1540,1563,1510,1582,1479,1592,1448,1592,1418,1586,1381,1572,1365,1546,1427,1536,1454,1540,1483,1541,1526,1559,1481,1559,1452,1559,1423,1555
2376,h,1,1,1176,1176,1711,1711,79.2,1171,1351,1171,1412,1176,1473,1186,1532,1211,1587,1254,1630,1309,1659,1365,1684,1427,1696,1486,1692,1536,1670,1581,1637,1615,1591,1638,1538,1653,1483,1660,1427,1659,1371,1245,1277,1280,1249,1326,1241,1374,1245,1421,1258,1480,1265,1522,1261,1566,1262,1606,1275,1633,1305,1448,1306,1450,1335,1451,1363,1453,1395,1388,1449,1416,1455,1445,1461,1473,1458,1499,1456,1287,1318,1317,1305,1348,1306,1376,1326,1346,1326,1314,1324,1504,1337,1534,1320,1564,1323,1590,1340,1563,1342,1533,1340,1342,1541,1379,1507,1419,1495,1447,1504,1475,1500,1508,1516,1534,1551,1503,1572,1470,1581,1440,1581,1410,1575,1373,1562,1358,1538,1417,1525,1445,1528,1473,1529,1518,1547,1471,1548,1442,1547,1413,1543
2377,h,1,1,1178,1178,1624,1624,79.23333333333333,1158,1355,1160,1417,1165,1479,1177,1538,1203,1592,1248,1633,1305,1657,1361,1676,1423,1685,1481,1679,1531,1658,1576,1626,1608,1580,1628,1527,1641,1472,1647,1417,1647,1363,1231,1284,1265,1251,1312,1237,1363,1239,1411,1251,1469,1256,1513,1251,1557,1254,1595,1271,1618,1303,1439,1300,1441,1329,1443,1357,1446,1387,1381,1441,1410,1446,1439,1451,1467,1448,1492,1447,1278,1314,1308,1300,1338,1300,1366,1320,1338,1320,1307,1319,1495,1328,1526,1310,1555,1313,1578,1330,1554,1332,1525,1331,1336,1533,1372,1498,1412,1486,1439,1493,1469,1490,1502,1506,1528,1543,1498,1559,1465,1569,1433,1570,1405,1566,1368,1554,1350,1530,1410,1514,1437,1517,1467,1517,1514,1538,1465,1540,1435,1540,1407,1537
2378,h,1,1,1178,1178,1624,1624,79.26666666666667,1159,1350,1161,1411,1169,1472,1180,1530,1205,1584,1249,1624,1305,1649,1363,1667,1424,1675,1482,1668,1532,1647,1576,1615,1606,1570,1625,1519,1638,1465,1643,1411,1642,1358,1227,1280,1260,1247,1306,1234,1356,1235,1402,1247,1464,1251,1507,1246,1550,1249,1589,1265,1613,1297,1434,1297,1436,1325,1439,1351,1442,1380,1377,1435,1406,1440,1435,1445,1461,1442,1487,1440,1272,1312,1302,1298,1332,1298,1360,1317,1332,1317,1301,1316,1491,1324,1521,1307,1550,1309,1574,1326,1549,1328,1520,1327,1331,1528,1367,1492,1406,1480,1433,1487,1462,1484,1496,1500,1522,1535,1493,1551,1459,1561,1429,1562,1400,1558,1363,1548,1345,1525,1405,1509,1432,1512,1461,1512,1508,1531,1460,1530,1430,1531,1402,1528
2379,h,1,1,1178,1178,1624,1624,79.3,1159,1350,1161,1411,1169,1472,1180,1530,1205,1584,1249,1624,1305,1649,1363,1667,1424,1675,1482,1668,1532,1647,1576,1615,1606,1570,1625,1519,1638,1465,1643,1411,1642,1358,1227,1280,1260,1247,1306,1234,1356,1235,1402,1247,1464,1251,1507,1246,1550,1249,1589,1265,1613,1297,1434,1297,1436,1325,1439,1351,1442,1380,1377,1435,1406,1440,1435,1445,1461,1442,1487,1440,1272,1312,1302,1298,1332,1298,1360,1317,1332,1317,1301,1316,1491,1324,1521,1307,1550,1309,1574,1326,1549,1328,1520,1327,1331,1528,1367,1492,1406,1480,1433,1487,1462,1484,1496,1500,1522,1535,1493,1551,1459,1561,1429,1562,1400,1558,1363,1548,1345,1525,1405,1509,1432,1512,1461,1512,1508,1531,1460,1530,1430,1531,1402,1528
2380,h,1,1,1178,1178,1624,1624,79.33333333333333,1156,1355,1158,1414,1165,1474,1175,1532,1199,1585,1242,1624,1298,1649,1355,1666,1418,1674,1477,1669,1529,1650,1575,1620,1606,1575,1624,1524,1636,1470,1642,1415,1642,1361,1223,1283,1254,1249,1300,1235,1351,1235,1398,1247,1459,1252,1503,1246,1547,1249,1587,1266,1610,1300,1428,1294,1430,1322,1433,1349,1435,1379,1373,1434,1401,1438,1429,1443,1456,1441,1481,1439,1268,1310,1297,1295,1327,1296,1355,1316,1327,1316,1296,1314,1486,1323,1517,1305,1547,1308,1571,1325,1546,1327,1516,1325,1327,1524,1363,1489,1402,1477,1430,1484,1460,1481,1495,1497,1523,1533,1491,1546,1456,1552,1425,1553,1395,1549,1359,1540,1342,1520,1401,1507,1428,1509,1458,1509,1509,1529,1457,1523,1426,1523,1398,1520
2381,h,1,1,1178,1178,1624,1624,79.36666666666666,1150,1356,1153,1415,1160,1474,1172,1531,1197,1583,1240,1620,1296,1644,1353,1661,1414,1670,1471,1666,1523,1648,1570,1619,1603,1575,1624,1523,1638,1469,1644,1414,1642,1359,1221,1282,1254,1250,1301,1236,1351,1237,1399,1248,1454,1255,1497,1249,1543,1252,1583,1269,1608,1302,1425,1295,1427,1324,1430,1351,1432,1382,1369,1436,1398,1441,1427,1446,1454,1443,1479,1441,1266,1313,1295,1299,1326,1299,1354,1318,1325,1318,1295,1317,1483,1325,1514,1309,1543,1311,1568,1328,1542,1329,1513,1328,1324,1525,1361,1492,1401,1480,1428,1487,1457,1483,1492,1499,1519,1534,1487,1548,1452,1556,1422,1556,1393,1553,1357,1542,1339,1522,1399,1508,1426,1511,1455,1511,1504,1530,1453,1525,1424,1526,1396,1522
2382,h,1,1,1178,1178,1624,1624,79.4,1154,1357,1156,1416,1162,1475,1172,1532,1196,1586,1238,1625,1293,1650,1350,1669,1411,1678,1470,1674,1522,1655,1569,1625,1603,1581,1622,1530,1636,1476,1642,1422,1642,1367,1221,1284,1254,1252,1300,1239,1350,1240,1398,1251,1456,1257,1501,1252,1546,1256,1585,1273,1609,1306,1426,1300,1427,1329,1428,1357,1430,1388,1367,1441,1396,1446,1425,1450,1452,1448,1478,1446,1266,1315,1296,1302,1326,1302,1353,1322,1325,1321,1295,1319,1484,1330,1515,1313,1543,1316,1568,1332,1543,1334,1514,1332,1323,1530,1359,1497,1398,1485,1425,1492,1454,1489,1488,1505,1516,1540,1485,1554,1450,1562,1420,1562,1392,1558,1356,1548,1338,1527,1397,1515,1423,1517,1452,1517,1502,1536,1451,1532,1422,1532,1394,1529
2383,h,1,1,1178,1178,1624,1624,79.43333333333334,1154,1357,1156,1416,1162,1475,1172,1532,1196,1586,1238,1625,1293,1650,1350,1669,1411,1678,1470,1674,1522,1655,1569,1625,1603,1581,1622,1530,1636,1476,1642,1422,1642,1367,1221,1284,1254,1252,1300,1239,1350,1240,1398,1251,1456,1257,1501,1252,1546,1256,1585,1273,1609,1306,1426,1300,1427,1329,1428,1357,1430,1388,1367,1441,1396,1446,1425,1450,1452,1448,1478,1446,1266,1315,1296,1302,1326,1302,1353,1322,1325,1321,1295,1319,1484,1330,1515,1313,1543,1316,1568,1332,1543,1334,1514,1332,1323,1530,1359,1497,1398,1485,1425,1492,1454,1489,1488,1505,1516,1540,1485,1554,1450,1562,1420,1562,1392,1558,1356,1548,1338,1527,1397,1515,1423,1517,1452,1517,1502,1536,1451,1532,1422,1532,1394,1529
2384,h,1,1,1178,1178,1624,1624,79.46666666666667,1154,1355,1156,1414,1163,1474,1174,1532,1197,1585,1239,1625,1294,1651,1350,1672,1411,1682,1470,1678,1523,1658,1571,1629,1604,1586,1624,1536,1637,1483,1644,1429,1644,1374,1223,1284,1257,1252,1304,1241,1353,1242,1399,1254,1456,1259,1501,1255,1546,1258,1586,1275,1610,1307,1426,1302,1427,1332,1428,1360,1430,1392,1367,1444,1395,1449,1425,1455,1452,1452,1477,1450,1268,1316,1297,1303,1327,1304,1354,1324,1326,1323,1296,1320,1484,1332,1515,1316,1543,1318,1569,1335,1542,1336,1513,1335,1320,1534,1356,1500,1396,1488,1422,1496,1452,1493,1486,1509,1514,1544,1482,1559,1447,1567,1417,1568,1388,1563,1352,1552,1335,1531,1394,1518,1421,1521,1450,1521,1500,1539,1449,1537,1419,1536,1391,1533
2385,h,1,1,1178,1178,1624,1624,79.5,1160,1351,1160,1411,1167,1470,1178,1527,1201,1582,1241,1623,1294,1650,1348,1671,1407,1682,1465,1677,1517,1657,1565,1627,1599,1585,1621,1536,1635,1482,1642,1428,1643,1375,1227,1282,1262,1252,1308,1241,1357,1245,1403,1257,1462,1264,1506,1260,1551,1263,1590,1280,1613,1312,1430,1306,1430,1336,1431,1365,1432,1396,1368,1446,1397,1452,1426,1458,1453,1455,1479,1454,1271,1317,1300,1303,1330,1305,1357,1326,1329,1324,1299,1322,1487,1336,1517,1319,1545,1322,1570,1339,1544,1341,1515,1339,1321,1535,1357,1503,1397,1491,1423,1499,1451,1497,1486,1513,1513,1546,1481,1562,1446,1571,1416,1571,1388,1566,1353,1554,1335,1533,1395,1519,1421,1522,1449,1523,1500,1542,1447,1541,1418,1541,1392,1538
2386,h,1,1,1178,1178,1624,1624,79.53333333333333,1160,1351,1160,1411,1167,1470,1178,1527,1201,1582,1241,1623,1294,1650,1348,1671,1407,1682,1465,1677,1517,1657,1565,1627,1599,1585,1621,1536,1635,1482,1642,1428,1643,1375,1227,1282,1262,1252,1308,1241,1357,1245,1403,1257,1462,1264,1506,1260,1551,1263,1590,1280,1613,1312,1430,1306,1430,1336,1431,1365,1432,1396,1368,1446,1397,1452,1426,1458,1453,1455,1479,1454,1271,1317,1300,1303,1330,1305,1357,1326,1329,1324,1299,1322,1487,1336,1517,1319,1545,1322,1570,1339,1544,1341,1515,1339,1321,1535,1357,1503,1397,1491,1423,1499,1451,1497,1486,1513,1513,1546,1481,1562,1446,1571,1416,1571,1388,1566,1353,1554,1335,1533,1395,1519,1421,1522,1449,1523,1500,1542,1447,1541,1418,1541,1392,1538
2387,h,1,1,1178,1178,1624,1624,79.56666666666666,1156,1351,1157,1412,1164,1472,1174,1529,1197,1583,1239,1624,1294,1650,1351,1670,1410,1680,1468,1676,1520,1656,1567,1626,1600,1583,1620,1533,1634,1480,1641,1426,1643,1373,1227,1285,1261,1254,1307,1244,1357,1247,1403,1260,1463,1267,1507,1262,1551,1266,1590,1282,1614,1315,1431,1308,1432,1338,1434,1366,1435,1398,1371,1448,1399,1453,1428,1459,1455,1457,1480,1457,1271,1318,1301,1305,1331,1306,1358,1327,1329,1326,1299,1323,1488,1338,1518,1321,1547,1324,1572,1342,1546,1343,1517,1341,1322,1536,1360,1504,1400,1493,1426,1501,1455,1498,1488,1515,1514,1548,1483,1564,1449,1572,1419,1572,1391,1567,1355,1555,1336,1534,1398,1521,1424,1525,1453,1526,1500,1544,1451,1542,1421,1541,1394,1537
2388,h,1,1,1178,1178,1624,1624,79.6,1160,1349,1160,1409,1166,1469,1176,1527,1198,1583,1239,1625,1293,1653,1349,1675,1409,1686,1467,1683,1518,1662,1567,1632,1601,1589,1622,1539,1637,1486,1645,1433,1647,1379,1229,1286,1264,1254,1311,1244,1361,1248,1407,1261,1468,1268,1512,1264,1555,1267,1593,1284,1615,1317,1435,1308,1436,1338,1437,1367,1439,1399,1374,1448,1402,1454,1430,1460,1457,1458,1482,1457,1275,1318,1304,1303,1334,1305,1361,1327,1333,1326,1302,1323,1491,1337,1521,1320,1550,1324,1574,1342,1548,1344,1519,1341,1324,1537,1361,1503,1401,1492,1427,1501,1456,1498,1490,1514,1515,1550,1484,1565,1450,1573,1420,1574,1392,1569,1356,1556,1338,1534,1399,1521,1425,1524,1454,1525,1501,1545,1452,1543,1423,1543,1396,1539
2389,h,1,1,1178,1178,1624,1624,79.63333333333334,1157,1352,1156,1413,1161,1473,1171,1531,1196,1586,1239,1627,1295,1655,1351,1677,1410,1689,1466,1685,1516,1663,1563,1632,1597,1589,1619,1539,1634,1486,1641,1431,1642,1378,1233,1283,1269,1253,1316,1243,1365,1248,1412,1260,1469,1268,1512,1264,1555,1267,1592,1284,1614,1317,1438,1308,1440,1338,1442,1366,1444,1397,1377,1447,1405,1454,1434,1460,1460,1458,1485,1457,1278,1316,1308,1303,1339,1305,1365,1327,1337,1326,1306,1323,1491,1338,1521,1321,1549,1324,1573,1343,1548,1344,1519,1342,1325,1535,1363,1503,1405,1492,1431,1501,1460,1498,1493,1514,1517,1549,1487,1565,1453,1573,1423,1573,1395,1569,1358,1556,1340,1533,1402,1520,1429,1524,1457,1525,1504,1544,1455,1543,1426,1542,1399,1538
2390,h,1,1,1178,1178,1624,1624,79.66666666666667,1157,1352,1156,1413,1161,1473,1171,1531,1196,1586,1239,1627,1295,1655,1351,1677,1410,1689,1466,1685,1516,1663,1563,1632,1597,1589,1619,1539,1634,1486,1641,1431,1642,1378,1233,1283,1269,1253,1316,1243,1365,1248,1412,1260,1469,1268,1512,1264,1555,1267,1592,1284,1614,1317,1438,1308,1440,1338,1442,1366,1444,1397,1377,1447,1405,1454,1434,1460,1460,1458,1485,1457,1278,1316,1308,1303,1339,1305,1365,1327,1337,1326,1306,1323,1491,1338,1521,1321,1549,1324,1573,1343,1548,1344,1519,1342,1325,1535,1363,1503,1405,1492,1431,1501,1460,1498,1493,1514,1517,1549,1487,1565,1453,1573,1423,1573,1395,1569,1358,1556,1340,1533,1402,1520,1429,1524,1457,1525,1504,1544,1455,1543,1426,1542,1399,1538
2391,h,1,1,1178,1178,1624,1624,79.7,1161,1348,1160,1408,1165,1469,1174,1527,1198,1582,1242,1623,1298,1649,1354,1669,1414,1680,1470,1675,1521,1654,1566,1623,1599,1581,1621,1532,1636,1481,1643,1429,1644,1378,1238,1283,1274,1251,1321,1241,1371,1246,1418,1260,1475,1268,1518,1265,1561,1269,1599,1285,1621,1318,1445,1308,1446,1338,1447,1366,1449,1397,1382,1447,1410,1452,1439,1459,1465,1457,1490,1457,1283,1314,1314,1301,1344,1304,1370,1326,1342,1324,1311,1321,1497,1339,1528,1322,1556,1326,1580,1344,1555,1345,1526,1343,1329,1532,1368,1501,1409,1490,1435,1499,1464,1496,1496,1514,1520,1548,1489,1563,1456,1571,1426,1571,1398,1566,1361,1554,1343,1531,1406,1519,1432,1522,1461,1523,1506,1543,1458,1541,1429,1540,1403,1537
2392,h,1,1,1176,1176,1711,1711,79.73333333333333,1164,1354,1164,1413,1169,1472,1176,1530,1200,1584,1242,1623,1297,1651,1352,1675,1412,1689,1470,1688,1522,1668,1568,1637,1602,1592,1623,1542,1639,1490,1647,1437,1648,1385,1249,1274,1286,1247,1331,1241,1378,1247,1423,1259,1483,1269,1524,1267,1566,1270,1602,1284,1626,1313,1449,1307,1451,1337,1452,1365,1453,1396,1385,1446,1415,1453,1444,1460,1471,1459,1497,1458,1288,1313,1318,1302,1349,1305,1375,1324,1346,1322,1315,1318,1503,1339,1533,1325,1562,1329,1586,1346,1560,1346,1531,1343,1335,1531,1374,1500,1415,1490,1441,1499,1469,1497,1500,1514,1525,1550,1493,1565,1460,1572,1431,1571,1403,1565,1366,1552,1349,1530,1412,1518,1439,1522,1465,1524,1511,1546,1463,1543,1435,1541,1408,1537
2393,h,1,1,1176,1176,1711,1711,79.76666666666667,1166,1347,1165,1407,1169,1468,1178,1527,1203,1580,1245,1620,1299,1648,1354,1671,1414,1685,1471,1683,1523,1665,1567,1633,1599,1590,1622,1542,1639,1490,1648,1437,1648,1385,1253,1272,1291,1247,1336,1241,1383,1248,1426,1261,1487,1273,1526,1270,1567,1273,1604,1285,1628,1312,1454,1311,1455,1340,1455,1367,1456,1399,1388,1449,1418,1455,1447,1462,1473,1461,1499,1460,1291,1314,1322,1302,1353,1306,1379,1327,1350,1324,1319,1320,1505,1343,1535,1327,1565,1331,1589,1349,1562,1350,1533,1347,1336,1532,1376,1502,1418,1491,1444,1500,1471,1498,1502,1515,1525,1550,1495,1565,1462,1572,1434,1571,1405,1566,1368,1554,1351,1531,1414,1521,1441,1525,1468,1527,1511,1545,1465,1543,1438,1541,1411,1538
2394,h,1,1,1176,1176,1711,1711,79.8,1166,1347,1165,1407,1169,1468,1178,1527,1203,1580,1245,1620,1299,1648,1354,1671,1414,1685,1471,1683,1523,1665,1567,1633,1599,1590,1622,1542,1639,1490,1648,1437,1648,1385,1253,1272,1291,1247,1336,1241,1383,1248,1426,1261,1487,1273,1526,1270,1567,1273,1604,1285,1628,1312,1454,1311,1455,1340,1455,1367,1456,1399,1388,1449,1418,1455,1447,1462,1473,1461,1499,1460,1291,1314,1322,1302,1353,1306,1379,1327,1350,1324,1319,1320,1505,1343,1535,1327,1565,1331,1589,1349,1562,1350,1533,1347,1336,1532,1376,1502,1418,1491,1444,1500,1471,1498,1502,1515,1525,1550,1495,1565,1462,1572,1434,1571,1405,1566,1368,1554,1351,1531,1414,1521,1441,1525,1468,1527,1511,1545,1465,1543,1438,1541,1411,1538
2395,h,1,1,1176,1176,1711,1711,79.83333333333333,1168,1350,1167,1410,1172,1470,1180,1529,1204,1583,1247,1623,1303,1651,1359,1674,1419,1688,1475,1686,1526,1667,1570,1635,1603,1591,1625,1542,1641,1490,1650,1438,1650,1387,1255,1275,1293,1249,1338,1243,1385,1248,1430,1262,1492,1273,1531,1271,1573,1275,1609,1288,1632,1317,1455,1311,1456,1341,1458,1369,1459,1401,1392,1450,1421,1456,1449,1463,1476,1462,1501,1461,1295,1315,1325,1303,1355,1306,1380,1328,1351,1325,1321,1321,1510,1344,1539,1329,1567,1332,1591,1351,1565,1351,1536,1348,1340,1534,1380,1504,1421,1494,1447,1503,1474,1500,1504,1517,1528,1553,1497,1566,1465,1573,1436,1572,1408,1566,1372,1553,1356,1532,1417,1523,1445,1528,1471,1529,1514,1548,1468,1543,1441,1542,1413,1538
2396,h,1,1,1176,1176,1711,1711,79.86666666666666,1171,1349,1169,1410,1173,1471,1180,1530,1203,1585,1246,1625,1300,1654,1357,1677,1417,1692,1475,1692,1526,1673,1570,1640,1603,1596,1625,1546,1642,1493,1651,1440,1651,1388,1256,1275,1294,1249,1340,1243,1389,1249,1434,1263,1495,1276,1534,1274,1575,1277,1611,1291,1633,1320,1460,1312,1460,1343,1461,1371,1462,1403,1394,1452,1423,1458,1452,1465,1479,1464,1504,1464,1298,1315,1329,1304,1359,1307,1384,1328,1355,1325,1325,1321,1513,1346,1542,1331,1571,1334,1593,1353,1569,1353,1540,1350,1342,1535,1382,1504,1422,1496,1449,1505,1477,1503,1508,1520,1532,1556,1501,1569,1468,1574,1438,1573,1410,1567,1374,1555,1357,1533,1419,1525,1447,1529,1474,1531,1518,1551,1471,1545,1443,1543,1415,1539
2397,h,1,1,1176,1176,1711,1711,79.9,1176,1350,1175,1411,1180,1472,1187,1531,1210,1586,1252,1626,1308,1652,1365,1674,1426,1686,1482,1684,1532,1665,1576,1634,1608,1590,1629,1542,1645,1492,1654,1440,1654,1389,1259,1276,1298,1250,1344,1245,1392,1252,1437,1266,1498,1277,1536,1276,1576,1280,1612,1292,1636,1319,1462,1315,1463,1345,1464,1374,1464,1406,1397,1453,1426,1460,1454,1468,1481,1467,1506,1465,1299,1318,1330,1306,1361,1309,1387,1331,1357,1329,1326,1325,1515,1348,1544,1333,1573,1337,1597,1355,1571,1356,1542,1353,1345,1537,1384,1507,1424,1498,1452,1507,1479,1504,1509,1522,1533,1556,1502,1572,1470,1578,1441,1577,1412,1571,1376,1559,1359,1536,1421,1527,1449,1532,1476,1533,1519,1552,1473,1548,1445,1547,1417,1542
2398,h,1,1,1176,1176,1711,1711,79.93333333333334,1176,1350,1175,1411,1180,1472,1187,1531,1210,1586,1252,1626,1308,1652,1365,1674,1426,1686,1482,1684,1532,1665,1576,1634,1608,1590,1629,1542,1645,1492,1654,1440,1654,1389,1259,1276,1298,1250,1344,1245,1392,1252,1437,1266,1498,1277,1536,1276,1576,1280,1612,1292,1636,1319,1462,1315,1463,1345,1464,1374,1464,1406,1397,1453,1426,1460,1454,1468,1481,1467,1506,1465,1299,1318,1330,1306,1361,1309,1387,1331,1357,1329,1326,1325,1515,1348,1544,1333,1573,1337,1597,1355,1571,1356,1542,1353,1345,1537,1384,1507,1424,1498,1452,1507,1479,1504,1509,1522,1533,1556,1502,1572,1470,1578,1441,1577,1412,1571,1376,1559,1359,1536,1421,1527,1449,1532,1476,1533,1519,1552,1473,1548,1445,1547,1417,1542
2399,h,1,1,1176,1176,1711,1711,79.96666666666667,1183,1345,1182,1406,1187,1468,1195,1527,1217,1583,1258,1625,1311,1654,1367,1676,1426,1689,1481,1687,1532,1668,1575,1636,1606,1592,1629,1544,1646,1494,1656,1441,1658,1390,1264,1276,1302,1251,1348,1245,1395,1252,1438,1267,1500,1278,1540,1277,1580,1281,1616,1294,1639,1322,1464,1316,1465,1347,1466,1375,1467,1408,1400,1455,1428,1462,1457,1469,1483,1469,1508,1468,1302,1319,1333,1307,1364,1311,1389,1333,1360,1331,1329,1326,1518,1351,1547,1335,1576,1339,1599,1358,1573,1358,1545,1355,1345,1539,1384,1510,1426,1500,1452,1510,1480,1508,1511,1525,1534,1559,1503,1575,1470,1581,1440,1580,1412,1574,1376,1561,1360,1538,1422,1529,1449,1534,1476,1536,1520,1554,1473,1551,1444,1550,1418,1546
2400,h,1,1,1176,1176,1711,1711,80.0,1179,1352,1177,1414,1181,1475,1190,1534,1213,1589,1256,1630,1310,1659,1365,1683,1424,1697,1481,1697,1532,1678,1575,1646,1607,1600,1629,1550,1645,1499,1655,1446,1656,1395,1265,1280,1304,1254,1349,1249,1396,1257,1440,1271,1503,1285,1541,1283,1580,1286,1615,1299,1637,1328,1466,1320,1466,1351,1468,1380,1468,1413,1400,1459,1429,1465,1457,1473,1483,1473,1509,1472,1305,1320,1335,1308,1366,1312,1390,1335,1361,1332,1331,1327,1520,1353,1548,1338,1577,1342,1599,1361,1575,1362,1546,1358,1347,1543,1387,1514,1428,1504,1454,1514,1482,1512,1514,1530,1537,1566,1505,1579,1472,1584,1443,1582,1415,1576,1378,1563,1361,1542,1425,1533,1451,1538,1479,1540,1523,1561,1476,1555,1447,1553,1421,1548
2401,h,1,1,1176,1176,1711,1711,80.03333333333333,1179,1352,1177,1414,1181,1475,1190,1534,1213,1589,1256,1630,1310,1659,1365,1683,1424,1697,1481,1697,1532,1678,1575,1646,1607,1600,1629,1550,1645,1499,1655,1446,1656,1395,1265,1280,1304,1254,1349,1249,1396,1257,1440,1271,1503,1285,1541,1283,1580,1286,1615,1299,1637,1328,1466,1320,1466,1351,1468,1380,1468,1413,1400,1459,1429,1465,1457,1473,1483,1473,1509,1472,1305,1320,1335,1308,1366,1312,1390,1335,1361,1332,1331,1327,1520,1353,1548,1338,1577,1342,1599,1361,1575,1362,1546,1358,1347,1543,1387,1514,1428,1504,1454,1514,1482,1512,1514,1530,1537,1566,1505,1579,1472,1584,1443,1582,1415,1576,1378,1563,1361,1542,1425,1533,1451,1538,1479,1540,1523,1561,1476,1555,1447,1553,1421,1548
2402,h,1,1,1228,1228,1673,1673,80.06666666666666,1190,1350,1188,1413,1192,1475,1200,1534,1223,1589,1262,1632,1314,1662,1368,1686,1428,1699,1486,1698,1535,1678,1579,1647,1610,1604,1631,1555,1647,1505,1658,1452,1662,1399,1266,1287,1303,1259,1350,1253,1398,1261,1443,1276,1504,1288,1546,1286,1588,1291,1624,1305,1645,1339,1469,1324,1469,1356,1469,1386,1470,1419,1403,1462,1430,1469,1458,1477,1485,1476,1510,1475,1309,1322,1338,1310,1368,1315,1393,1337,1364,1334,1334,1329,1521,1355,1550,1340,1578,1344,1601,1363,1576,1364,1547,1360,1347,1546,1385,1517,1425,1509,1453,1518,1482,1517,1513,1534,1536,1568,1506,1583,1473,1589,1443,1587,1413,1581,1377,1567,1361,1545,1422,1535,1450,1541,1479,1542,1522,1564,1476,1559,1447,1557,1418,1552
2403,h,1,1,1228,1228,1673,1673,80.1,1191,1349,1188,1412,1192,1475,1200,1534,1221,1590,1260,1634,1312,1665,1366,1689,1426,1701,1484,1700,1535,1681,1580,1650,1611,1605,1631,1557,1648,1507,1658,1454,1661,1402,1265,1291,1302,1262,1350,1254,1400,1262,1445,1278,1502,1291,1544,1287,1587,1292,1625,1309,1645,1343,1469,1326,1469,1357,1469,1388,1469,1421,1403,1465,1431,1472,1459,1480,1485,1479,1510,1477,1310,1324,1339,1312,1369,1316,1395,1339,1365,1335,1335,1330,1519,1358,1549,1342,1578,1346,1600,1365,1575,1365,1546,1361,1346,1548,1386,1520,1426,1511,1455,1521,1484,1519,1514,1536,1537,1571,1506,1585,1474,1592,1444,1591,1414,1585,1377,1570,1361,1548,1423,1538,1452,1543,1480,1545,1523,1566,1477,1561,1448,1560,1419,1555
2404,h,1,1,1228,1228,1673,1673,80.13333333333334,1190,1349,1188,1414,1193,1477,1201,1536,1223,1592,1261,1637,1312,1669,1366,1694,1427,1707,1484,1707,1534,1686,1577,1654,1608,1609,1629,1560,1645,1509,1656,1456,1659,1403,1265,1292,1303,1264,1351,1257,1400,1265,1446,1280,1506,1293,1547,1291,1589,1295,1625,1310,1645,1343,1470,1328,1470,1360,1471,1390,1472,1424,1405,1467,1433,1474,1461,1482,1487,1481,1511,1480,1310,1326,1339,1314,1369,1318,1395,1341,1365,1338,1336,1333,1521,1360,1551,1344,1579,1348,1602,1367,1577,1367,1548,1364,1348,1551,1388,1522,1429,1514,1456,1524,1486,1521,1516,1538,1538,1572,1509,1587,1476,1594,1445,1593,1416,1587,1379,1573,1363,1550,1425,1540,1453,1545,1482,1546,1525,1568,1479,1564,1450,1563,1421,1558
2405,h,1,1,1228,1228,1673,1673,80.16666666666667,1190,1349,1188,1414,1193,1477,1201,1536,1223,1592,1261,1637,1312,1669,1366,1694,1427,1707,1484,1707,1534,1686,1577,1654,1608,1609,1629,1560,1645,1509,1656,1456,1659,1403,1265,1292,1303,1264,1351,1257,1400,1265,1446,1280,1506,1293,1547,1291,1589,1295,1625,1310,1645,1343,1470,1328,1470,1360,1471,1390,1472,1424,1405,1467,1433,1474,1461,1482,1487,1481,1511,1480,1310,1326,1339,1314,1369,1318,1395,1341,1365,1338,1336,1333,1521,1360,1551,1344,1579,1348,1602,1367,1577,1367,1548,1364,1348,1551,1388,1522,1429,1514,1456,1524,1486,1521,1516,1538,1538,1572,1509,1587,1476,1594,1445,1593,1416,1587,1379,1573,1363,1550,1425,1540,1453,1545,1482,1546,1525,1568,1479,1564,1450,1563,1421,1558
2406,h,1,1,1228,1228,1673,1673,80.2,1188,1357,1186,1420,1189,1481,1196,1540,1218,1595,1258,1639,1311,1668,1366,1692,1426,1705,1483,1705,1534,1686,1578,1655,1608,1611,1629,1562,1645,1512,1655,1460,1659,1409,1267,1294,1304,1265,1352,1258,1402,1266,1448,1282,1506,1294,1548,1291,1590,1296,1627,1313,1646,1348,1472,1331,1472,1362,1472,1392,1473,1425,1406,1469,1433,1475,1461,1483,1487,1483,1512,1482,1311,1328,1341,1315,1370,1319,1396,1344,1366,1340,1336,1335,1522,1362,1552,1346,1581,1350,1603,1370,1578,1371,1549,1367,1349,1552,1389,1523,1430,1515,1457,1524,1486,1522,1516,1540,1538,1575,1508,1589,1476,1595,1445,1594,1416,1587,1380,1573,1364,1551,1426,1541,1454,1546,1482,1548,1525,1570,1479,1565,1450,1564,1422,1558
2407,h,1,1,1228,1228,1673,1673,80.23333333333333,1191,1350,1188,1413,1192,1475,1199,1534,1220,1591,1260,1635,1313,1666,1367,1691,1427,1705,1483,1704,1534,1684,1579,1652,1610,1608,1631,1559,1648,1508,1658,1455,1662,1403,1271,1294,1308,1266,1356,1260,1405,1268,1450,1285,1506,1298,1547,1295,1589,1298,1627,1315,1646,1349,1474,1332,1474,1364,1474,1394,1474,1427,1408,1469,1435,1477,1462,1485,1488,1484,1513,1483,1315,1328,1345,1317,1374,1322,1399,1345,1370,1341,1341,1336,1524,1363,1552,1348,1580,1352,1602,1371,1578,1372,1550,1368,1351,1553,1389,1525,1431,1517,1457,1526,1486,1524,1516,1541,1538,1576,1508,1590,1476,1597,1446,1596,1417,1590,1381,1575,1365,1552,1427,1543,1454,1548,1483,1550,1525,1571,1480,1568,1451,1567,1423,1561
2408,h,1,1,1228,1228,1673,1673,80.26666666666667,1191,1355,1190,1417,1194,1479,1202,1539,1223,1595,1263,1640,1315,1669,1369,1693,1429,1706,1486,1705,1537,1686,1582,1654,1613,1610,1634,1561,1650,1510,1659,1457,1663,1404,1268,1297,1306,1267,1354,1261,1403,1269,1449,1285,1507,1297,1548,1295,1590,1300,1626,1316,1645,1350,1473,1333,1474,1365,1475,1395,1476,1428,1408,1471,1436,1478,1463,1486,1489,1485,1514,1485,1314,1330,1343,1318,1373,1322,1398,1346,1369,1343,1339,1338,1523,1365,1552,1349,1581,1354,1603,1373,1578,1374,1550,1370,1349,1554,1389,1525,1430,1517,1457,1527,1485,1525,1516,1544,1540,1579,1508,1593,1475,1599,1445,1597,1417,1591,1381,1576,1364,1553,1426,1544,1454,1549,1482,1551,1526,1574,1479,1570,1450,1567,1422,1562
2409,h,1,1,1228,1228,1673,1673,80.3,1191,1355,1190,1417,1194,1479,1202,1539,1223,1595,1263,1640,1315,1669,1369,1693,1429,1706,1486,1705,1537,1686,1582,1654,1613,1610,1634,1561,1650,1510,1659,1457,1663,1404,1268,1297,1306,1267,1354,1261,1403,1269,1449,1285,1507,1297,1548,1295,1590,1300,1626,1316,1645,1350,1473,1333,1474,1365,1475,1395,1476,1428,1408,1471,1436,1478,1463,1486,1489,1485,1514,1485,1314,1330,1343,1318,1373,1322,1398,1346,1369,1343,1339,1338,1523,1365,1552,1349,1581,1354,1603,1373,1578,1374,1550,1370,1349,1554,1389,1525,1430,1517,1457,1527,1485,1525,1516,1544,1540,1579,1508,1593,1475,1599,1445,1597,1417,1591,1381,1576,1364,1553,1426,1544,1454,1549,1482,1551,1526,1574,1479,1570,1450,1567,1422,1562
2410,h,1,1,1228,1228,1673,1673,80.33333333333333,1187,1354,1186,1417,1188,1480,1195,1540,1216,1597,1257,1640,1311,1670,1366,1694,1426,1708,1483,1707,1534,1688,1579,1656,1609,1612,1629,1563,1646,1513,1656,1461,1660,1410,1268,1297,1305,1268,1354,1261,1403,1269,1449,1285,1509,1299,1551,1296,1593,1301,1630,1318,1649,1352,1473,1333,1473,1365,1474,1394,1474,1428,1407,1471,1435,1478,1462,1486,1488,1485,1512,1485,1312,1331,1342,1317,1373,1321,1399,1346,1369,1343,1338,1338,1523,1366,1553,1349,1583,1353,1605,1375,1580,1375,1551,1371,1350,1553,1390,1526,1431,1517,1457,1526,1485,1525,1515,1542,1537,1577,1507,1592,1475,1598,1446,1597,1417,1591,1380,1577,1364,1553,1427,1543,1454,1548,1481,1550,1524,1572,1479,1569,1451,1567,1423,1563
2411,h,1,1,1228,1228,1673,1673,80.36666666666666,1190,1352,1189,1415,1192,1477,1198,1537,1218,1594,1256,1638,1310,1668,1364,1694,1424,1708,1480,1708,1532,1688,1577,1658,1608,1614,1629,1566,1646,1516,1657,1465,1662,1413,1268,1300,1304,1269,1353,1262,1403,1270,1449,1286,1511,1299,1553,1298,1596,1304,1632,1322,1651,1358,1474,1334,1474,1365,1474,1395,1474,1428,1407,1471,1434,1478,1462,1486,1488,1486,1513,1485,1313,1331,1343,1317,1374,1321,1399,1347,1369,1343,1338,1338,1525,1367,1556,1349,1584,1354,1606,1376,1581,1376,1553,1372,1350,1555,1390,1527,1431,1519,1458,1528,1486,1526,1515,1544,1536,1579,1507,1592,1476,1599,1446,1598,1417,1592,1381,1578,1364,1554,1427,1544,1454,1549,1482,1551,1523,1574,1479,1570,1451,1568,1423,1564
2412,h,1,1,1228,1228,1673,1673,80.4,1191,1353,1188,1415,1191,1478,1196,1539,1217,1596,1256,1641,1310,1671,1364,1696,1425,1711,1483,1710,1533,1690,1577,1659,1607,1614,1629,1565,1646,1514,1657,1461,1662,1408,1270,1298,1308,1269,1357,1262,1406,1271,1452,1288,1511,1302,1553,1299,1595,1304,1632,1321,1650,1356,1476,1335,1476,1366,1476,1396,1476,1430,1407,1472,1435,1480,1464,1488,1490,1488,1515,1487,1315,1331,1345,1317,1376,1322,1402,1348,1372,1344,1341,1339,1526,1368,1556,1350,1585,1355,1607,1377,1583,1377,1554,1373,1350,1554,1391,1527,1433,1519,1459,1528,1487,1527,1516,1544,1537,1579,1508,1594,1477,1601,1447,1599,1419,1593,1382,1578,1365,1554,1429,1545,1456,1550,1483,1552,1524,1574,1480,1571,1452,1569,1424,1564
2413,h,1,1,1228,1228,1673,1673,80.43333333333334,1191,1353,1188,1415,1191,1478,1196,1539,1217,1596,1256,1641,1310,1671,1364,1696,1425,1711,1483,1710,1533,1690,1577,1659,1607,1614,1629,1565,1646,1514,1657,1461,1662,1408,1270,1298,1308,1269,1357,1262,1406,1271,1452,1288,1511,1302,1553,1299,1595,1304,1632,1321,1650,1356,1476,1335,1476,1366,1476,1396,1476,1430,1407,1472,1435,1480,1464,1488,1490,1488,1515,1487,1315,1331,1345,1317,1376,1322,1402,1348,1372,1344,1341,1339,1526,1368,1556,1350,1585,1355,1607,1377,1583,1377,1554,1373,1350,1554,1391,1527,1433,1519,1459,1528,1487,1527,1516,1544,1537,1579,1508,1594,1477,1601,1447,1599,1419,1593,1382,1578,1365,1554,1429,1545,1456,1550,1483,1552,1524,1574,1480,1571,1452,1569,1424,1564
2414,h,1,1,1228,1228,1673,1673,80.46666666666667,1194,1352,1190,1415,1192,1478,1198,1538,1219,1595,1258,1640,1311,1672,1366,1696,1426,1710,1483,1709,1534,1690,1578,1658,1609,1613,1631,1564,1648,1514,1658,1461,1662,1409,1273,1297,1310,1268,1359,1262,1408,1270,1453,1287,1513,1300,1555,1298,1596,1303,1632,1320,1650,1354,1478,1336,1478,1367,1478,1398,1479,1431,1409,1473,1437,1480,1465,1489,1492,1488,1517,1488,1318,1330,1348,1318,1378,1323,1403,1349,1374,1345,1344,1339,1527,1368,1557,1351,1585,1355,1607,1375,1583,1376,1554,1373,1352,1557,1392,1528,1433,1520,1460,1530,1488,1528,1519,1546,1540,1582,1511,1596,1478,1602,1448,1601,1419,1595,1383,1580,1367,1556,1429,1547,1457,1553,1485,1555,1528,1577,1482,1573,1453,1571,1426,1566
2415,h,1,1,1228,1228,1673,1673,80.5,1195,1353,1191,1417,1193,1481,1199,1542,1221,1599,1260,1643,1313,1672,1368,1696,1428,1710,1485,1709,1536,1690,1580,1659,1611,1615,1632,1567,1649,1517,1659,1465,1664,1414,1277,1296,1315,1268,1363,1263,1412,1272,1457,1290,1517,1303,1558,1301,1599,1305,1635,1321,1653,1354,1482,1338,1481,1369,1481,1399,1481,1432,1413,1473,1440,1481,1467,1490,1493,1489,1517,1489,1321,1331,1351,1318,1382,1323,1406,1350,1377,1347,1346,1341,1530,1370,1560,1353,1589,1357,1610,1378,1586,1380,1558,1376,1355,1558,1395,1530,1436,1522,1462,1532,1489,1530,1519,1548,1539,1584,1510,1597,1478,1603,1449,1601,1422,1595,1386,1580,1369,1557,1432,1548,1458,1554,1486,1556,1526,1578,1482,1574,1455,1572,1428,1567
2416,h,1,1,1228,1228,1673,1673,80.53333333333333,1195,1353,1191,1417,1193,1481,1199,1542,1221,1599,1260,1643,1313,1672,1368,1696,1428,1710,1485,1709,1536,1690,1580,1659,1611,1615,1632,1567,1649,1517,1659,1465,1664,1414,1277,1296,1315,1268,1363,1263,1412,1272,1457,1290,1517,1303,1558,1301,1599,1305,1635,1321,1653,1354,1482,1338,1481,1369,1481,1399,1481,1432,1413,1473,1440,1481,1467,1490,1493,1489,1517,1489,1321,1331,1351,1318,1382,1323,1406,1350,1377,1347,1346,1341,1530,1370,1560,1353,1589,1357,1610,1378,1586,1380,1558,1376,1355,1558,1395,1530,1436,1522,1462,1532,1489,1530,1519,1548,1539,1584,1510,1597,1478,1603,1449,1601,1422,1595,1386,1580,1369,1557,1432,1548,1458,1554,1486,1556,1526,1578,1482,1574,1455,1572,1428,1567
2417,h,1,1,1228,1228,1673,1673,80.56666666666666,1192,1361,1189,1425,1190,1489,1198,1549,1220,1605,1261,1648,1314,1676,1369,1701,1429,1716,1487,1716,1538,1698,1582,1667,1613,1624,1635,1575,1652,1524,1663,1471,1667,1419,1278,1297,1316,1269,1364,1264,1413,1272,1457,1289,1520,1304,1561,1302,1601,1307,1637,1323,1654,1356,1484,1340,1484,1371,1484,1401,1484,1433,1415,1476,1442,1484,1470,1492,1496,1492,1520,1491,1324,1332,1353,1319,1384,1324,1408,1351,1379,1347,1348,1340,1533,1371,1563,1354,1591,1358,1612,1380,1589,1380,1560,1376,1356,1560,1396,1532,1438,1524,1464,1534,1492,1532,1523,1551,1544,1588,1515,1601,1482,1606,1453,1604,1425,1598,1387,1583,1370,1560,1434,1551,1461,1556,1489,1559,1531,1582,1486,1577,1458,1574,1430,1569
2418,h,1,1,1228,1228,1673,1673,80.6,1197,1357,1193,1421,1194,1484,1199,1546,1220,1603,1260,1648,1314,1677,1369,1702,1429,1716,1485,1716,1536,1696,1581,1665,1612,1623,1634,1574,1651,1524,1664,1473,1672,1421,1277,1302,1316,1272,1365,1266,1415,1275,1461,1293,1523,1308,1566,1306,1609,1311,1647,1329,1664,1366,1486,1342,1485,1373,1484,1403,1483,1436,1416,1478,1443,1485,1470,1494,1497,1494,1521,1493,1325,1334,1355,1320,1387,1325,1411,1353,1381,1349,1350,1343,1536,1374,1565,1356,1595,1361,1616,1384,1592,1385,1563,1380,1357,1561,1397,1534,1439,1526,1466,1535,1495,1534,1525,1552,1544,1588,1516,1602,1483,1608,1453,1606,1424,1600,1388,1585,1371,1561,1435,1553,1462,1558,1490,1560,1531,1583,1487,1579,1458,1576,1431,1572
2419,h,1,1,1228,1228,1673,1673,80.63333333333334,1200,1356,1197,1419,1198,1483,1203,1544,1222,1602,1262,1648,1316,1678,1371,1703,1432,1717,1489,1716,1539,1696,1584,1666,1615,1624,1637,1576,1655,1526,1666,1474,1672,1422,1280,1303,1319,1273,1368,1268,1418,1278,1464,1295,1524,1309,1566,1308,1608,1314,1644,1331,1662,1366,1489,1345,1488,1375,1488,1406,1488,1439,1418,1480,1446,1488,1473,1497,1500,1496,1524,1496,1327,1335,1358,1321,1389,1327,1413,1355,1384,1351,1352,1345,1538,1377,1568,1358,1597,1363,1618,1386,1594,1387,1565,1382,1358,1564,1399,1536,1441,1528,1468,1537,1497,1537,1526,1555,1545,1590,1516,1605,1484,1611,1454,1609,1425,1603,1388,1588,1373,1563,1436,1554,1464,1560,1492,1562,1532,1585,1489,1582,1460,1580,1432,1575
2420,h,1,1,1228,1228,1673,1673,80.66666666666667,1200,1356,1197,1419,1198,1483,1203,1544,1222,1602,1262,1648,1316,1678,1371,1703,1432,1717,1489,1716,1539,1696,1584,1666,1615,1624,1637,1576,1655,1526,1666,1474,1672,1422,1280,1303,1319,1273,1368,1268,1418,1278,1464,1295,1524,1309,1566,1308,1608,1314,1644,1331,1662,1366,1489,1345,1488,1375,1488,1406,1488,1439,1418,1480,1446,1488,1473,1497,1500,1496,1524,1496,1327,1335,1358,1321,1389,1327,1413,1355,1384,1351,1352,1345,1538,1377,1568,1358,1597,1363,1618,1386,1594,1387,1565,1382,1358,1564,1399,1536,1441,1528,1468,1537,1497,1537,1526,1555,1545,1590,1516,1605,1484,1611,1454,1609,1425,1603,1388,1588,1373,1563,1436,1554,1464,1560,1492,1562,1532,1585,1489,1582,1460,1580,1432,1575
2421,h,1,1,1228,1228,1673,1673,80.7,1203,1355,1199,1419,1199,1483,1205,1545,1226,1602,1266,1647,1319,1678,1373,1704,1433,1719,1490,1719,1541,1698,1586,1667,1618,1623,1640,1574,1658,1523,1669,1471,1674,1418,1285,1300,1325,1273,1373,1269,1422,1279,1466,1297,1527,1311,1568,1309,1609,1313,1645,1329,1663,1362,1490,1345,1490,1377,1490,1407,1490,1441,1421,1482,1448,1490,1475,1499,1501,1499,1525,1498,1331,1335,1362,1323,1392,1329,1415,1356,1387,1351,1356,1344,1540,1376,1569,1359,1598,1364,1618,1385,1595,1386,1567,1382,1360,1564,1400,1537,1442,1530,1469,1540,1498,1539,1528,1558,1549,1593,1519,1608,1486,1615,1456,1613,1427,1606,1390,1589,1375,1564,1438,1557,1465,1563,1494,1565,1536,1588,1491,1584,1462,1582,1434,1576
2422,h,1,1,1228,1228,1673,1673,80.73333333333333,1201,1356,1196,1421,1196,1487,1201,1550,1223,1608,1264,1652,1318,1682,1372,1708,1432,1723,1488,1723,1539,1702,1584,1671,1617,1628,1640,1579,1658,1528,1670,1475,1675,1423,1287,1301,1327,1274,1375,1270,1424,1280,1467,1300,1530,1314,1570,1312,1610,1316,1645,1332,1663,1365,1493,1347,1492,1379,1492,1409,1491,1442,1422,1483,1449,1491,1477,1500,1503,1500,1527,1499,1333,1336,1364,1324,1394,1329,1417,1357,1388,1352,1358,1346,1540,1378,1570,1360,1599,1365,1619,1387,1596,1388,1568,1384,1361,1566,1402,1539,1444,1531,1470,1541,1499,1540,1529,1559,1549,1595,1519,1609,1487,1615,1457,1613,1429,1606,1392,1590,1375,1566,1440,1558,1467,1564,1495,1566,1536,1590,1491,1585,1462,1582,1435,1577
2423,h,1,1,1228,1228,1673,1673,80.76666666666667,1207,1356,1202,1420,1203,1485,1209,1549,1229,1607,1269,1652,1323,1682,1377,1708,1436,1723,1493,1723,1544,1703,1589,1672,1620,1628,1642,1579,1659,1528,1670,1475,1676,1422,1289,1302,1328,1275,1377,1272,1426,1281,1470,1298,1529,1313,1571,1312,1611,1316,1647,1331,1665,1365,1493,1349,1492,1380,1492,1410,1491,1442,1423,1484,1450,1492,1477,1501,1503,1501,1528,1501,1333,1338,1364,1325,1395,1331,1418,1359,1389,1355,1358,1348,1542,1380,1573,1362,1602,1366,1622,1389,1599,1390,1570,1386,1362,1567,1403,1540,1445,1532,1471,1542,1500,1541,1531,1559,1550,1595,1521,1610,1489,1617,1458,1615,1429,1608,1393,1592,1377,1567,1440,1560,1468,1565,1496,1568,1537,1590,1493,1586,1463,1584,1436,1578
2424,h,1,1,1228,1228,1673,1673,80.8,1207,1356,1202,1420,1203,1485,1209,1549,1229,1607,1269,1652,1323,1682,1377,1708,1436,1723,1493,1723,1544,1703,1589,1672,1620,1628,1642,1579,1659,1528,1670,1475,1676,1422,1289,1302,1328,1275,1377,1272,1426,1281,1470,1298,1529,1313,1571,1312,1611,1316,1647,1331,1665,1365,1493,1349,1492,1380,1492,1410,1491,1442,1423,1484,1450,1492,1477,1501,1503,1501,1528,1501,1333,1338,1364,1325,1395,1331,1418,1359,1389,1355,1358,1348,1542,1380,1573,1362,1602,1366,1622,1389,1599,1390,1570,1386,1362,1567,1403,1540,1445,1532,1471,1542,1500,1541,1531,1559,1550,1595,1521,1610,1489,1617,1458,1615,1429,1608,1393,1592,1377,1567,1440,1560,1468,1565,1496,1568,1537,1590,1493,1586,1463,1584,1436,1578
2425,h,1,1,1228,1228,1673,1673,80.83333333333333,1205,1358,1201,1422,1202,1487,1208,1550,1229,1607,1270,1652,1325,1681,1381,1706,1440,1721,1496,1720,1547,1698,1592,1668,1624,1625,1645,1577,1662,1527,1673,1474,1678,1422,1292,1300,1332,1275,1380,1271,1429,1282,1473,1300,1532,1315,1573,1312,1613,1316,1649,1332,1667,1364,1496,1349,1495,1381,1495,1412,1495,1445,1425,1485,1453,1494,1481,1503,1507,1503,1531,1502,1335,1338,1366,1325,1397,1331,1420,1360,1391,1355,1360,1348,1543,1381,1574,1362,1603,1367,1623,1389,1601,1390,1572,1386,1365,1568,1406,1541,1448,1534,1474,1544,1504,1543,1534,1561,1554,1597,1524,1612,1492,1618,1461,1616,1432,1609,1396,1592,1380,1568,1443,1561,1471,1567,1500,1570,1541,1592,1496,1587,1467,1585,1439,1579
2426,h,1,1,1228,1228,1673,1673,80.86666666666666,1205,1356,1202,1422,1204,1487,1211,1549,1233,1606,1274,1652,1327,1682,1381,1708,1440,1722,1495,1721,1545,1699,1590,1668,1622,1625,1644,1576,1662,1526,1672,1475,1677,1423,1291,1302,1331,1276,1381,1272,1430,1282,1474,1300,1534,1313,1575,1311,1615,1316,1650,1333,1666,1366,1497,1350,1496,1381,1496,1412,1496,1446,1427,1485,1455,1494,1482,1504,1508,1503,1532,1502,1335,1339,1366,1327,1398,1332,1421,1359,1392,1355,1361,1349,1545,1381,1575,1363,1604,1368,1624,1390,1601,1391,1573,1387,1368,1568,1409,1542,1451,1535,1476,1545,1504,1544,1533,1562,1552,1597,1524,1612,1492,1619,1463,1617,1435,1610,1399,1594,1383,1568,1446,1562,1472,1567,1500,1570,1539,1592,1496,1589,1468,1586,1442,1581
2427,h,1,1,1228,1228,1673,1673,80.9,1205,1359,1202,1423,1204,1487,1211,1549,1235,1606,1276,1651,1329,1682,1384,1709,1443,1725,1499,1723,1548,1702,1592,1670,1622,1625,1644,1576,1662,1526,1672,1474,1677,1422,1291,1304,1331,1277,1381,1272,1431,1282,1477,1300,1533,1314,1575,1312,1616,1317,1652,1334,1669,1368,1499,1350,1498,1381,1498,1412,1498,1445,1428,1486,1456,1495,1484,1504,1510,1504,1534,1503,1337,1339,1368,1327,1399,1332,1422,1360,1394,1356,1363,1350,1546,1382,1576,1363,1605,1368,1625,1391,1603,1392,1574,1388,1369,1568,1410,1541,1451,1534,1477,1545,1506,1543,1535,1563,1554,1598,1526,1613,1494,1618,1464,1616,1436,1610,1400,1593,1384,1568,1447,1562,1473,1568,1501,1570,1541,1593,1498,1588,1469,1585,1443,1580
2428,h,1,1,1228,1228,1673,1673,80.93333333333334,1205,1359,1202,1423,1204,1487,1211,1549,1235,1606,1276,1651,1329,1682,1384,1709,1443,1725,1499,1723,1548,1702,1592,1670,1622,1625,1644,1576,1662,1526,1672,1474,1677,1422,1291,1304,1331,1277,1381,1272,1431,1282,1477,1300,1533,1314,1575,1312,1616,1317,1652,1334,1669,1368,1499,1350,1498,1381,1498,1412,1498,1445,1428,1486,1456,1495,1484,1504,1510,1504,1534,1503,1337,1339,1368,1327,1399,1332,1422,1360,1394,1356,1363,1350,1546,1382,1576,1363,1605,1368,1625,1391,1603,1392,1574,1388,1369,1568,1410,1541,1451,1534,1477,1545,1506,1543,1535,1563,1554,1598,1526,1613,1494,1618,1464,1616,1436,1610,1400,1593,1384,1568,1447,1562,1473,1568,1501,1570,1541,1593,1498,1588,1469,1585,1443,1580
2429,h,1,1,1228,1228,1673,1673,80.96666666666667,1204,1359,1199,1424,1200,1488,1206,1550,1228,1607,1270,1653,1324,1685,1378,1713,1439,1729,1495,1728,1544,1706,1588,1673,1620,1628,1643,1578,1661,1527,1672,1474,1678,1421,1292,1305,1332,1278,1382,1274,1431,1284,1476,1301,1535,1315,1577,1313,1617,1318,1653,1335,1670,1368,1501,1350,1500,1381,1500,1412,1500,1445,1429,1486,1457,1494,1485,1504,1511,1503,1535,1502,1338,1339,1369,1326,1401,1331,1424,1360,1395,1356,1364,1350,1546,1380,1576,1362,1605,1367,1625,1389,1603,1391,1574,1386,1369,1568,1410,1541,1453,1534,1478,1545,1507,1543,1537,1562,1556,1598,1527,1614,1495,1620,1464,1618,1437,1611,1400,1594,1384,1568,1448,1562,1474,1567,1503,1570,1543,1593,1499,1590,1470,1587,1444,1582
2430,h,1,1,1228,1228,1673,1673,81.0,1205,1357,1199,1422,1200,1488,1207,1552,1230,1610,1272,1655,1326,1686,1382,1712,1441,1728,1496,1727,1546,1706,1590,1672,1622,1627,1645,1577,1662,1526,1673,1473,1678,1421,1295,1302,1336,1276,1385,1273,1434,1283,1479,1302,1538,1316,1578,1313,1618,1317,1653,1332,1670,1364,1502,1352,1501,1383,1501,1413,1501,1446,1430,1486,1458,1495,1485,1504,1512,1504,1536,1503,1339,1340,1370,1327,1402,1332,1425,1360,1396,1356,1365,1350,1547,1381,1578,1362,1607,1367,1627,1389,1605,1391,1576,1387,1370,1570,1411,1542,1453,1534,1478,1545,1507,1544,1537,1563,1557,1599,1527,1616,1495,1622,1465,1620,1437,1613,1401,1597,1385,1570,1449,1563,1475,1568,1502,1571,1543,1594,1499,1592,1470,1590,1444,1584
2431,h,1,1,1228,1228,1673,1673,81.03333333333333,1205,1357,1199,1422,1200,1488,1207,1552,1230,1610,1272,1655,1326,1686,1382,1712,1441,1728,1496,1727,1546,1706,1590,1672,1622,1627,1645,1577,1662,1526,1673,1473,1678,1421,1295,1302,1336,1276,1385,1273,1434,1283,1479,1302,1538,1316,1578,1313,1618,1317,1653,1332,1670,1364,1502,1352,1501,1383,1501,1413,1501,1446,1430,1486,1458,1495,1485,1504,1512,1504,1536,1503,1339,1340,1370,1327,1402,1332,1425,1360,1396,1356,1365,1350,1547,1381,1578,1362,1607,1367,1627,1389,1605,1391,1576,1387,1370,1570,1411,1542,1453,1534,1478,1545,1507,1544,1537,1563,1557,1599,1527,1616,1495,1622,1465,1620,1437,1613,1401,1597,1385,1570,1449,1563,1475,1568,1502,1571,1543,1594,1499,1592,1470,1590,1444,1584
2432,h,1,1,1228,1228,1673,1673,81.06666666666666,1199,1365,1194,1430,1196,1496,1204,1559,1227,1618,1270,1663,1324,1694,1379,1721,1438,1737,1493,1735,1541,1712,1585,1677,1617,1632,1642,1582,1662,1531,1674,1479,1680,1428,1293,1302,1334,1276,1384,1272,1434,1282,1479,1302,1540,1316,1581,1314,1620,1318,1655,1333,1672,1366,1503,1351,1502,1382,1502,1412,1502,1445,1432,1485,1459,1494,1486,1503,1511,1503,1535,1502,1339,1338,1371,1324,1402,1329,1425,1359,1396,1354,1365,1348,1549,1380,1579,1360,1608,1365,1628,1389,1606,1390,1577,1386,1370,1571,1411,1543,1456,1534,1481,1545,1509,1544,1538,1564,1553,1602,1527,1623,1495,1632,1465,1629,1437,1623,1399,1604,1384,1572,1451,1561,1477,1566,1505,1569,1540,1598,1500,1600,1471,1598,1445,1593
2433,h,1,1,1228,1228,1673,1673,81.1,1203,1362,1198,1427,1199,1492,1205,1555,1226,1615,1268,1661,1322,1693,1377,1721,1436,1737,1492,1735,1540,1713,1583,1679,1615,1634,1639,1585,1659,1532,1671,1479,1677,1427,1296,1300,1338,1274,1387,1270,1437,1280,1480,1299,1542,1314,1581,1312,1619,1316,1653,1332,1671,1363,1505,1350,1505,1381,1505,1411,1505,1444,1435,1484,1461,1493,1488,1502,1513,1502,1536,1501,1342,1336,1373,1322,1405,1328,1426,1357,1398,1352,1367,1346,1551,1379,1581,1359,1609,1364,1628,1388,1607,1388,1578,1384,1371,1570,1413,1542,1457,1534,1482,1544,1510,1543,1539,1563,1553,1602,1527,1625,1494,1634,1465,1631,1437,1624,1400,1605,1385,1572,1452,1560,1477,1566,1505,1569,1540,1598,1500,1603,1471,1600,1446,1595
2434,h,1,1,1228,1228,1673,1673,81.13333333333334,1204,1362,1199,1427,1199,1493,1205,1556,1227,1616,1269,1662,1323,1696,1379,1723,1438,1738,1495,1736,1543,1712,1586,1677,1617,1632,1641,1582,1661,1530,1673,1478,1678,1426,1297,1300,1339,1274,1388,1271,1438,1281,1481,1301,1545,1315,1583,1313,1621,1316,1654,1330,1670,1361,1507,1351,1506,1381,1506,1411,1507,1444,1436,1484,1463,1492,1489,1502,1515,1502,1538,1501,1342,1336,1374,1322,1406,1328,1427,1357,1399,1353,1368,1346,1552,1379,1582,1359,1611,1364,1630,1387,1609,1389,1580,1385,1373,1571,1414,1542,1458,1534,1483,1544,1512,1543,1541,1563,1555,1603,1529,1625,1497,1634,1467,1632,1439,1624,1402,1605,1387,1572,1453,1561,1479,1567,1507,1570,1543,1599,1502,1602,1473,1600,1447,1594
2435,h,1,1,1228,1228,1673,1673,81.16666666666667,1204,1362,1199,1427,1199,1493,1205,1556,1227,1616,1269,1662,1323,1696,1379,1723,1438,1738,1495,1736,1543,1712,1586,1677,1617,1632,1641,1582,1661,1530,1673,1478,1678,1426,1297,1300,1339,1274,1388,1271,1438,1281,1481,1301,1545,1315,1583,1313,1621,1316,1654,1330,1670,1361,1507,1351,1506,1381,1506,1411,1507,1444,1436,1484,1463,1492,1489,1502,1515,1502,1538,1501,1342,1336,1374,1322,1406,1328,1427,1357,1399,1353,1368,1346,1552,1379,1582,1359,1611,1364,1630,1387,1609,1389,1580,1385,1373,1571,1414,1542,1458,1534,1483,1544,1512,1543,1541,1563,1555,1603,1529,1625,1497,1634,1467,1632,1439,1624,1402,1605,1387,1572,1453,1561,1479,1567,1507,1570,1543,1599,1502,1602,1473,1600,1447,1594
2436,h,1,1,1277,1228,1723,1673,81.2,1216,1351,1211,1415,1213,1479,1219,1542,1239,1601,1277,1649,1328,1684,1382,1714,1443,1730,1501,1729,1551,1705,1594,1671,1624,1626,1647,1578,1667,1529,1681,1476,1687,1423,1300,1299,1340,1274,1388,1270,1437,1281,1482,1299,1546,1315,1588,1313,1630,1318,1667,1333,1687,1368,1505,1349,1504,1380,1503,1410,1502,1443,1435,1485,1461,1492,1488,1501,1514,1501,1539,1500,1343,1337,1374,1324,1406,1329,1430,1356,1399,1353,1368,1347,1556,1380,1584,1362,1614,1366,1636,1390,1611,1391,1581,1386,1374,1573,1413,1543,1458,1533,1485,1544,1512,1542,1541,1561,1558,1603,1531,1622,1498,1632,1469,1630,1440,1623,1402,1603,1389,1574,1453,1562,1480,1567,1507,1570,1545,1598,1504,1600,1476,1597,1448,1591
2437,h,1,1,1277,1228,1723,1673,81.23333333333333,1213,1357,1209,1421,1212,1485,1219,1548,1241,1607,1280,1653,1331,1687,1385,1714,1445,1730,1502,1729,1552,1707,1595,1673,1625,1627,1647,1578,1668,1528,1681,1475,1687,1423,1299,1301,1339,1275,1388,1271,1437,1282,1483,1300,1546,1317,1585,1314,1625,1318,1661,1333,1682,1365,1506,1350,1505,1381,1505,1410,1505,1443,1438,1485,1464,1492,1491,1501,1516,1501,1541,1501,1343,1338,1374,1323,1406,1328,1430,1358,1400,1354,1368,1347,1556,1380,1584,1361,1615,1365,1636,1389,1612,1390,1582,1386,1377,1572,1417,1543,1460,1534,1487,1544,1513,1542,1542,1562,1559,1602,1531,1622,1499,1631,1471,1629,1442,1622,1406,1603,1392,1573,1455,1561,1483,1566,1508,1569,1546,1597,1504,1600,1478,1598,1450,1592
2438,h,1,1,1277,1228,1723,1673,81.26666666666667,1217,1353,1213,1418,1215,1482,1221,1545,1243,1605,1282,1652,1334,1686,1386,1715,1446,1731,1501,1729,1550,1706,1594,1672,1625,1627,1647,1577,1667,1528,1681,1477,1688,1424,1300,1305,1340,1277,1390,1271,1440,1281,1486,1299,1546,1315,1588,1314,1631,1319,1669,1337,1688,1374,1506,1350,1506,1382,1505,1412,1504,1445,1437,1486,1463,1494,1491,1503,1517,1502,1542,1501,1346,1339,1377,1326,1408,1331,1432,1358,1402,1354,1371,1348,1557,1382,1587,1365,1616,1370,1637,1393,1613,1393,1583,1388,1377,1572,1416,1544,1460,1535,1487,1545,1515,1543,1544,1562,1560,1602,1534,1623,1501,1632,1472,1630,1442,1622,1405,1603,1391,1573,1455,1562,1483,1568,1510,1570,1548,1597,1506,1600,1478,1598,1450,1592
2439,h,1,1,1277,1228,1723,1673,81.3,1217,1353,1213,1418,1215,1482,1221,1545,1243,1605,1282,1652,1334,1686,1386,1715,1446,1731,1501,1729,1550,1706,1594,1672,1625,1627,1647,1577,1667,1528,1681,1477,1688,1424,1300,1305,1340,1277,1390,1271,1440,1281,1486,1299,1546,1315,1588,1314,1631,1319,1669,1337,1688,1374,1506,1350,1506,1382,1505,1412,1504,1445,1437,1486,1463,1494,1491,1503,1517,1502,1542,1501,1346,1339,1377,1326,1408,1331,1432,1358,1402,1354,1371,1348,1557,1382,1587,1365,1616,1370,1637,1393,1613,1393,1583,1388,1377,1572,1416,1544,1460,1535,1487,1545,1515,1543,1544,1562,1560,1602,1534,1623,1501,1632,1472,1630,1442,1622,1405,1603,1391,1573,1455,1562,1483,1568,1510,1570,1548,1597,1506,1600,1478,1598,1450,1592
2440,h,1,1,1236,1176,1771,1711,81.33333333333333,1217,1356,1212,1418,1212,1481,1219,1544,1243,1603,1285,1650,1337,1682,1390,1710,1449,1725,1504,1725,1554,1703,1597,1668,1629,1622,1652,1573,1672,1523,1684,1470,1688,1418,1305,1303,1344,1277,1393,1273,1443,1283,1489,1302,1545,1319,1586,1316,1627,1320,1664,1337,1682,1371,1508,1354,1508,1384,1508,1412,1507,1444,1438,1487,1465,1496,1493,1505,1519,1505,1545,1504,1348,1342,1380,1331,1412,1335,1436,1362,1406,1359,1374,1353,1555,1386,1586,1370,1616,1375,1638,1397,1613,1399,1583,1394,1380,1571,1420,1543,1462,1536,1490,1547,1516,1545,1546,1564,1563,1604,1535,1622,1503,1629,1475,1626,1445,1619,1409,1601,1395,1572,1458,1563,1486,1569,1512,1572,1550,1599,1508,1598,1481,1595,1453,1589
2441,h,1,1,1277,1228,1723,1673,81.36666666666666,1221,1350,1217,1414,1219,1476,1225,1538,1246,1597,1284,1644,1332,1679,1385,1709,1447,1726,1505,1727,1555,1704,1598,1670,1629,1623,1651,1572,1669,1522,1681,1470,1686,1417,1302,1304,1342,1278,1393,1274,1443,1285,1489,1304,1547,1321,1589,1317,1632,1322,1671,1339,1689,1376,1509,1354,1509,1385,1508,1415,1508,1447,1439,1488,1466,1496,1494,1506,1520,1506,1545,1504,1347,1341,1379,1331,1411,1335,1435,1361,1404,1358,1373,1352,1558,1386,1589,1371,1619,1377,1640,1398,1615,1399,1586,1394,1382,1568,1422,1543,1463,1537,1490,1548,1517,1547,1545,1564,1564,1599,1536,1615,1505,1622,1476,1619,1447,1612,1411,1594,1397,1568,1458,1564,1486,1570,1513,1574,1551,1594,1510,1591,1482,1588,1454,1581
2442,h,1,1,1277,1228,1723,1673,81.4,1223,1350,1219,1413,1220,1477,1228,1539,1249,1598,1287,1645,1336,1679,1387,1706,1446,1722,1501,1723,1550,1701,1593,1669,1626,1627,1650,1577,1670,1527,1684,1475,1692,1422,1304,1305,1343,1277,1392,1273,1442,1284,1488,1303,1549,1319,1592,1317,1636,1322,1675,1340,1692,1379,1509,1353,1508,1385,1507,1415,1506,1449,1440,1487,1466,1494,1492,1503,1518,1503,1543,1503,1348,1342,1379,1331,1411,1335,1435,1361,1405,1358,1373,1352,1559,1385,1590,1370,1619,1375,1640,1397,1615,1398,1586,1392,1384,1567,1423,1544,1463,1536,1489,1545,1514,1544,1541,1561,1559,1594,1532,1609,1501,1616,1474,1614,1447,1607,1412,1591,1399,1567,1458,1561,1485,1567,1510,1569,1546,1589,1506,1587,1481,1585,1454,1578
2443,h,1,1,1277,1228,1723,1673,81.43333333333334,1223,1350,1219,1413,1220,1477,1228,1539,1249,1598,1287,1645,1336,1679,1387,1706,1446,1722,1501,1723,1550,1701,1593,1669,1626,1627,1650,1577,1670,1527,1684,1475,1692,1422,1304,1305,1343,1277,1392,1273,1442,1284,1488,1303,1549,1319,1592,1317,1636,1322,1675,1340,1692,1379,1509,1353,1508,1385,1507,1415,1506,1449,1440,1487,1466,1494,1492,1503,1518,1503,1543,1503,1348,1342,1379,1331,1411,1335,1435,1361,1405,1358,1373,1352,1559,1385,1590,1370,1619,1375,1640,1397,1615,1398,1586,1392,1384,1567,1423,1544,1463,1536,1489,1545,1514,1544,1541,1561,1559,1594,1532,1609,1501,1616,1474,1614,1447,1607,1412,1591,1399,1567,1458,1561,1485,1567,1510,1569,1546,1589,1506,1587,1481,1585,1454,1578
2444,h,1,1,1277,1228,1723,1673,81.46666666666667,1222,1350,1217,1414,1218,1477,1225,1538,1247,1597,1286,1644,1336,1677,1388,1704,1447,1721,1502,1722,1550,1700,1594,1669,1628,1626,1651,1577,1671,1527,1684,1476,1691,1423,1305,1304,1345,1279,1394,1275,1443,1285,1490,1303,1552,1319,1595,1319,1637,1323,1675,1340,1693,1377,1511,1354,1510,1385,1509,1415,1508,1447,1443,1487,1468,1494,1494,1503,1519,1503,1543,1503,1351,1341,1381,1332,1412,1336,1436,1360,1406,1358,1376,1351,1561,1384,1591,1370,1619,1376,1641,1396,1616,1397,1587,1391,1386,1565,1427,1546,1468,1537,1492,1547,1517,1545,1544,1563,1562,1595,1535,1611,1504,1617,1477,1615,1451,1608,1416,1591,1401,1566,1463,1563,1488,1568,1512,1571,1550,1590,1509,1588,1484,1585,1459,1579
2445,h,1,1,1236,1176,1771,1711,81.5,1216,1357,1210,1419,1210,1480,1218,1542,1243,1599,1285,1644,1337,1678,1390,1706,1448,1724,1502,1725,1549,1702,1592,1669,1626,1625,1650,1575,1669,1525,1682,1473,1687,1422,1301,1306,1342,1279,1392,1275,1442,1286,1489,1303,1548,1320,1590,1319,1633,1323,1671,1340,1688,1377,1509,1353,1508,1384,1508,1415,1508,1448,1441,1488,1467,1496,1494,1506,1520,1506,1544,1506,1347,1343,1378,1332,1410,1336,1436,1361,1404,1358,1373,1352,1558,1385,1588,1370,1617,1375,1639,1396,1614,1397,1585,1391,1385,1566,1425,1547,1467,1539,1492,1549,1517,1548,1544,1565,1564,1598,1534,1613,1504,1620,1478,1618,1450,1611,1415,1593,1402,1567,1462,1565,1488,1571,1512,1573,1550,1593,1509,1589,1484,1586,1458,1580
2446,h,1,1,1236,1176,1771,1711,81.53333333333333,1216,1357,1210,1419,1210,1480,1218,1542,1243,1599,1285,1644,1337,1678,1390,1706,1448,1724,1502,1725,1549,1702,1592,1669,1626,1625,1650,1575,1669,1525,1682,1473,1687,1422,1301,1306,1342,1279,1392,1275,1442,1286,1489,1303,1548,1320,1590,1319,1633,1323,1671,1340,1688,1377,1509,1353,1508,1384,1508,1415,1508,1448,1441,1488,1467,1496,1494,1506,1520,1506,1544,1506,1347,1343,1378,1332,1410,1336,1436,1361,1404,1358,1373,1352,1558,1385,1588,1370,1617,1375,1639,1396,1614,1397,1585,1391,1385,1566,1425,1547,1467,1539,1492,1549,1517,1548,1544,1565,1564,1598,1534,1613,1504,1620,1478,1618,1450,1611,1415,1593,1402,1567,1462,1565,1488,1571,1512,1573,1550,1593,1509,1589,1484,1586,1458,1580
2447,h,1,1,1236,1176,1771,1711,81.56666666666666,1214,1359,1209,1423,1209,1487,1216,1550,1241,1608,1284,1653,1337,1684,1392,1711,1452,1728,1507,1728,1556,1705,1599,1672,1630,1627,1653,1577,1672,1526,1683,1474,1686,1423,1304,1302,1345,1278,1394,1276,1442,1287,1488,1304,1549,1320,1588,1319,1627,1322,1663,1336,1683,1368,1509,1354,1509,1386,1509,1416,1508,1450,1442,1491,1468,1498,1495,1508,1519,1508,1543,1508,1348,1343,1378,1332,1409,1337,1434,1362,1403,1359,1372,1352,1559,1385,1589,1371,1618,1376,1639,1397,1614,1398,1585,1392,1386,1570,1427,1549,1467,1541,1493,1552,1518,1550,1544,1567,1564,1599,1535,1611,1506,1617,1479,1615,1451,1608,1417,1593,1401,1569,1463,1567,1489,1573,1513,1576,1551,1593,1510,1589,1485,1586,1459,1581
2448,h,1,1,1277,1228,1723,1673,81.6,1218,1351,1212,1415,1211,1480,1217,1543,1239,1601,1280,1648,1332,1680,1386,1707,1447,1723,1504,1723,1551,1701,1595,1670,1630,1627,1652,1577,1671,1527,1683,1476,1690,1423,1300,1307,1341,1279,1392,1276,1442,1287,1489,1305,1549,1320,1592,1319,1636,1323,1674,1341,1693,1379,1510,1355,1509,1387,1508,1417,1507,1450,1441,1491,1466,1498,1493,1507,1518,1507,1543,1506,1348,1342,1379,1330,1410,1336,1435,1363,1404,1359,1372,1353,1559,1386,1589,1369,1618,1374,1639,1396,1615,1398,1585,1392,1386,1570,1427,1548,1466,1541,1492,1550,1517,1548,1542,1565,1562,1596,1534,1608,1505,1613,1478,1611,1451,1604,1417,1590,1401,1569,1461,1566,1488,1571,1512,1573,1550,1591,1510,1586,1484,1583,1458,1578
2449,h,1,1,1236,1176,1771,1711,81.63333333333334,1215,1357,1208,1421,1206,1484,1212,1546,1236,1605,1279,1649,1334,1681,1389,1709,1449,1724,1503,1724,1551,1700,1595,1667,1629,1623,1653,1574,1671,1524,1682,1472,1686,1421,1303,1305,1343,1279,1394,1276,1444,1287,1492,1303,1549,1321,1589,1321,1629,1324,1665,1338,1684,1370,1511,1353,1510,1385,1510,1416,1509,1450,1442,1491,1467,1499,1494,1509,1520,1509,1545,1508,1350,1342,1381,1331,1412,1336,1437,1362,1406,1358,1375,1352,1558,1386,1589,1370,1618,1375,1639,1396,1614,1398,1585,1392,1385,1567,1426,1549,1467,1542,1494,1553,1519,1552,1545,1568,1566,1598,1535,1609,1505,1615,1479,1613,1450,1605,1416,1590,1400,1567,1463,1566,1490,1573,1514,1576,1553,1593,1510,1587,1485,1585,1458,1578
2450,h,1,1,1236,1176,1771,1711,81.66666666666667,1215,1357,1208,1421,1206,1484,1212,1546,1236,1605,1279,1649,1334,1681,1389,1709,1449,1724,1503,1724,1551,1700,1595,1667,1629,1623,1653,1574,1671,1524,1682,1472,1686,1421,1303,1305,1343,1279,1394,1276,1444,1287,1492,1303,1549,1321,1589,1321,1629,1324,1665,1338,1684,1370,1511,1353,1510,1385,1510,1416,1509,1450,1442,1491,1467,1499,1494,1509,1520,1509,1545,1508,1350,1342,1381,1331,1412,1336,1437,1362,1406,1358,1375,1352,1558,1386,1589,1370,1618,1375,1639,1396,1614,1398,1585,1392,1385,1567,1426,1549,1467,1542,1494,1553,1519,1552,1545,1568,1566,1598,1535,1609,1505,1615,1479,1613,1450,1605,1416,1590,1400,1567,1463,1566,1490,1573,1514,1576,1553,1593,1510,1587,1485,1585,1458,1578
2451,h,1,1,1236,1176,1771,1711,81.7,1213,1358,1206,1422,1205,1487,1212,1550,1237,1608,1281,1652,1335,1684,1390,1712,1449,1729,1504,1729,1553,1705,1596,1670,1628,1624,1652,1573,1670,1522,1682,1470,1686,1418,1301,1303,1342,1279,1392,1276,1442,1286,1489,1304,1547,1320,1586,1319,1626,1321,1663,1334,1682,1366,1509,1353,1508,1385,1508,1416,1508,1449,1441,1491,1467,1499,1494,1509,1519,1509,1544,1508,1347,1342,1377,1331,1409,1336,1435,1362,1403,1359,1372,1352,1556,1385,1587,1368,1616,1373,1638,1395,1613,1397,1583,1392,1383,1568,1425,1549,1466,1542,1492,1553,1517,1551,1545,1568,1566,1600,1536,1611,1505,1615,1478,1613,1450,1605,1416,1589,1399,1568,1461,1567,1489,1574,1513,1577,1553,1594,1510,1586,1485,1583,1457,1576
2452,h,1,1,1236,1176,1771,1711,81.73333333333333,1212,1358,1206,1421,1205,1484,1213,1546,1237,1603,1279,1647,1333,1679,1387,1708,1445,1726,1499,1725,1547,1701,1590,1668,1625,1624,1649,1575,1668,1525,1680,1474,1685,1422,1300,1305,1341,1279,1390,1276,1440,1286,1486,1305,1549,1322,1588,1320,1629,1323,1667,1338,1686,1373,1508,1353,1507,1385,1507,1416,1506,1450,1440,1491,1466,1499,1492,1509,1518,1508,1542,1507,1344,1343,1374,1330,1406,1335,1432,1362,1401,1360,1369,1353,1557,1386,1587,1368,1617,1373,1639,1396,1614,1398,1584,1392,1383,1569,1423,1550,1464,1543,1490,1554,1515,1552,1543,1568,1563,1598,1534,1611,1503,1617,1476,1614,1448,1607,1413,1590,1398,1569,1459,1567,1486,1574,1511,1576,1550,1593,1508,1587,1483,1585,1455,1578
2453,h,1,1,1236,1176,1771,1711,81.76666666666667,1207,1359,1201,1425,1200,1489,1208,1554,1234,1612,1277,1658,1332,1691,1387,1721,1447,1738,1502,1737,1549,1709,1591,1673,1625,1627,1650,1577,1671,1526,1682,1474,1685,1422,1300,1303,1341,1280,1390,1277,1440,1288,1486,1305,1549,1321,1588,1320,1626,1323,1661,1336,1681,1366,1509,1355,1508,1387,1508,1417,1508,1451,1440,1492,1467,1502,1494,1512,1519,1511,1543,1508,1345,1342,1376,1330,1408,1335,1433,1362,1402,1359,1370,1352,1557,1385,1587,1368,1617,1373,1638,1396,1614,1397,1584,1392,1382,1574,1422,1552,1465,1545,1491,1555,1515,1553,1542,1570,1560,1604,1531,1620,1502,1628,1476,1626,1449,1620,1413,1602,1397,1574,1461,1571,1487,1577,1510,1579,1545,1599,1507,1598,1482,1596,1456,1590
2454,h,1,1,1236,1176,1771,1711,81.8,1207,1359,1201,1425,1200,1489,1208,1554,1234,1612,1277,1658,1332,1691,1387,1721,1447,1738,1502,1737,1549,1709,1591,1673,1625,1627,1650,1577,1671,1526,1682,1474,1685,1422,1300,1303,1341,1280,1390,1277,1440,1288,1486,1305,1549,1321,1588,1320,1626,1323,1661,1336,1681,1366,1509,1355,1508,1387,1508,1417,1508,1451,1440,1492,1467,1502,1494,1512,1519,1511,1543,1508,1345,1342,1376,1330,1408,1335,1433,1362,1402,1359,1370,1352,1557,1385,1587,1368,1617,1373,1638,1396,1614,1397,1584,1392,1382,1574,1422,1552,1465,1545,1491,1555,1515,1553,1542,1570,1560,1604,1531,1620,1502,1628,1476,1626,1449,1620,1413,1602,1397,1574,1461,1571,1487,1577,1510,1579,1545,1599,1507,1598,1482,1596,1456,1590
2455,h,1,1,1236,1176,1771,1711,81.83333333333333,1208,1362,1202,1428,1202,1494,1212,1558,1237,1617,1280,1664,1333,1699,1385,1729,1444,1747,1500,1745,1548,1719,1591,1682,1624,1634,1650,1582,1671,1529,1684,1474,1689,1419,1299,1306,1339,1281,1387,1277,1436,1286,1483,1303,1546,1318,1585,1318,1625,1322,1661,1337,1680,1368,1506,1356,1505,1388,1504,1419,1503,1452,1437,1494,1463,1502,1490,1512,1515,1512,1540,1511,1341,1344,1372,1331,1405,1335,1430,1365,1398,1361,1366,1354,1555,1388,1585,1369,1616,1372,1637,1396,1613,1398,1583,1394,1377,1579,1415,1554,1458,1546,1486,1557,1512,1556,1542,1574,1561,1613,1532,1634,1499,1644,1471,1641,1441,1634,1404,1612,1393,1580,1454,1572,1482,1579,1508,1582,1547,1608,1504,1612,1477,1609,1449,1603
2456,h,1,1,1236,1176,1771,1711,81.86666666666666,1203,1366,1197,1433,1198,1498,1208,1562,1234,1622,1277,1669,1329,1704,1382,1734,1442,1752,1498,1751,1546,1724,1590,1687,1625,1640,1650,1587,1671,1533,1683,1478,1685,1425,1301,1303,1341,1280,1388,1277,1436,1288,1482,1306,1547,1321,1584,1321,1622,1323,1657,1336,1676,1367,1505,1357,1504,1389,1504,1420,1503,1454,1436,1495,1462,1503,1490,1513,1515,1513,1540,1511,1341,1344,1372,1331,1404,1335,1429,1363,1397,1359,1366,1353,1556,1387,1585,1369,1615,1373,1636,1397,1612,1399,1582,1394,1376,1583,1412,1554,1456,1547,1485,1557,1513,1556,1542,1574,1557,1614,1532,1636,1500,1646,1470,1644,1439,1636,1402,1616,1391,1583,1452,1572,1481,1578,1508,1582,1544,1609,1505,1615,1477,1612,1447,1606
2457,h,1,1,1236,1176,1771,1711,81.9,1207,1364,1202,1430,1203,1495,1214,1559,1238,1618,1280,1664,1331,1698,1383,1729,1442,1746,1496,1746,1545,1719,1589,1683,1623,1635,1647,1584,1667,1531,1679,1476,1683,1422,1295,1308,1335,1282,1385,1278,1436,1288,1484,1305,1543,1322,1582,1321,1622,1324,1660,1337,1680,1369,1505,1357,1505,1390,1504,1421,1503,1456,1436,1496,1462,1504,1489,1515,1515,1514,1541,1513,1339,1345,1371,1331,1405,1336,1430,1366,1398,1363,1365,1355,1555,1389,1584,1369,1615,1373,1637,1398,1613,1400,1582,1395,1376,1584,1413,1556,1457,1549,1485,1559,1511,1557,1540,1575,1556,1614,1529,1635,1498,1644,1470,1642,1440,1635,1403,1616,1391,1584,1453,1574,1481,1581,1507,1584,1542,1609,1503,1613,1476,1611,1448,1605
2458,h,1,1,1236,1176,1771,1711,81.93333333333334,1207,1364,1202,1430,1203,1495,1214,1559,1238,1618,1280,1664,1331,1698,1383,1729,1442,1746,1496,1746,1545,1719,1589,1683,1623,1635,1647,1584,1667,1531,1679,1476,1683,1422,1295,1308,1335,1282,1385,1278,1436,1288,1484,1305,1543,1322,1582,1321,1622,1324,1660,1337,1680,1369,1505,1357,1505,1390,1504,1421,1503,1456,1436,1496,1462,1504,1489,1515,1515,1514,1541,1513,1339,1345,1371,1331,1405,1336,1430,1366,1398,1363,1365,1355,1555,1389,1584,1369,1615,1373,1637,1398,1613,1400,1582,1395,1376,1584,1413,1556,1457,1549,1485,1559,1511,1557,1540,1575,1556,1614,1529,1635,1498,1644,1470,1642,1440,1635,1403,1616,1391,1584,1453,1574,1481,1581,1507,1584,1542,1609,1503,1613,1476,1611,1448,1605
2459,h,1,1,1176,1176,1711,1711,81.96666666666667,1206,1352,1200,1420,1199,1489,1207,1554,1232,1615,1274,1664,1326,1700,1379,1730,1439,1747,1496,1745,1545,1718,1591,1681,1625,1635,1650,1584,1670,1530,1681,1475,1688,1421,1298,1307,1339,1282,1387,1280,1437,1290,1481,1307,1543,1321,1584,1320,1623,1323,1658,1337,1676,1368,1505,1358,1503,1390,1502,1421,1502,1455,1432,1496,1460,1504,1487,1514,1513,1514,1538,1513,1342,1344,1372,1333,1404,1339,1426,1365,1398,1361,1367,1355,1554,1387,1583,1369,1612,1374,1632,1395,1610,1397,1581,1393,1375,1582,1413,1554,1456,1548,1481,1558,1511,1556,1542,1575,1558,1612,1531,1631,1498,1640,1467,1638,1439,1631,1402,1613,1389,1582,1452,1574,1477,1580,1507,1583,1545,1607,1503,1609,1472,1606,1446,1601
2460,h,1,1,1176,1176,1711,1711,82.0,1207,1354,1199,1422,1197,1491,1204,1556,1227,1617,1270,1666,1324,1702,1379,1736,1440,1754,1497,1752,1546,1722,1592,1683,1627,1635,1652,1583,1671,1529,1682,1475,1687,1421,1297,1308,1337,1283,1385,1280,1434,1291,1478,1309,1545,1324,1585,1323,1624,1325,1658,1338,1676,1369,1504,1358,1504,1390,1503,1422,1503,1456,1433,1497,1461,1505,1488,1515,1514,1515,1538,1513,1342,1344,1373,1333,1404,1338,1426,1364,1398,1361,1367,1355,1554,1386,1584,1369,1612,1374,1632,1396,1610,1398,1581,1393,1373,1581,1414,1555,1457,1549,1482,1559,1512,1558,1541,1575,1558,1610,1531,1629,1498,1637,1467,1635,1439,1628,1403,1611,1388,1581,1452,1576,1478,1582,1507,1585,1545,1606,1503,1606,1474,1603,1447,1597
2461,h,1,1,1176,1176,1711,1711,82.03333333333333,1207,1354,1199,1422,1197,1491,1204,1556,1227,1617,1270,1666,1324,1702,1379,1736,1440,1754,1497,1752,1546,1722,1592,1683,1627,1635,1652,1583,1671,1529,1682,1475,1687,1421,1297,1308,1337,1283,1385,1280,1434,1291,1478,1309,1545,1324,1585,1323,1624,1325,1658,1338,1676,1369,1504,1358,1504,1390,1503,1422,1503,1456,1433,1497,1461,1505,1488,1515,1514,1515,1538,1513,1342,1344,1373,1333,1404,1338,1426,1364,1398,1361,1367,1355,1554,1386,1584,1369,1612,1374,1632,1396,1610,1398,1581,1393,1373,1581,1414,1555,1457,1549,1482,1559,1512,1558,1541,1575,1558,1610,1531,1629,1498,1637,1467,1635,1439,1628,1403,1611,1388,1581,1452,1576,1478,1582,1507,1585,1545,1606,1503,1606,1474,1603,1447,1597
2462,h,1,1,1228,1228,1673,1673,82.06666666666666,1206,1360,1200,1426,1198,1494,1203,1558,1226,1619,1268,1665,1324,1698,1379,1726,1438,1741,1494,1739,1542,1715,1586,1681,1618,1637,1642,1588,1661,1536,1672,1484,1679,1432,1294,1311,1335,1284,1385,1281,1435,1291,1481,1309,1544,1325,1584,1322,1624,1326,1659,1341,1676,1373,1506,1361,1505,1393,1504,1424,1503,1458,1432,1497,1459,1506,1486,1515,1512,1515,1536,1514,1340,1344,1372,1331,1404,1337,1427,1366,1398,1362,1366,1355,1552,1388,1581,1368,1611,1373,1630,1396,1608,1398,1580,1394,1373,1579,1414,1555,1456,1549,1480,1559,1509,1558,1538,1575,1556,1609,1527,1626,1496,1633,1466,1631,1439,1624,1403,1608,1388,1580,1451,1575,1476,1581,1505,1584,1543,1605,1501,1603,1473,1600,1447,1594
2463,h,1,1,1176,1176,1711,1711,82.1,1210,1354,1202,1421,1201,1488,1207,1552,1229,1613,1271,1661,1325,1696,1379,1728,1438,1746,1494,1745,1544,1718,1591,1684,1626,1638,1650,1586,1669,1531,1681,1477,1687,1423,1298,1308,1338,1283,1386,1281,1435,1292,1480,1309,1544,1324,1584,1323,1624,1326,1659,1339,1677,1370,1505,1358,1504,1390,1503,1422,1502,1455,1432,1497,1460,1506,1486,1516,1512,1516,1536,1515,1343,1344,1373,1332,1404,1338,1427,1365,1399,1361,1368,1355,1552,1387,1582,1369,1611,1373,1632,1396,1609,1398,1580,1394,1371,1579,1412,1556,1454,1550,1479,1560,1510,1559,1541,1576,1560,1611,1530,1626,1497,1633,1465,1630,1437,1623,1401,1606,1387,1580,1450,1577,1476,1582,1505,1585,1546,1606,1502,1601,1471,1599,1445,1593
2464,h,1,1,1228,1228,1673,1673,82.13333333333334,1204,1361,1198,1428,1197,1495,1203,1560,1226,1620,1268,1667,1322,1700,1377,1727,1436,1744,1492,1743,1540,1718,1585,1684,1618,1639,1643,1589,1662,1536,1673,1483,1679,1430,1294,1309,1335,1283,1385,1279,1435,1289,1480,1308,1543,1323,1583,1321,1623,1325,1658,1341,1674,1374,1505,1360,1503,1392,1502,1423,1501,1457,1432,1498,1458,1506,1485,1516,1511,1515,1535,1514,1340,1344,1371,1331,1403,1337,1426,1365,1397,1362,1366,1355,1550,1387,1581,1368,1610,1373,1630,1395,1608,1398,1578,1394,1371,1579,1411,1556,1453,1549,1479,1560,1509,1558,1538,1575,1556,1608,1528,1624,1497,1630,1466,1628,1437,1621,1402,1605,1386,1579,1448,1575,1475,1581,1505,1583,1543,1604,1502,1600,1472,1598,1445,1592
2465,h,1,1,1228,1228,1673,1673,82.16666666666667,1204,1361,1198,1428,1197,1495,1203,1560,1226,1620,1268,1667,1322,1700,1377,1727,1436,1744,1492,1743,1540,1718,1585,1684,1618,1639,1643,1589,1662,1536,1673,1483,1679,1430,1294,1309,1335,1283,1385,1279,1435,1289,1480,1308,1543,1323,1583,1321,1623,1325,1658,1341,1674,1374,1505,1360,1503,1392,1502,1423,1501,1457,1432,1498,1458,1506,1485,1516,1511,1515,1535,1514,1340,1344,1371,1331,1403,1337,1426,1365,1397,1362,1366,1355,1550,1387,1581,1368,1610,1373,1630,1395,1608,1398,1578,1394,1371,1579,1411,1556,1453,1549,1479,1560,1509,1558,1538,1575,1556,1608,1528,1624,1497,1630,1466,1628,1437,1621,1402,1605,1386,1579,1448,1575,1475,1581,1505,1583,1543,1604,1502,1600,1472,1598,1445,1592
2466,h,1,1,1176,1176,1711,1711,82.2,1207,1354,1200,1422,1199,1489,1206,1553,1231,1612,1275,1659,1328,1692,1381,1722,1440,1738,1495,1737,1544,1712,1588,1679,1623,1635,1647,1586,1666,1532,1677,1478,1684,1424,1295,1310,1335,1284,1385,1281,1435,1292,1481,1309,1542,1324,1582,1322,1622,1324,1659,1339,1676,1371,1504,1359,1503,1391,1502,1422,1502,1456,1431,1498,1458,1506,1485,1516,1512,1515,1536,1514,1341,1345,1371,1332,1403,1338,1426,1366,1398,1362,1366,1356,1551,1387,1581,1369,1611,1373,1631,1396,1608,1398,1579,1394,1371,1580,1412,1555,1454,1549,1479,1559,1508,1558,1538,1575,1557,1608,1529,1623,1496,1630,1466,1628,1438,1621,1402,1605,1386,1580,1450,1576,1475,1581,1504,1584,1543,1603,1501,1600,1472,1597,1446,1592
2467,h,1,1,1176,1176,1711,1711,82.23333333333333,1211,1355,1205,1422,1206,1488,1213,1552,1237,1612,1278,1660,1330,1696,1383,1726,1441,1743,1497,1741,1546,1715,1591,1682,1625,1637,1649,1586,1669,1533,1680,1480,1686,1426,1296,1310,1335,1284,1385,1281,1435,1292,1481,1308,1541,1326,1581,1323,1623,1327,1659,1342,1677,1373,1504,1359,1503,1391,1503,1423,1502,1457,1431,1498,1459,1507,1486,1516,1513,1516,1538,1514,1341,1345,1371,1332,1403,1338,1427,1366,1398,1362,1366,1356,1552,1389,1581,1369,1612,1373,1633,1396,1610,1399,1580,1394,1372,1581,1412,1555,1454,1549,1479,1560,1509,1558,1541,1574,1559,1609,1531,1624,1498,1632,1466,1629,1438,1623,1402,1606,1387,1580,1450,1577,1476,1582,1505,1585,1546,1604,1502,1601,1472,1598,1445,1593
2468,h,1,1,1176,1176,1711,1711,82.26666666666667,1208,1359,1201,1426,1201,1493,1208,1557,1233,1616,1276,1664,1327,1699,1379,1730,1439,1747,1495,1746,1544,1721,1590,1687,1625,1641,1649,1589,1667,1536,1678,1482,1682,1429,1297,1307,1338,1283,1387,1282,1435,1292,1480,1309,1541,1325,1581,1323,1620,1326,1655,1340,1674,1371,1503,1360,1502,1392,1501,1423,1501,1457,1431,1498,1458,1507,1486,1516,1512,1516,1537,1515,1341,1345,1372,1332,1404,1338,1427,1367,1398,1363,1367,1356,1551,1389,1580,1369,1611,1373,1630,1397,1608,1400,1579,1395,1373,1584,1413,1557,1455,1549,1480,1560,1509,1558,1539,1576,1558,1612,1530,1628,1497,1635,1467,1633,1439,1627,1403,1610,1388,1583,1451,1577,1476,1583,1504,1585,1544,1606,1501,1604,1472,1602,1446,1597
2469,h,1,1,1176,1176,1711,1711,82.3,1208,1359,1201,1426,1201,1493,1208,1557,1233,1616,1276,1664,1327,1699,1379,1730,1439,1747,1495,1746,1544,1721,1590,1687,1625,1641,1649,1589,1667,1536,1678,1482,1682,1429,1297,1307,1338,1283,1387,1282,1435,1292,1480,1309,1541,1325,1581,1323,1620,1326,1655,1340,1674,1371,1503,1360,1502,1392,1501,1423,1501,1457,1431,1498,1458,1507,1486,1516,1512,1516,1537,1515,1341,1345,1372,1332,1404,1338,1427,1367,1398,1363,1367,1356,1551,1389,1580,1369,1611,1373,1630,1397,1608,1400,1579,1395,1373,1584,1413,1557,1455,1549,1480,1560,1509,1558,1539,1576,1558,1612,1530,1628,1497,1635,1467,1633,1439,1627,1403,1610,1388,1583,1451,1577,1476,1583,1504,1585,1544,1606,1501,1604,1472,1602,1446,1597
2470,h,1,1,1176,1176,1711,1711,82.33333333333333,1201,1364,1194,1430,1193,1497,1202,1560,1226,1620,1269,1668,1323,1703,1376,1735,1436,1752,1493,1751,1542,1724,1588,1689,1624,1642,1649,1590,1669,1536,1680,1482,1685,1429,1293,1310,1334,1284,1383,1281,1433,1292,1479,1310,1541,1326,1580,1323,1619,1326,1655,1339,1674,1370,1503,1360,1502,1392,1501,1423,1501,1458,1430,1499,1458,1508,1485,1518,1512,1517,1537,1516,1338,1346,1369,1333,1402,1338,1425,1367,1396,1364,1364,1357,1551,1389,1580,1369,1611,1374,1630,1397,1608,1400,1579,1395,1371,1585,1412,1558,1455,1550,1480,1560,1510,1558,1540,1576,1557,1613,1529,1630,1497,1638,1466,1636,1438,1630,1402,1614,1387,1584,1451,1577,1477,1582,1505,1585,1543,1608,1502,1605,1472,1604,1446,1598
2471,h,1,1,1176,1176,1711,1711,82.36666666666666,1203,1361,1196,1429,1196,1497,1204,1560,1229,1619,1271,1665,1324,1699,1376,1729,1436,1747,1492,1746,1542,1721,1587,1686,1623,1641,1648,1589,1668,1535,1679,1480,1684,1426,1296,1308,1337,1283,1386,1282,1436,1293,1481,1311,1541,1326,1580,1324,1620,1327,1655,1342,1672,1374,1504,1361,1503,1393,1503,1424,1502,1457,1431,1499,1459,1508,1487,1518,1513,1517,1538,1516,1339,1346,1372,1333,1404,1339,1426,1368,1397,1364,1365,1357,1552,1390,1582,1371,1612,1376,1632,1399,1609,1401,1580,1397,1373,1584,1415,1558,1457,1551,1481,1560,1510,1559,1541,1578,1559,1614,1530,1630,1498,1637,1467,1635,1440,1629,1404,1612,1388,1584,1453,1578,1478,1583,1506,1586,1546,1608,1502,1607,1473,1605,1448,1599
2472,h,1,1,1176,1176,1711,1711,82.4,1208,1359,1202,1426,1202,1493,1209,1557,1233,1617,1275,1664,1327,1698,1379,1728,1438,1744,1493,1744,1542,1720,1588,1686,1624,1641,1649,1590,1669,1536,1681,1481,1687,1426,1297,1309,1338,1285,1386,1283,1435,1294,1480,1311,1541,1326,1582,1324,1622,1326,1659,1341,1678,1374,1505,1363,1504,1395,1504,1426,1503,1460,1432,1501,1459,1509,1486,1519,1513,1519,1537,1518,1341,1347,1372,1334,1405,1340,1427,1370,1398,1366,1366,1360,1552,1392,1583,1371,1613,1376,1633,1400,1611,1403,1581,1399,1371,1586,1413,1559,1455,1552,1480,1563,1510,1561,1540,1578,1558,1615,1530,1630,1497,1637,1466,1634,1439,1628,1402,1611,1386,1585,1450,1579,1476,1585,1505,1587,1544,1609,1502,1607,1472,1605,1446,1600
2473,h,1,1,1176,1176,1711,1711,82.43333333333334,1208,1359,1202,1426,1202,1493,1209,1557,1233,1617,1275,1664,1327,1698,1379,1728,1438,1744,1493,1744,1542,1720,1588,1686,1624,1641,1649,1590,1669,1536,1681,1481,1687,1426,1297,1309,1338,1285,1386,1283,1435,1294,1480,1311,1541,1326,1582,1324,1622,1326,1659,1341,1678,1374,1505,1363,1504,1395,1504,1426,1503,1460,1432,1501,1459,1509,1486,1519,1513,1519,1537,1518,1341,1347,1372,1334,1405,1340,1427,1370,1398,1366,1366,1360,1552,1392,1583,1371,1613,1376,1633,1400,1611,1403,1581,1399,1371,1586,1413,1559,1455,1552,1480,1563,1510,1561,1540,1578,1558,1615,1530,1630,1497,1637,1466,1634,1439,1628,1402,1611,1386,1585,1450,1579,1476,1585,1505,1587,1544,1609,1502,1607,1472,1605,1446,1600
2474,h,1,1,1176,1176,1711,1711,82.46666666666667,1213,1358,1207,1425,1207,1493,1214,1557,1238,1617,1281,1665,1332,1699,1384,1731,1442,1748,1496,1746,1545,1721,1590,1686,1624,1640,1649,1588,1668,1533,1679,1478,1684,1424,1299,1311,1339,1285,1387,1283,1436,1295,1479,1313,1542,1328,1581,1326,1620,1329,1655,1343,1672,1374,1504,1363,1503,1396,1502,1427,1502,1461,1431,1501,1459,1510,1487,1520,1514,1519,1539,1518,1341,1348,1372,1334,1404,1341,1426,1370,1398,1365,1366,1359,1553,1392,1582,1372,1612,1376,1632,1399,1610,1402,1581,1398,1375,1586,1415,1560,1456,1553,1481,1563,1510,1561,1540,1580,1557,1615,1530,1630,1498,1637,1467,1636,1439,1629,1404,1611,1390,1585,1451,1579,1477,1584,1506,1587,1543,1609,1503,1608,1473,1606,1446,1600
2475,h,1,1,1176,1176,1711,1711,82.5,1209,1357,1202,1425,1201,1493,1208,1559,1232,1619,1275,1666,1328,1701,1380,1731,1440,1748,1496,1747,1546,1721,1591,1685,1625,1639,1650,1587,1669,1533,1679,1479,1683,1426,1296,1313,1336,1287,1385,1285,1435,1296,1481,1313,1541,1329,1582,1326,1622,1329,1658,1343,1676,1375,1505,1365,1504,1397,1503,1428,1502,1462,1431,1503,1459,1512,1486,1522,1514,1521,1539,1520,1341,1348,1372,1336,1404,1342,1427,1370,1398,1367,1366,1360,1552,1393,1582,1373,1612,1378,1632,1401,1610,1403,1581,1399,1371,1586,1413,1561,1455,1555,1480,1565,1510,1564,1540,1581,1559,1614,1530,1632,1497,1639,1466,1637,1439,1630,1403,1612,1386,1585,1451,1581,1477,1587,1505,1590,1545,1610,1502,1609,1472,1607,1446,1601
2476,h,1,1,1176,1176,1711,1711,82.53333333333333,1209,1357,1202,1425,1201,1493,1208,1559,1232,1619,1275,1666,1328,1701,1380,1731,1440,1748,1496,1747,1546,1721,1591,1685,1625,1639,1650,1587,1669,1533,1679,1479,1683,1426,1296,1313,1336,1287,1385,1285,1435,1296,1481,1313,1541,1329,1582,1326,1622,1329,1658,1343,1676,1375,1505,1365,1504,1397,1503,1428,1502,1462,1431,1503,1459,1512,1486,1522,1514,1521,1539,1520,1341,1348,1372,1336,1404,1342,1427,1370,1398,1367,1366,1360,1552,1393,1582,1373,1612,1378,1632,1401,1610,1403,1581,1399,1371,1586,1413,1561,1455,1555,1480,1565,1510,1564,1540,1581,1559,1614,1530,1632,1497,1639,1466,1637,1439,1630,1403,1612,1386,1585,1451,1581,1477,1587,1505,1590,1545,1610,1502,1609,1472,1607,1446,1601
2477,h,1,1,1176,1176,1711,1711,82.56666666666666,1207,1362,1201,1429,1201,1497,1209,1561,1234,1620,1279,1667,1331,1700,1383,1728,1441,1744,1495,1742,1543,1717,1587,1683,1622,1638,1647,1588,1667,1536,1678,1482,1684,1428,1296,1313,1335,1287,1385,1285,1434,1297,1479,1314,1541,1329,1581,1327,1621,1330,1656,1345,1673,1377,1504,1365,1503,1397,1503,1429,1502,1463,1430,1504,1458,1513,1486,1523,1513,1522,1538,1521,1339,1350,1370,1337,1402,1343,1425,1372,1396,1368,1364,1362,1551,1394,1580,1374,1610,1379,1631,1402,1609,1405,1579,1401,1370,1583,1413,1562,1456,1557,1480,1568,1509,1566,1539,1583,1558,1613,1529,1629,1497,1636,1466,1633,1439,1626,1403,1610,1385,1584,1451,1583,1477,1589,1505,1591,1544,1609,1501,1606,1472,1604,1446,1598
2478,h,1,1,1176,1176,1711,1711,82.6,1201,1365,1194,1432,1193,1500,1200,1564,1225,1622,1269,1667,1324,1698,1378,1724,1437,1739,1492,1740,1544,1720,1589,1688,1622,1644,1648,1593,1668,1539,1679,1485,1684,1431,1292,1315,1333,1289,1382,1287,1433,1298,1479,1315,1539,1330,1581,1329,1621,1333,1656,1348,1673,1380,1502,1364,1502,1397,1501,1428,1501,1462,1429,1505,1457,1514,1485,1523,1511,1523,1536,1523,1336,1351,1368,1338,1400,1344,1424,1372,1394,1369,1362,1362,1550,1394,1580,1376,1611,1380,1631,1403,1609,1405,1579,1401,1366,1581,1414,1564,1456,1560,1480,1570,1507,1568,1537,1584,1560,1611,1526,1620,1495,1623,1466,1621,1439,1614,1403,1601,1381,1581,1451,1582,1476,1588,1503,1590,1547,1607,1500,1596,1471,1593,1447,1588
2479,h,1,1,1176,1176,1711,1711,82.63333333333334,1197,1367,1190,1433,1190,1499,1198,1561,1223,1619,1266,1663,1322,1691,1379,1714,1437,1728,1491,1728,1541,1710,1587,1681,1622,1639,1647,1591,1667,1539,1679,1487,1683,1434,1289,1317,1330,1290,1380,1288,1432,1299,1478,1319,1541,1334,1581,1330,1621,1333,1657,1347,1674,1380,1504,1366,1503,1399,1503,1430,1503,1463,1429,1503,1458,1511,1486,1521,1512,1521,1537,1520,1338,1351,1369,1338,1401,1344,1424,1373,1395,1369,1363,1363,1551,1396,1582,1376,1611,1381,1631,1404,1609,1406,1579,1402,1368,1575,1417,1560,1458,1556,1480,1566,1505,1564,1532,1580,1554,1606,1521,1609,1492,1610,1466,1607,1442,1601,1408,1590,1382,1575,1454,1575,1476,1581,1501,1583,1541,1600,1497,1584,1472,1582,1449,1577
2480,h,1,1,1176,1176,1711,1711,82.66666666666667,1197,1367,1190,1433,1190,1499,1198,1561,1223,1619,1266,1663,1322,1691,1379,1714,1437,1728,1491,1728,1541,1710,1587,1681,1622,1639,1647,1591,1667,1539,1679,1487,1683,1434,1289,1317,1330,1290,1380,1288,1432,1299,1478,1319,1541,1334,1581,1330,1621,1333,1657,1347,1674,1380,1504,1366,1503,1399,1503,1430,1503,1463,1429,1503,1458,1511,1486,1521,1512,1521,1537,1520,1338,1351,1369,1338,1401,1344,1424,1373,1395,1369,1363,1363,1551,1396,1582,1376,1611,1381,1631,1404,1609,1406,1579,1402,1368,1575,1417,1560,1458,1556,1480,1566,1505,1564,1532,1580,1554,1606,1521,1609,1492,1610,1466,1607,1442,1601,1408,1590,1382,1575,1454,1575,1476,1581,1501,1583,1541,1600,1497,1584,1472,1582,1449,1577
2481,h,1,1,1176,1176,1711,1711,82.7,1195,1371,1190,1437,1190,1504,1200,1566,1225,1624,1269,1666,1326,1693,1381,1715,1437,1728,1489,1728,1538,1710,1584,1681,1620,1640,1647,1592,1667,1540,1679,1488,1685,1435,1282,1323,1323,1293,1375,1289,1428,1300,1478,1319,1537,1333,1580,1331,1622,1335,1658,1350,1675,1385,1501,1367,1500,1399,1500,1428,1500,1461,1427,1503,1456,1511,1484,1520,1510,1520,1535,1520,1333,1353,1365,1340,1398,1346,1422,1375,1393,1372,1360,1365,1550,1397,1579,1377,1609,1382,1631,1405,1608,1407,1578,1404,1366,1575,1416,1559,1458,1554,1480,1565,1505,1562,1533,1578,1556,1603,1522,1608,1492,1609,1466,1606,1442,1600,1406,1590,1380,1574,1454,1573,1476,1578,1501,1580,1542,1598,1497,1584,1471,1581,1449,1576
2482,h,1,1,1176,1176,1711,1711,82.73333333333333,1195,1369,1189,1437,1190,1504,1199,1566,1224,1624,1269,1666,1326,1691,1383,1712,1440,1724,1492,1724,1541,1705,1588,1677,1622,1636,1647,1588,1667,1537,1678,1485,1683,1433,1287,1320,1329,1292,1381,1290,1433,1302,1481,1321,1539,1335,1580,1332,1620,1334,1655,1347,1673,1380,1503,1369,1502,1400,1502,1429,1501,1462,1427,1504,1456,1512,1485,1521,1511,1521,1536,1521,1335,1354,1368,1341,1402,1347,1425,1378,1395,1374,1362,1367,1549,1399,1579,1377,1609,1381,1630,1404,1608,1408,1577,1404,1370,1576,1419,1561,1460,1555,1481,1565,1505,1562,1532,1578,1555,1602,1523,1609,1494,1611,1469,1608,1445,1603,1410,1593,1385,1575,1456,1575,1477,1581,1501,1582,1543,1597,1498,1585,1473,1583,1451,1578
2483,h,1,1,1176,1176,1711,1711,82.76666666666667,1195,1376,1189,1442,1189,1509,1198,1572,1224,1629,1270,1671,1328,1697,1385,1718,1442,1729,1495,1727,1542,1708,1587,1680,1622,1639,1646,1591,1666,1541,1678,1491,1683,1440,1280,1323,1323,1295,1377,1291,1430,1302,1479,1321,1536,1336,1579,1333,1620,1337,1657,1352,1676,1386,1502,1370,1501,1401,1501,1431,1501,1464,1426,1505,1456,1513,1484,1523,1510,1522,1535,1522,1331,1355,1364,1342,1398,1348,1421,1378,1391,1373,1358,1366,1549,1400,1579,1379,1609,1384,1630,1407,1608,1409,1577,1406,1365,1582,1416,1563,1459,1556,1480,1567,1504,1564,1534,1582,1556,1609,1523,1614,1492,1616,1466,1613,1443,1607,1406,1597,1380,1581,1454,1579,1476,1585,1501,1587,1542,1603,1497,1588,1472,1586,1450,1581
2484,h,1,1,1176,1176,1711,1711,82.8,1195,1376,1189,1442,1189,1509,1198,1572,1224,1629,1270,1671,1328,1697,1385,1718,1442,1729,1495,1727,1542,1708,1587,1680,1622,1639,1646,1591,1666,1541,1678,1491,1683,1440,1280,1323,1323,1295,1377,1291,1430,1302,1479,1321,1536,1336,1579,1333,1620,1337,1657,1352,1676,1386,1502,1370,1501,1401,1501,1431,1501,1464,1426,1505,1456,1513,1484,1523,1510,1522,1535,1522,1331,1355,1364,1342,1398,1348,1421,1378,1391,1373,1358,1366,1549,1400,1579,1379,1609,1384,1630,1407,1608,1409,1577,1406,1365,1582,1416,1563,1459,1556,1480,1567,1504,1564,1534,1582,1556,1609,1523,1614,1492,1616,1466,1613,1443,1607,1406,1597,1380,1581,1454,1579,1476,1585,1501,1587,1542,1603,1497,1588,1472,1586,1450,1581
2485,h,2,2,1176,1176,1711,1711,82.83333333333333,1196,1374,1189,1440,1189,1507,1198,1570,1222,1628,1266,1671,1323,1698,1379,1720,1437,1732,1492,1731,1541,1711,1586,1682,1619,1640,1644,1592,1664,1541,1675,1490,1679,1439,1286,1319,1329,1292,1381,1290,1433,1302,1480,1322,1538,1338,1579,1334,1619,1337,1655,1350,1674,1381,1504,1372,1503,1403,1503,1432,1503,1464,1426,1506,1455,1515,1484,1525,1512,1523,1537,1521,1333,1355,1365,1341,1399,1348,1423,1378,1392,1374,1359,1367,1549,1400,1579,1379,1609,1384,1629,1407,1608,1410,1578,1407,1367,1582,1419,1565,1460,1559,1480,1569,1504,1566,1531,1581,1551,1606,1521,1613,1492,1616,1467,1614,1445,1608,1409,1598,1383,1581,1456,1581,1477,1586,1500,1588,1538,1601,1497,1590,1473,1587,1451,1583
2486,h,1,1,1176,1176,1711,1711,82.86666666666666,1196,1375,1190,1441,1191,1509,1199,1572,1225,1629,1269,1670,1326,1698,1381,1720,1439,1733,1492,1731,1541,1711,1586,1682,1621,1640,1646,1593,1665,1542,1677,1492,1682,1440,1284,1323,1324,1294,1377,1290,1429,1302,1476,1321,1538,1335,1579,1333,1620,1336,1656,1350,1673,1383,1502,1371,1501,1403,1501,1432,1500,1465,1425,1506,1455,1515,1483,1525,1510,1524,1535,1523,1334,1354,1366,1342,1399,1348,1421,1378,1392,1373,1360,1366,1549,1400,1578,1380,1608,1384,1629,1407,1607,1410,1577,1406,1366,1586,1415,1566,1457,1560,1478,1570,1503,1567,1532,1584,1554,1611,1523,1617,1493,1618,1466,1616,1443,1611,1406,1600,1381,1584,1453,1582,1475,1587,1500,1589,1541,1606,1497,1592,1471,1589,1449,1585
2487,h,1,1,1176,1176,1711,1711,82.9,1192,1373,1186,1438,1187,1505,1196,1568,1220,1627,1265,1670,1323,1697,1379,1721,1437,1734,1491,1733,1540,1712,1586,1681,1620,1639,1645,1592,1665,1541,1677,1491,1682,1438,1284,1322,1325,1294,1377,1291,1429,1302,1476,1321,1538,1336,1580,1333,1621,1337,1658,1352,1675,1385,1501,1371,1501,1403,1501,1433,1501,1467,1425,1506,1455,1516,1484,1526,1511,1525,1536,1523,1332,1355,1364,1342,1397,1348,1420,1377,1391,1373,1358,1367,1548,1399,1578,1379,1608,1384,1629,1407,1607,1410,1577,1406,1365,1586,1413,1566,1457,1560,1478,1571,1504,1568,1532,1585,1552,1613,1522,1618,1491,1621,1464,1619,1440,1613,1403,1602,1379,1585,1452,1583,1475,1589,1500,1591,1539,1607,1497,1593,1470,1591,1447,1586
2488,h,1,1,1176,1176,1711,1711,82.93333333333334,1192,1373,1186,1438,1187,1505,1196,1568,1220,1627,1265,1670,1323,1697,1379,1721,1437,1734,1491,1733,1540,1712,1586,1681,1620,1639,1645,1592,1665,1541,1677,1491,1682,1438,1284,1322,1325,1294,1377,1291,1429,1302,1476,1321,1538,1336,1580,1333,1621,1337,1658,1352,1675,1385,1501,1371,1501,1403,1501,1433,1501,1467,1425,1506,1455,1516,1484,1526,1511,1525,1536,1523,1332,1355,1364,1342,1397,1348,1420,1377,1391,1373,1358,1367,1548,1399,1578,1379,1608,1384,1629,1407,1607,1410,1577,1406,1365,1586,1413,1566,1457,1560,1478,1571,1504,1568,1532,1585,1552,1613,1522,1618,1491,1621,1464,1619,1440,1613,1403,1602,1379,1585,1452,1583,1475,1589,1500,1591,1539,1607,1497,1593,1470,1591,1447,1586
2489,h,1,1,1176,1176,1711,1711,82.96666666666667,1194,1372,1187,1437,1186,1503,1195,1566,1220,1624,1263,1668,1318,1697,1374,1721,1431,1736,1487,1735,1537,1716,1582,1686,1617,1644,1642,1596,1663,1545,1676,1492,1680,1440,1282,1325,1323,1296,1376,1292,1429,1304,1476,1322,1535,1337,1578,1335,1619,1339,1657,1354,1674,1389,1500,1371,1500,1403,1500,1434,1500,1468,1424,1507,1454,1517,1482,1527,1510,1525,1535,1523,1333,1356,1364,1343,1397,1349,1420,1378,1391,1374,1358,1367,1547,1400,1576,1380,1606,1384,1627,1408,1604,1410,1574,1406,1363,1586,1413,1566,1455,1560,1476,1571,1502,1569,1529,1584,1548,1611,1517,1618,1488,1622,1461,1620,1438,1614,1402,1603,1379,1585,1450,1582,1473,1587,1498,1590,1535,1606,1493,1595,1468,1593,1445,1588
2490,h,1,1,1176,1176,1711,1711,83.0,1196,1378,1189,1442,1189,1507,1197,1570,1219,1628,1261,1673,1317,1703,1373,1729,1432,1744,1489,1742,1539,1719,1584,1687,1618,1643,1643,1594,1663,1544,1675,1493,1679,1441,1282,1325,1324,1297,1375,1293,1428,1304,1475,1324,1535,1339,1577,1336,1617,1340,1654,1354,1672,1386,1500,1372,1499,1404,1499,1435,1499,1469,1424,1508,1452,1518,1481,1529,1508,1527,1534,1525,1331,1356,1364,1343,1397,1348,1420,1378,1391,1374,1358,1367,1547,1400,1577,1380,1607,1385,1628,1408,1605,1410,1575,1407,1367,1588,1413,1568,1454,1562,1476,1574,1503,1571,1530,1587,1550,1615,1518,1623,1488,1627,1461,1624,1437,1617,1402,1605,1381,1587,1449,1585,1472,1592,1498,1594,1536,1610,1494,1598,1467,1596,1444,1590
2491,h,1,1,1176,1176,1711,1711,83.03333333333333,1196,1378,1189,1442,1189,1507,1197,1570,1219,1628,1261,1673,1317,1703,1373,1729,1432,1744,1489,1742,1539,1719,1584,1687,1618,1643,1643,1594,1663,1544,1675,1493,1679,1441,1282,1325,1324,1297,1375,1293,1428,1304,1475,1324,1535,1339,1577,1336,1617,1340,1654,1354,1672,1386,1500,1372,1499,1404,1499,1435,1499,1469,1424,1508,1452,1518,1481,1529,1508,1527,1534,1525,1331,1356,1364,1343,1397,1348,1420,1378,1391,1374,1358,1367,1547,1400,1577,1380,1607,1385,1628,1408,1605,1410,1575,1407,1367,1588,1413,1568,1454,1562,1476,1574,1503,1571,1530,1587,1550,1615,1518,1623,1488,1627,1461,1624,1437,1617,1402,1605,1381,1587,1449,1585,1472,1592,1498,1594,1536,1610,1494,1598,1467,1596,1444,1590
2492,h,1,1,1176,1176,1711,1711,83.06666666666666,1193,1379,1186,1443,1187,1510,1197,1573,1223,1632,1267,1677,1324,1708,1380,1732,1439,1747,1492,1744,1540,1719,1584,1686,1619,1643,1645,1594,1665,1544,1677,1492,1683,1441,1288,1321,1329,1297,1378,1295,1427,1306,1471,1324,1537,1339,1577,1336,1616,1340,1651,1355,1670,1385,1498,1374,1498,1406,1498,1437,1498,1471,1427,1511,1454,1521,1481,1531,1508,1530,1533,1527,1332,1357,1364,1344,1397,1349,1420,1378,1391,1374,1359,1368,1548,1399,1577,1380,1606,1385,1626,1409,1604,1411,1575,1407,1374,1593,1417,1571,1456,1566,1477,1576,1502,1574,1529,1590,1547,1620,1518,1626,1489,1630,1464,1627,1441,1621,1408,1609,1389,1592,1452,1589,1474,1595,1498,1597,1534,1614,1494,1603,1470,1600,1448,1595
2493,h,1,1,1176,1176,1711,1711,83.1,1195,1381,1188,1446,1188,1514,1198,1577,1222,1635,1266,1681,1322,1711,1378,1737,1438,1751,1493,1748,1541,1724,1584,1691,1618,1647,1643,1598,1663,1548,1676,1497,1682,1445,1288,1322,1329,1297,1378,1295,1429,1306,1473,1326,1536,1340,1576,1337,1616,1341,1652,1355,1670,1387,1499,1374,1498,1406,1498,1437,1498,1471,1427,1512,1454,1522,1482,1532,1509,1530,1534,1528,1334,1357,1365,1344,1398,1350,1420,1379,1392,1375,1359,1368,1548,1400,1577,1381,1606,1385,1626,1409,1604,1411,1575,1407,1375,1594,1419,1573,1458,1567,1479,1578,1504,1575,1530,1592,1548,1620,1519,1630,1490,1634,1465,1631,1441,1624,1409,1612,1390,1594,1453,1591,1475,1597,1499,1599,1536,1616,1495,1604,1471,1602,1449,1597
2494,h,1,1,1176,1176,1711,1711,83.13333333333334,1196,1384,1189,1448,1189,1514,1199,1577,1223,1636,1267,1683,1322,1714,1379,1739,1438,1753,1493,1750,1541,1724,1585,1690,1620,1646,1645,1598,1665,1547,1677,1496,1682,1445,1288,1321,1329,1297,1379,1295,1429,1307,1474,1326,1537,1342,1577,1338,1616,1341,1651,1355,1671,1385,1499,1374,1498,1407,1498,1438,1498,1471,1426,1514,1454,1523,1482,1532,1509,1531,1534,1529,1332,1359,1364,1344,1398,1350,1420,1380,1391,1376,1358,1370,1548,1402,1577,1381,1607,1386,1627,1410,1605,1413,1575,1409,1373,1597,1418,1575,1459,1568,1479,1579,1504,1575,1531,1592,1549,1622,1520,1632,1491,1636,1465,1634,1442,1628,1408,1616,1388,1596,1454,1593,1475,1598,1499,1600,1536,1617,1496,1607,1471,1605,1449,1600
2495,h,1,1,1176,1176,1711,1711,83.16666666666667,1196,1384,1189,1448,1189,1514,1199,1577,1223,1636,1267,1683,1322,1714,1379,1739,1438,1753,1493,1750,1541,1724,1585,1690,1620,1646,1645,1598,1665,1547,1677,1496,1682,1445,1288,1321,1329,1297,1379,1295,1429,1307,1474,1326,1537,1342,1577,1338,1616,1341,1651,1355,1671,1385,1499,1374,1498,1407,1498,1438,1498,1471,1426,1514,1454,1523,1482,1532,1509,1531,1534,1529,1332,1359,1364,1344,1398,1350,1420,1380,1391,1376,1358,1370,1548,1402,1577,1381,1607,1386,1627,1410,1605,1413,1575,1409,1373,1597,1418,1575,1459,1568,1479,1579,1504,1575,1531,1592,1549,1622,1520,1632,1491,1636,1465,1634,1442,1628,1408,1616,1388,1596,1454,1593,1475,1598,1499,1600,1536,1617,1496,1607,1471,1605,1449,1600
2496,h,1,1,1176,1176,1711,1711,83.2,1196,1377,1189,1444,1189,1512,1199,1577,1224,1637,1268,1685,1324,1717,1379,1744,1439,1759,1495,1755,1543,1727,1587,1692,1620,1645,1645,1595,1665,1543,1677,1491,1684,1438,1286,1327,1326,1300,1376,1295,1428,1306,1474,1326,1537,1341,1578,1338,1619,1341,1656,1357,1674,1389,1499,1375,1499,1407,1499,1438,1498,1472,1427,1513,1454,1523,1482,1533,1509,1532,1534,1529,1333,1357,1364,1344,1397,1349,1420,1378,1391,1375,1359,1368,1548,1401,1578,1381,1608,1386,1627,1410,1606,1412,1576,1408,1373,1596,1415,1575,1455,1569,1477,1580,1503,1577,1531,1594,1549,1623,1520,1635,1490,1640,1463,1638,1439,1631,1405,1616,1387,1596,1450,1593,1473,1599,1499,1601,1536,1618,1495,1611,1469,1609,1446,1603
2497,h,1,1,1176,1176,1711,1711,83.23333333333333,1200,1376,1193,1443,1192,1511,1201,1576,1225,1637,1268,1686,1322,1719,1377,1748,1437,1764,1493,1758,1541,1729,1586,1694,1620,1646,1646,1596,1667,1545,1680,1492,1685,1439,1289,1328,1329,1301,1379,1297,1430,1308,1476,1327,1536,1344,1576,1339,1617,1342,1655,1357,1674,1389,1501,1375,1500,1408,1499,1439,1499,1473,1427,1513,1455,1523,1482,1533,1509,1533,1534,1531,1335,1358,1367,1344,1400,1350,1422,1379,1393,1375,1361,1369,1549,1401,1578,1381,1608,1386,1628,1409,1606,1412,1577,1408,1370,1600,1410,1574,1452,1568,1475,1580,1503,1577,1531,1595,1548,1626,1519,1642,1488,1650,1459,1648,1433,1641,1399,1625,1384,1599,1447,1593,1471,1599,1498,1601,1534,1622,1493,1619,1466,1618,1441,1613
2498,h,1,1,1176,1176,1711,1711,83.26666666666667,1200,1371,1194,1439,1193,1508,1201,1574,1225,1635,1268,1684,1322,1719,1376,1750,1435,1766,1491,1762,1539,1732,1584,1696,1619,1648,1644,1597,1665,1544,1679,1491,1686,1438,1290,1325,1331,1300,1381,1297,1431,1308,1476,1327,1539,1342,1579,1339,1620,1342,1657,1357,1676,1388,1501,1375,1500,1408,1500,1440,1499,1475,1427,1514,1455,1524,1481,1534,1508,1533,1533,1531,1335,1358,1367,1345,1400,1350,1422,1380,1394,1376,1361,1369,1550,1402,1579,1381,1609,1386,1630,1410,1607,1413,1577,1409,1366,1603,1406,1575,1449,1568,1473,1579,1502,1577,1531,1596,1547,1631,1519,1651,1488,1661,1458,1659,1431,1652,1395,1633,1381,1604,1444,1595,1470,1600,1497,1602,1533,1627,1493,1629,1465,1628,1439,1622
2499,h,1,1,1176,1176,1711,1711,83.3,1200,1371,1194,1439,1193,1508,1201,1574,1225,1635,1268,1684,1322,1719,1376,1750,1435,1766,1491,1762,1539,1732,1584,1696,1619,1648,1644,1597,1665,1544,1679,1491,1686,1438,1290,1325,1331,1300,1381,1297,1431,1308,1476,1327,1539,1342,1579,1339,1620,1342,1657,1357,1676,1388,1501,1375,1500,1408,1500,1440,1499,1475,1427,1514,1455,1524,1481,1534,1508,1533,1533,1531,1335,1358,1367,1345,1400,1350,1422,1380,1394,1376,1361,1369,1550,1402,1579,1381,1609,1386,1630,1410,1607,1413,1577,1409,1366,1603,1406,1575,1449,1568,1473,1579,1502,1577,1531,1596,1547,1631,1519,1651,1488,1661,1458,1659,1431,1652,1395,1633,1381,1604,1444,1595,1470,1600,1497,1602,1533,1627,1493,1629,1465,1628,1439,1622
2500,h,1,1,1176,1176,1711,1711,83.33333333333333,1200,1376,1193,1442,1193,1510,1201,1575,1226,1636,1269,1684,1324,1718,1376,1748,1434,1765,1489,1761,1537,1732,1583,1696,1619,1649,1646,1598,1668,1546,1682,1492,1689,1439,1290,1323,1331,1298,1381,1296,1431,1307,1476,1326,1538,1342,1579,1338,1620,1340,1657,1354,1677,1386,1500,1375,1499,1408,1499,1439,1498,1473,1426,1514,1454,1524,1481,1534,1509,1533,1534,1530,1333,1360,1365,1345,1399,1351,1422,1382,1392,1378,1359,1372,1550,1403,1579,1381,1610,1385,1631,1410,1609,1414,1578,1410,1368,1603,1407,1575,1451,1567,1475,1579,1503,1576,1533,1595,1548,1631,1521,1652,1489,1662,1460,1661,1432,1654,1397,1634,1382,1603,1446,1594,1471,1599,1499,1602,1533,1627,1494,1630,1466,1629,1441,1623
2501,h,1,1,1176,1176,1711,1711,83.36666666666666,1201,1375,1195,1443,1195,1511,1204,1576,1229,1635,1274,1683,1327,1717,1379,1748,1438,1765,1492,1761,1540,1732,1585,1697,1621,1651,1646,1600,1668,1547,1681,1493,1689,1438,1288,1327,1328,1300,1379,1297,1430,1308,1476,1327,1538,1342,1580,1338,1622,1342,1659,1359,1678,1392,1502,1375,1501,1408,1500,1440,1500,1474,1427,1513,1456,1524,1483,1534,1510,1533,1535,1531,1335,1360,1367,1346,1400,1352,1423,1382,1394,1378,1361,1371,1551,1404,1580,1383,1611,1387,1632,1411,1609,1414,1579,1410,1368,1601,1408,1574,1452,1567,1477,1579,1506,1576,1536,1594,1552,1629,1525,1650,1492,1659,1462,1658,1434,1651,1397,1632,1383,1602,1447,1595,1473,1600,1501,1602,1537,1625,1497,1627,1468,1626,1442,1620
2502,h,1,1,1176,1176,1711,1711,83.4,1205,1375,1198,1442,1197,1511,1206,1575,1230,1635,1275,1681,1329,1715,1381,1744,1439,1761,1494,1758,1544,1730,1590,1694,1625,1647,1650,1596,1671,1544,1683,1491,1689,1439,1292,1324,1333,1298,1383,1295,1433,1307,1478,1326,1544,1341,1585,1339,1625,1341,1662,1356,1680,1388,1504,1375,1503,1408,1502,1439,1501,1474,1429,1514,1458,1524,1485,1535,1512,1534,1537,1532,1337,1359,1369,1344,1403,1350,1426,1381,1396,1377,1363,1370,1554,1404,1583,1382,1614,1386,1634,1411,1612,1414,1582,1411,1369,1598,1410,1573,1453,1566,1478,1578,1507,1575,1537,1594,1555,1628,1526,1645,1494,1652,1464,1650,1436,1642,1400,1625,1385,1598,1449,1594,1474,1600,1503,1603,1541,1623,1499,1621,1470,1619,1444,1613
2503,h,1,1,1176,1176,1711,1711,83.43333333333334,1205,1375,1198,1442,1197,1511,1206,1575,1230,1635,1275,1681,1329,1715,1381,1744,1439,1761,1494,1758,1544,1730,1590,1694,1625,1647,1650,1596,1671,1544,1683,1491,1689,1439,1292,1324,1333,1298,1383,1295,1433,1307,1478,1326,1544,1341,1585,1339,1625,1341,1662,1356,1680,1388,1504,1375,1503,1408,1502,1439,1501,1474,1429,1514,1458,1524,1485,1535,1512,1534,1537,1532,1337,1359,1369,1344,1403,1350,1426,1381,1396,1377,1363,1370,1554,1404,1583,1382,1614,1386,1634,1411,1612,1414,1582,1411,1369,1598,1410,1573,1453,1566,1478,1578,1507,1575,1537,1594,1555,1628,1526,1645,1494,1652,1464,1650,1436,1642,1400,1625,1385,1598,1449,1594,1474,1600,1503,1603,1541,1623,1499,1621,1470,1619,1444,1613
2504,h,1,1,1176,1176,1711,1711,83.46666666666667,1202,1370,1194,1437,1194,1506,1202,1571,1228,1630,1272,1677,1326,1711,1378,1741,1436,1757,1490,1754,1537,1725,1584,1692,1621,1646,1648,1596,1670,1543,1683,1490,1689,1436,1291,1326,1332,1298,1383,1294,1434,1306,1481,1325,1546,1340,1587,1337,1627,1340,1663,1354,1682,1385,1506,1375,1505,1408,1505,1440,1504,1474,1431,1514,1459,1523,1487,1533,1514,1532,1540,1530,1339,1358,1371,1344,1404,1350,1427,1380,1398,1376,1365,1370,1554,1402,1583,1381,1614,1386,1634,1410,1612,1413,1582,1409,1371,1597,1413,1572,1456,1566,1480,1578,1509,1575,1538,1593,1555,1625,1526,1642,1494,1650,1464,1648,1437,1641,1401,1623,1386,1597,1451,1593,1476,1598,1504,1601,1541,1621,1500,1619,1471,1617,1445,1611
2505,h,1,1,1176,1176,1711,1711,83.5,1204,1375,1197,1441,1196,1509,1203,1574,1229,1633,1274,1680,1328,1714,1382,1743,1441,1759,1496,1756,1545,1728,1589,1695,1624,1650,1650,1599,1670,1546,1682,1493,1688,1439,1294,1322,1336,1297,1386,1296,1436,1307,1481,1326,1544,1342,1584,1339,1624,1342,1661,1356,1680,1386,1506,1377,1505,1409,1505,1440,1504,1474,1430,1513,1459,1523,1487,1533,1514,1533,1540,1531,1338,1358,1370,1344,1404,1350,1427,1381,1397,1377,1364,1371,1554,1404,1584,1383,1614,1387,1635,1411,1613,1414,1583,1411,1371,1599,1411,1573,1455,1566,1480,1577,1509,1575,1540,1593,1556,1629,1528,1647,1496,1655,1465,1653,1437,1646,1400,1627,1386,1599,1451,1594,1476,1599,1505,1602,1541,1624,1501,1623,1472,1621,1445,1615
2506,h,1,1,1176,1176,1711,1711,83.53333333333333,1204,1375,1197,1441,1196,1509,1203,1574,1229,1633,1274,1680,1328,1714,1382,1743,1441,1759,1496,1756,1545,1728,1589,1695,1624,1650,1650,1599,1670,1546,1682,1493,1688,1439,1294,1322,1336,1297,1386,1296,1436,1307,1481,1326,1544,1342,1584,1339,1624,1342,1661,1356,1680,1386,1506,1377,1505,1409,1505,1440,1504,1474,1430,1513,1459,1523,1487,1533,1514,1533,1540,1531,1338,1358,1370,1344,1404,1350,1427,1381,1397,1377,1364,1371,1554,1404,1584,1383,1614,1387,1635,1411,1613,1414,1583,1411,1371,1599,1411,1573,1455,1566,1480,1577,1509,1575,1540,1593,1556,1629,1528,1647,1496,1655,1465,1653,1437,1646,1400,1627,1386,1599,1451,1594,1476,1599,1505,1602,1541,1624,1501,1623,1472,1621,1445,1615
2507,h,1,1,1176,1176,1711,1711,83.56666666666666,1204,1372,1196,1440,1194,1511,1203,1577,1228,1638,1272,1686,1326,1721,1379,1752,1437,1769,1492,1765,1540,1734,1586,1697,1622,1650,1649,1598,1672,1545,1685,1492,1691,1438,1298,1320,1339,1295,1389,1294,1439,1306,1482,1325,1546,1340,1585,1337,1625,1339,1660,1353,1679,1382,1507,1376,1506,1409,1505,1441,1504,1475,1432,1514,1460,1524,1487,1535,1515,1533,1540,1531,1340,1359,1372,1345,1406,1351,1428,1382,1399,1379,1366,1372,1555,1404,1584,1382,1615,1386,1636,1410,1614,1414,1584,1411,1371,1603,1412,1574,1457,1567,1480,1579,1509,1576,1540,1595,1554,1633,1527,1656,1494,1666,1463,1665,1436,1657,1400,1637,1386,1604,1452,1595,1476,1601,1504,1603,1540,1629,1500,1634,1470,1633,1445,1627
2508,h,1,1,1176,1236,1711,1771,83.6,1209,1373,1201,1441,1199,1510,1204,1576,1227,1638,1267,1687,1319,1725,1373,1756,1435,1772,1493,1768,1541,1740,1585,1701,1619,1652,1645,1600,1667,1546,1681,1491,1688,1438,1300,1319,1342,1294,1391,1293,1439,1305,1483,1324,1546,1341,1586,1338,1625,1339,1662,1353,1680,1385,1507,1377,1506,1410,1505,1442,1504,1477,1429,1516,1458,1525,1486,1535,1514,1534,1540,1533,1339,1359,1371,1345,1403,1352,1426,1381,1397,1377,1365,1370,1555,1405,1584,1384,1615,1389,1636,1411,1613,1414,1583,1411,1368,1604,1409,1576,1454,1569,1479,1580,1509,1578,1537,1596,1552,1634,1525,1655,1493,1664,1462,1661,1435,1654,1398,1636,1382,1604,1449,1596,1474,1601,1504,1603,1539,1629,1499,1635,1469,1633,1443,1628
2509,h,1,1,1176,1176,1711,1711,83.63333333333334,1203,1373,1194,1440,1192,1509,1200,1575,1223,1637,1267,1686,1320,1722,1373,1755,1432,1773,1488,1771,1537,1740,1583,1702,1619,1653,1647,1600,1669,1546,1682,1490,1688,1436,1295,1320,1337,1296,1386,1294,1436,1307,1480,1326,1545,1341,1585,1339,1624,1341,1659,1354,1677,1385,1505,1376,1504,1409,1504,1442,1504,1476,1431,1515,1459,1525,1486,1535,1513,1534,1538,1532,1338,1359,1370,1344,1403,1350,1425,1380,1397,1377,1364,1371,1555,1402,1583,1381,1614,1385,1633,1410,1612,1414,1582,1410,1367,1605,1409,1576,1454,1570,1479,1581,1508,1578,1538,1597,1552,1634,1525,1656,1493,1667,1462,1665,1434,1658,1397,1639,1382,1606,1449,1596,1475,1602,1503,1605,1539,1630,1498,1635,1469,1634,1443,1628
2510,h,1,1,1176,1176,1711,1711,83.66666666666667,1203,1373,1194,1440,1192,1509,1200,1575,1223,1637,1267,1686,1320,1722,1373,1755,1432,1773,1488,1771,1537,1740,1583,1702,1619,1653,1647,1600,1669,1546,1682,1490,1688,1436,1295,1320,1337,1296,1386,1294,1436,1307,1480,1326,1545,1341,1585,1339,1624,1341,1659,1354,1677,1385,1505,1376,1504,1409,1504,1442,1504,1476,1431,1515,1459,1525,1486,1535,1513,1534,1538,1532,1338,1359,1370,1344,1403,1350,1425,1380,1397,1377,1364,1371,1555,1402,1583,1381,1614,1385,1633,1410,1612,1414,1582,1410,1367,1605,1409,1576,1454,1570,1479,1581,1508,1578,1538,1597,1552,1634,1525,1656,1493,1667,1462,1665,1434,1658,1397,1639,1382,1606,1449,1596,1475,1602,1503,1605,1539,1630,1498,1635,1469,1634,1443,1628
2511,h,1,1,1176,1176,1711,1711,83.7,1205,1370,1197,1437,1196,1506,1203,1572,1229,1632,1274,1680,1327,1715,1380,1746,1438,1762,1493,1759,1541,1728,1585,1692,1621,1645,1648,1594,1670,1542,1684,1489,1690,1436,1295,1320,1336,1296,1386,1294,1436,1306,1481,1325,1546,1340,1587,1338,1627,1340,1662,1353,1682,1381,1506,1376,1505,1409,1504,1442,1504,1477,1431,1515,1459,1525,1485,1536,1512,1534,1537,1532,1339,1358,1370,1344,1404,1350,1426,1380,1397,1377,1364,1370,1555,1403,1584,1382,1614,1387,1635,1411,1613,1414,1583,1411,1369,1603,1410,1576,1455,1569,1479,1581,1509,1578,1538,1597,1552,1632,1525,1652,1493,1662,1462,1660,1435,1652,1398,1634,1384,1603,1449,1597,1475,1602,1503,1605,1538,1628,1499,1630,1470,1628,1444,1622
2512,h,1,1,1176,1176,1711,1711,83.73333333333333,1203,1375,1194,1440,1192,1506,1199,1570,1222,1631,1265,1680,1319,1715,1373,1747,1431,1764,1489,1760,1538,1732,1583,1697,1618,1650,1644,1600,1666,1548,1679,1496,1685,1444,1293,1323,1335,1297,1386,1294,1437,1307,1484,1326,1542,1344,1582,1340,1622,1342,1658,1357,1677,1388,1507,1374,1506,1409,1505,1442,1504,1477,1430,1516,1458,1526,1486,1537,1513,1535,1538,1533,1340,1358,1371,1345,1403,1350,1426,1379,1397,1376,1365,1370,1555,1402,1584,1382,1613,1387,1633,1410,1611,1414,1582,1409,1370,1599,1414,1579,1458,1572,1481,1584,1508,1580,1537,1598,1553,1629,1524,1644,1493,1653,1464,1651,1438,1644,1403,1627,1386,1600,1452,1599,1476,1605,1503,1607,1539,1624,1499,1622,1471,1620,1446,1615
2513,h,1,1,1176,1176,1711,1711,83.76666666666667,1201,1377,1192,1441,1191,1508,1199,1572,1223,1632,1267,1680,1322,1713,1376,1740,1434,1757,1488,1754,1536,1727,1580,1693,1615,1649,1641,1600,1663,1549,1675,1497,1682,1446,1290,1321,1334,1295,1386,1294,1437,1307,1481,1329,1543,1345,1581,1340,1620,1342,1655,1354,1674,1384,1505,1376,1505,1410,1505,1442,1505,1478,1431,1517,1458,1526,1486,1536,1513,1535,1538,1532,1336,1359,1369,1345,1402,1351,1424,1381,1395,1378,1362,1371,1553,1403,1583,1383,1612,1387,1632,1411,1611,1415,1581,1410,1372,1599,1417,1578,1459,1572,1481,1583,1508,1580,1536,1598,1553,1627,1523,1640,1493,1648,1465,1647,1439,1640,1405,1624,1387,1599,1453,1600,1477,1606,1503,1608,1540,1623,1499,1616,1472,1615,1448,1609
2514,h,1,1,1176,1176,1711,1711,83.8,1201,1377,1192,1441,1191,1508,1199,1572,1223,1632,1267,1680,1322,1713,1376,1740,1434,1757,1488,1754,1536,1727,1580,1693,1615,1649,1641,1600,1663,1549,1675,1497,1682,1446,1290,1321,1334,1295,1386,1294,1437,1307,1481,1329,1543,1345,1581,1340,1620,1342,1655,1354,1674,1384,1505,1376,1505,1410,1505,1442,1505,1478,1431,1517,1458,1526,1486,1536,1513,1535,1538,1532,1336,1359,1369,1345,1402,1351,1424,1381,1395,1378,1362,1371,1553,1403,1583,1383,1612,1387,1632,1411,1611,1415,1581,1410,1372,1599,1417,1578,1459,1572,1481,1583,1508,1580,1536,1598,1553,1627,1523,1640,1493,1648,1465,1647,1439,1640,1405,1624,1387,1599,1453,1600,1477,1606,1503,1608,1540,1623,1499,1616,1472,1615,1448,1609
2515,h,1,1,1176,1236,1711,1771,83.83333333333333,1199,1374,1193,1441,1193,1510,1199,1575,1221,1636,1262,1683,1315,1717,1369,1745,1431,1762,1490,1758,1540,1733,1584,1697,1618,1651,1642,1599,1663,1546,1677,1493,1684,1439,1291,1320,1334,1294,1384,1292,1434,1303,1479,1322,1541,1338,1583,1336,1623,1339,1659,1354,1678,1386,1503,1375,1501,1409,1500,1441,1499,1477,1427,1516,1455,1525,1483,1535,1510,1534,1536,1532,1334,1359,1366,1346,1398,1353,1422,1381,1392,1378,1360,1371,1551,1404,1582,1385,1612,1389,1633,1411,1610,1415,1581,1411,1365,1599,1412,1578,1454,1572,1477,1582,1506,1580,1533,1595,1549,1625,1521,1637,1491,1642,1462,1641,1436,1634,1400,1620,1381,1598,1449,1599,1473,1605,1501,1606,1535,1621,1496,1614,1468,1612,1444,1607
2516,h,1,1,1176,1176,1711,1711,83.86666666666666,1198,1380,1191,1444,1189,1510,1197,1573,1220,1632,1263,1678,1317,1712,1370,1741,1430,1759,1487,1757,1538,1731,1583,1697,1619,1651,1645,1601,1666,1549,1679,1497,1684,1444,1291,1319,1334,1295,1383,1294,1433,1305,1478,1324,1539,1339,1580,1336,1620,1339,1655,1354,1675,1385,1501,1374,1500,1408,1499,1441,1499,1477,1426,1516,1454,1526,1481,1536,1508,1535,1534,1533,1334,1359,1367,1345,1399,1350,1421,1379,1392,1376,1360,1370,1551,1401,1581,1382,1611,1387,1631,1410,1609,1414,1580,1409,1367,1599,1411,1578,1454,1572,1477,1583,1505,1580,1534,1597,1552,1627,1522,1639,1490,1646,1461,1644,1435,1637,1400,1620,1382,1599,1448,1600,1473,1606,1500,1608,1539,1622,1496,1614,1468,1613,1444,1607
2517,h,1,1,1176,1176,1711,1711,83.9,1197,1380,1190,1444,1189,1511,1198,1574,1220,1635,1262,1684,1316,1717,1370,1747,1430,1764,1487,1761,1537,1734,1584,1700,1620,1654,1647,1604,1667,1551,1681,1498,1686,1446,1288,1325,1330,1298,1381,1294,1432,1306,1478,1324,1539,1339,1580,1338,1620,1342,1656,1357,1676,1390,1501,1375,1500,1408,1499,1441,1498,1477,1425,1517,1453,1527,1481,1538,1509,1536,1535,1534,1334,1359,1366,1345,1400,1350,1422,1379,1393,1376,1360,1370,1552,1402,1581,1383,1611,1387,1632,1412,1609,1415,1579,1410,1363,1599,1408,1579,1451,1572,1476,1584,1505,1581,1533,1598,1550,1629,1521,1642,1489,1650,1459,1648,1431,1641,1396,1624,1379,1600,1446,1601,1471,1607,1500,1609,1535,1624,1495,1617,1466,1616,1440,1609
2518,h,1,1,1176,1176,1711,1711,83.93333333333334,1197,1380,1190,1444,1189,1511,1198,1574,1220,1635,1262,1684,1316,1717,1370,1747,1430,1764,1487,1761,1537,1734,1584,1700,1620,1654,1647,1604,1667,1551,1681,1498,1686,1446,1288,1325,1330,1298,1381,1294,1432,1306,1478,1324,1539,1339,1580,1338,1620,1342,1656,1357,1676,1390,1501,1375,1500,1408,1499,1441,1498,1477,1425,1517,1453,1527,1481,1538,1509,1536,1535,1534,1334,1359,1366,1345,1400,1350,1422,1379,1393,1376,1360,1370,1552,1402,1581,1383,1611,1387,1632,1412,1609,1415,1579,1410,1363,1599,1408,1579,1451,1572,1476,1584,1505,1581,1533,1598,1550,1629,1521,1642,1489,1650,1459,1648,1431,1641,1396,1624,1379,1600,1446,1601,1471,1607,1500,1609,1535,1624,1495,1617,1466,1616,1440,1609
2519,h,1,1,1176,1176,1711,1711,83.96666666666667,1198,1375,1190,1441,1189,1509,1197,1573,1221,1634,1264,1682,1318,1715,1372,1746,1434,1762,1491,1758,1540,1730,1585,1695,1620,1648,1646,1598,1667,1545,1679,1492,1684,1439,1287,1323,1329,1297,1380,1296,1431,1308,1478,1327,1538,1343,1579,1340,1619,1342,1655,1356,1674,1388,1503,1376,1502,1410,1501,1443,1501,1479,1426,1518,1455,1527,1483,1538,1511,1536,1537,1534,1335,1359,1367,1345,1401,1350,1422,1381,1393,1378,1360,1371,1551,1403,1580,1383,1611,1387,1631,1412,1609,1415,1579,1411,1366,1601,1411,1579,1454,1573,1477,1585,1506,1581,1534,1598,1551,1629,1521,1641,1491,1648,1461,1647,1435,1640,1399,1625,1382,1600,1449,1601,1473,1607,1501,1609,1537,1624,1496,1617,1468,1615,1443,1609
2520,h,1,1,1176,1176,1711,1711,84.0,1200,1374,1191,1438,1190,1505,1198,1569,1222,1630,1265,1679,1318,1714,1372,1744,1431,1761,1487,1758,1537,1730,1582,1695,1619,1648,1645,1598,1667,1546,1680,1494,1685,1441,1289,1322,1330,1297,1381,1295,1431,1307,1477,1325,1539,1340,1581,1338,1620,1341,1657,1355,1677,1385,1501,1376,1500,1410,1499,1442,1498,1478,1426,1518,1454,1527,1482,1538,1509,1536,1535,1534,1334,1360,1366,1345,1399,1350,1422,1380,1393,1377,1360,1371,1551,1402,1581,1382,1611,1386,1632,1410,1609,1414,1579,1409,1364,1601,1407,1579,1450,1572,1475,1584,1505,1581,1533,1598,1551,1628,1521,1641,1490,1648,1460,1647,1432,1640,1396,1623,1380,1600,1445,1599,1471,1605,1500,1607,1536,1623,1496,1618,1467,1616,1440,1610
2521,h,1,1,1176,1176,1711,1711,84.03333333333333,1200,1374,1191,1438,1190,1505,1198,1569,1222,1630,1265,1679,1318,1714,1372,1744,1431,1761,1487,1758,1537,1730,1582,1695,1619,1648,1645,1598,1667,1546,1680,1494,1685,1441,1289,1322,1330,1297,1381,1295,1431,1307,1477,1325,1539,1340,1581,1338,1620,1341,1657,1355,1677,1385,1501,1376,1500,1410,1499,1442,1498,1478,1426,1518,1454,1527,1482,1538,1509,1536,1535,1534,1334,1360,1366,1345,1399,1350,1422,1380,1393,1377,1360,1371,1551,1402,1581,1382,1611,1386,1632,1410,1609,1414,1579,1409,1364,1601,1407,1579,1450,1572,1475,1584,1505,1581,1533,1598,1551,1628,1521,1641,1490,1648,1460,1647,1432,1640,1396,1623,1380,1600,1445,1599,1471,1605,1500,1607,1536,1623,1496,1618,1467,1616,1440,1610
2522,h,1,1,1176,1176,1711,1711,84.06666666666666,1201,1367,1191,1434,1188,1502,1195,1568,1219,1630,1263,1680,1318,1714,1372,1745,1432,1762,1488,1759,1539,1731,1585,1696,1621,1648,1648,1595,1669,1542,1680,1488,1685,1435,1289,1322,1330,1297,1380,1295,1431,1306,1477,1325,1537,1341,1579,1338,1620,1341,1657,1357,1675,1389,1500,1376,1499,1410,1498,1443,1498,1478,1426,1518,1454,1528,1481,1538,1509,1537,1534,1535,1335,1359,1366,1346,1399,1351,1421,1380,1392,1377,1360,1370,1551,1403,1580,1383,1610,1388,1630,1412,1608,1414,1578,1410,1365,1600,1409,1579,1452,1573,1477,1585,1506,1582,1535,1598,1554,1630,1524,1643,1492,1651,1461,1649,1434,1641,1398,1624,1381,1600,1447,1599,1473,1606,1501,1608,1541,1625,1498,1620,1468,1618,1442,1612
2523,h,1,1,1176,1176,1711,1711,84.1,1197,1372,1189,1438,1187,1506,1195,1571,1219,1633,1262,1682,1317,1717,1371,1749,1432,1766,1488,1762,1537,1734,1584,1700,1621,1652,1648,1599,1670,1546,1682,1491,1687,1437,1287,1325,1327,1299,1378,1296,1430,1307,1477,1325,1538,1341,1580,1339,1621,1342,1658,1356,1677,1388,1501,1376,1500,1410,1499,1443,1498,1478,1427,1518,1455,1528,1482,1538,1509,1536,1535,1535,1335,1359,1367,1346,1400,1351,1423,1381,1393,1377,1361,1371,1551,1403,1579,1384,1609,1388,1630,1412,1607,1415,1578,1411,1365,1600,1409,1578,1454,1573,1477,1585,1506,1582,1535,1598,1553,1630,1523,1644,1490,1652,1460,1650,1434,1642,1397,1625,1381,1600,1448,1599,1473,1605,1500,1607,1539,1625,1496,1622,1468,1620,1443,1614
2524,h,1,1,1176,1176,1711,1711,84.13333333333334,1198,1371,1190,1439,1189,1507,1197,1572,1221,1633,1265,1681,1319,1716,1372,1747,1431,1765,1486,1762,1537,1734,1584,1699,1620,1651,1647,1599,1668,1546,1681,1492,1686,1438,1287,1326,1327,1300,1377,1295,1429,1307,1475,1326,1538,1342,1579,1340,1621,1343,1658,1359,1676,1391,1500,1376,1499,1410,1498,1442,1497,1478,1427,1518,1454,1528,1482,1538,1509,1537,1535,1535,1335,1358,1367,1344,1400,1350,1423,1380,1393,1376,1360,1369,1551,1403,1579,1382,1609,1387,1631,1411,1608,1414,1578,1410,1366,1599,1408,1577,1452,1572,1476,1583,1505,1580,1535,1598,1552,1630,1523,1645,1490,1653,1460,1651,1432,1643,1396,1624,1381,1599,1446,1597,1472,1604,1500,1606,1538,1625,1496,1622,1467,1621,1441,1614
2525,h,1,1,1176,1176,1711,1711,84.16666666666667,1198,1371,1190,1439,1189,1507,1197,1572,1221,1633,1265,1681,1319,1716,1372,1747,1431,1765,1486,1762,1537,1734,1584,1699,1620,1651,1647,1599,1668,1546,1681,1492,1686,1438,1287,1326,1327,1300,1377,1295,1429,1307,1475,1326,1538,1342,1579,1340,1621,1343,1658,1359,1676,1391,1500,1376,1499,1410,1498,1442,1497,1478,1427,1518,1454,1528,1482,1538,1509,1537,1535,1535,1335,1358,1367,1344,1400,1350,1423,1380,1393,1376,1360,1369,1551,1403,1579,1382,1609,1387,1631,1411,1608,1414,1578,1410,1366,1599,1408,1577,1452,1572,1476,1583,1505,1580,1535,1598,1552,1630,1523,1645,1490,1653,1460,1651,1432,1643,1396,1624,1381,1599,1446,1597,1472,1604,1500,1606,1538,1625,1496,1622,1467,1621,1441,1614
2526,h,1,1,1176,1176,1711,1711,84.2,1200,1370,1192,1438,1191,1506,1199,1570,1225,1629,1270,1678,1323,1713,1375,1744,1432,1763,1486,1761,1536,1734,1583,1698,1620,1651,1648,1599,1669,1545,1681,1490,1686,1437,1288,1322,1329,1297,1379,1295,1430,1307,1475,1326,1541,1342,1582,1339,1622,1342,1658,1357,1676,1388,1501,1376,1500,1410,1500,1443,1499,1478,1427,1517,1455,1527,1483,1538,1510,1536,1536,1534,1335,1358,1366,1345,1399,1351,1422,1381,1393,1378,1360,1371,1551,1403,1580,1382,1610,1387,1631,1411,1609,1414,1579,1410,1367,1600,1410,1578,1454,1573,1477,1584,1506,1581,1534,1598,1551,1629,1522,1645,1491,1653,1461,1651,1435,1644,1399,1626,1382,1600,1449,1598,1473,1604,1501,1606,1538,1624,1496,1622,1468,1621,1443,1615
2527,h,1,1,1176,1176,1711,1711,84.23333333333333,1200,1372,1193,1438,1191,1506,1199,1570,1224,1630,1268,1679,1322,1714,1375,1746,1434,1765,1490,1762,1539,1733,1586,1697,1622,1650,1649,1598,1670,1543,1681,1489,1685,1434,1288,1325,1328,1298,1378,1295,1429,1307,1475,1325,1539,1341,1581,1338,1622,1340,1658,1357,1676,1390,1501,1376,1500,1410,1500,1442,1500,1477,1427,1517,1455,1527,1483,1537,1511,1535,1536,1533,1334,1358,1365,1345,1399,1351,1421,1381,1391,1378,1359,1371,1551,1403,1580,1383,1611,1387,1632,1411,1609,1414,1579,1411,1367,1599,1410,1578,1454,1573,1478,1584,1506,1581,1535,1597,1553,1629,1524,1643,1492,1651,1462,1649,1435,1641,1398,1624,1383,1599,1449,1599,1474,1605,1502,1607,1538,1624,1497,1621,1469,1619,1443,1613
2528,h,1,1,1176,1176,1711,1711,84.26666666666667,1197,1371,1189,1439,1188,1507,1196,1572,1220,1633,1266,1681,1321,1716,1375,1748,1434,1765,1489,1762,1538,1733,1583,1697,1620,1650,1646,1597,1667,1543,1679,1488,1685,1434,1287,1326,1328,1298,1379,1295,1431,1307,1479,1325,1539,1341,1582,1339,1623,1341,1660,1356,1677,1391,1504,1376,1503,1409,1502,1442,1502,1478,1428,1517,1457,1526,1484,1537,1512,1535,1537,1533,1337,1358,1368,1345,1401,1351,1423,1380,1394,1377,1362,1370,1552,1403,1580,1383,1611,1387,1631,1411,1609,1414,1579,1410,1369,1596,1412,1577,1455,1573,1479,1585,1507,1582,1535,1597,1552,1628,1523,1641,1492,1648,1463,1646,1436,1638,1400,1621,1385,1597,1450,1599,1475,1605,1502,1607,1538,1622,1498,1618,1470,1616,1445,1610
2529,h,1,1,1176,1176,1711,1711,84.3,1197,1371,1189,1439,1188,1507,1196,1572,1220,1633,1266,1681,1321,1716,1375,1748,1434,1765,1489,1762,1538,1733,1583,1697,1620,1650,1646,1597,1667,1543,1679,1488,1685,1434,1287,1326,1328,1298,1379,1295,1431,1307,1479,1325,1539,1341,1582,1339,1623,1341,1660,1356,1677,1391,1504,1376,1503,1409,1502,1442,1502,1478,1428,1517,1457,1526,1484,1537,1512,1535,1537,1533,1337,1358,1368,1345,1401,1351,1423,1380,1394,1377,1362,1370,1552,1403,1580,1383,1611,1387,1631,1411,1609,1414,1579,1410,1369,1596,1412,1577,1455,1573,1479,1585,1507,1582,1535,1597,1552,1628,1523,1641,1492,1648,1463,1646,1436,1638,1400,1621,1385,1597,1450,1599,1475,1605,1502,1607,1538,1622,1498,1618,1470,1616,1445,1610
2530,h,1,1,1176,1176,1711,1711,84.33333333333333,1198,1372,1191,1439,1190,1507,1198,1571,1224,1631,1269,1679,1324,1713,1377,1744,1435,1762,1490,1760,1539,1731,1585,1696,1622,1649,1648,1597,1669,1543,1680,1489,1685,1435,1287,1326,1327,1299,1378,1295,1429,1307,1476,1325,1540,1341,1582,1339,1623,1342,1661,1357,1678,1390,1502,1376,1501,1410,1500,1443,1500,1479,1427,1517,1455,1527,1483,1537,1511,1536,1536,1534,1335,1358,1366,1344,1399,1349,1422,1380,1392,1377,1360,1370,1551,1403,1580,1382,1611,1387,1632,1411,1609,1415,1579,1411,1368,1598,1410,1577,1454,1572,1478,1583,1505,1581,1535,1597,1553,1627,1524,1640,1492,1646,1462,1644,1436,1637,1399,1619,1383,1598,1449,1598,1474,1605,1501,1607,1539,1622,1497,1617,1469,1615,1444,1609
2531,h,1,1,1176,1176,1711,1711,84.36666666666666,1201,1373,1194,1441,1192,1510,1200,1575,1225,1635,1269,1683,1323,1718,1377,1750,1437,1767,1493,1765,1541,1735,1584,1698,1620,1651,1646,1598,1667,1544,1679,1491,1684,1437,1290,1327,1329,1299,1380,1296,1431,1308,1477,1326,1542,1342,1584,1340,1625,1343,1661,1359,1677,1393,1504,1375,1503,1409,1503,1443,1502,1479,1430,1518,1457,1527,1485,1538,1511,1536,1536,1535,1336,1359,1368,1345,1401,1351,1424,1379,1395,1376,1362,1370,1552,1402,1581,1383,1611,1389,1631,1412,1609,1414,1580,1410,1368,1599,1411,1578,1455,1573,1479,1584,1507,1582,1536,1599,1554,1629,1524,1643,1493,1649,1463,1647,1437,1639,1401,1623,1383,1599,1450,1599,1475,1605,1503,1607,1539,1624,1498,1618,1470,1616,1445,1610
2532,h,1,1,1176,1236,1711,1771,84.4,1204,1370,1197,1437,1195,1504,1201,1570,1222,1631,1263,1681,1316,1717,1372,1746,1434,1764,1493,1760,1543,1735,1588,1699,1622,1651,1647,1599,1667,1544,1680,1490,1686,1436,1292,1322,1335,1296,1385,1294,1436,1307,1480,1327,1544,1343,1584,1339,1625,1341,1662,1355,1682,1387,1505,1375,1503,1410,1501,1443,1500,1480,1428,1517,1456,1527,1484,1537,1512,1536,1537,1533,1337,1359,1368,1346,1401,1354,1425,1381,1395,1378,1363,1371,1553,1404,1584,1385,1613,1390,1634,1412,1611,1415,1582,1411,1370,1596,1414,1577,1455,1572,1478,1584,1507,1581,1534,1597,1553,1626,1524,1639,1494,1644,1464,1641,1438,1634,1404,1619,1386,1597,1449,1598,1474,1604,1503,1606,1540,1622,1500,1618,1471,1615,1446,1609
2533,h,1,1,1176,1236,1711,1771,84.43333333333334,1204,1370,1197,1437,1195,1504,1201,1570,1222,1631,1263,1681,1316,1717,1372,1746,1434,1764,1493,1760,1543,1735,1588,1699,1622,1651,1647,1599,1667,1544,1680,1490,1686,1436,1292,1322,1335,1296,1385,1294,1436,1307,1480,1327,1544,1343,1584,1339,1625,1341,1662,1355,1682,1387,1505,1375,1503,1410,1501,1443,1500,1480,1428,1517,1456,1527,1484,1537,1512,1536,1537,1533,1337,1359,1368,1346,1401,1354,1425,1381,1395,1378,1363,1371,1553,1404,1584,1385,1613,1390,1634,1412,1611,1415,1582,1411,1370,1596,1414,1577,1455,1572,1478,1584,1507,1581,1534,1597,1553,1626,1524,1639,1494,1644,1464,1641,1438,1634,1404,1619,1386,1597,1449,1598,1474,1604,1503,1606,1540,1622,1500,1618,1471,1615,1446,1609
2534,h,1,1,1176,1236,1711,1771,84.46666666666667,1205,1370,1198,1437,1197,1504,1203,1569,1225,1630,1266,1679,1319,1712,1374,1741,1436,1756,1494,1753,1544,1730,1588,1695,1622,1649,1646,1598,1665,1544,1677,1490,1684,1436,1292,1321,1335,1296,1385,1294,1434,1307,1479,1326,1544,1343,1584,1340,1625,1342,1661,1356,1681,1387,1505,1377,1503,1411,1502,1444,1501,1480,1429,1517,1457,1526,1484,1537,1511,1536,1536,1534,1337,1359,1368,1346,1400,1353,1423,1382,1394,1378,1361,1372,1553,1406,1583,1385,1613,1389,1633,1412,1611,1416,1582,1412,1368,1598,1412,1577,1453,1573,1478,1584,1508,1582,1535,1597,1552,1626,1525,1638,1494,1644,1464,1642,1436,1635,1401,1619,1383,1598,1448,1597,1474,1603,1503,1605,1539,1621,1500,1618,1470,1616,1444,1610
2535,h,1,1,1176,1176,1711,1711,84.5,1203,1372,1196,1440,1195,1508,1202,1573,1227,1632,1271,1680,1325,1714,1378,1744,1437,1762,1492,1758,1540,1731,1584,1697,1621,1650,1648,1599,1669,1546,1681,1492,1686,1439,1292,1321,1333,1298,1382,1297,1431,1310,1476,1328,1542,1344,1583,1341,1623,1343,1659,1357,1677,1387,1503,1377,1502,1411,1501,1443,1501,1479,1428,1519,1456,1528,1483,1539,1511,1537,1536,1536,1337,1360,1368,1346,1401,1352,1423,1381,1395,1378,1362,1372,1552,1403,1580,1384,1611,1388,1632,1412,1609,1415,1580,1411,1369,1600,1412,1578,1455,1573,1479,1584,1507,1581,1536,1598,1554,1628,1525,1641,1493,1647,1464,1645,1437,1638,1401,1622,1384,1600,1450,1599,1475,1605,1502,1607,1540,1623,1499,1617,1470,1616,1445,1610
2536,h,1,1,1176,1176,1711,1711,84.53333333333333,1203,1372,1196,1440,1195,1508,1202,1573,1227,1632,1271,1680,1325,1714,1378,1744,1437,1762,1492,1758,1540,1731,1584,1697,1621,1650,1648,1599,1669,1546,1681,1492,1686,1439,1292,1321,1333,1298,1382,1297,1431,1310,1476,1328,1542,1344,1583,1341,1623,1343,1659,1357,1677,1387,1503,1377,1502,1411,1501,1443,1501,1479,1428,1519,1456,1528,1483,1539,1511,1537,1536,1536,1337,1360,1368,1346,1401,1352,1423,1381,1395,1378,1362,1372,1552,1403,1580,1384,1611,1388,1632,1412,1609,1415,1580,1411,1369,1600,1412,1578,1455,1573,1479,1584,1507,1581,1536,1598,1554,1628,1525,1641,1493,1647,1464,1645,1437,1638,1401,1622,1384,1600,1450,1599,1475,1605,1502,1607,1540,1623,1499,1617,1470,1616,1445,1610
2537,h,1,1,1176,1236,1711,1771,84.56666666666666,1205,1367,1197,1434,1195,1502,1200,1568,1222,1630,1263,1680,1318,1716,1374,1746,1438,1763,1498,1759,1548,1732,1593,1696,1626,1648,1650,1595,1669,1541,1681,1487,1687,1433,1293,1320,1335,1295,1385,1293,1435,1305,1479,1325,1543,1341,1584,1339,1625,1341,1663,1354,1682,1386,1504,1376,1502,1410,1501,1443,1500,1479,1428,1517,1456,1527,1484,1537,1512,1536,1537,1533,1337,1359,1368,1346,1400,1354,1424,1381,1394,1378,1362,1371,1553,1405,1583,1385,1613,1389,1634,1412,1611,1415,1582,1411,1370,1598,1413,1577,1454,1572,1478,1584,1508,1581,1535,1596,1554,1626,1525,1640,1495,1645,1465,1643,1438,1636,1403,1620,1386,1598,1449,1599,1475,1605,1503,1607,1540,1622,1500,1617,1471,1616,1445,1610
2538,h,1,1,1176,1176,1711,1711,84.6,1200,1372,1194,1439,1194,1507,1202,1572,1226,1631,1270,1679,1323,1714,1375,1746,1434,1764,1490,1762,1538,1734,1584,1700,1621,1653,1648,1602,1669,1547,1682,1494,1688,1440,1291,1323,1331,1298,1380,1295,1430,1307,1476,1325,1542,1341,1584,1338,1625,1341,1662,1355,1681,1387,1503,1375,1502,1410,1500,1443,1499,1478,1429,1516,1457,1526,1484,1537,1511,1536,1536,1533,1338,1359,1369,1345,1402,1350,1424,1379,1395,1376,1363,1370,1553,1402,1582,1382,1612,1387,1632,1411,1610,1413,1581,1409,1370,1599,1412,1578,1455,1573,1478,1584,1507,1581,1536,1597,1552,1628,1524,1644,1492,1652,1463,1650,1437,1643,1401,1625,1385,1599,1450,1598,1474,1604,1502,1606,1538,1624,1498,1622,1469,1620,1445,1614
2539,h,1,1,1176,1176,1711,1711,84.63333333333334,1195,1374,1188,1441,1189,1509,1198,1575,1222,1636,1265,1686,1319,1723,1373,1757,1433,1774,1489,1771,1538,1740,1584,1703,1621,1655,1646,1602,1668,1548,1682,1494,1688,1439,1288,1322,1330,1297,1381,1295,1433,1307,1478,1326,1539,1342,1581,1337,1622,1339,1659,1353,1679,1384,1503,1376,1502,1410,1501,1444,1501,1480,1427,1517,1456,1528,1483,1539,1511,1537,1536,1534,1335,1359,1367,1345,1401,1350,1423,1381,1394,1378,1361,1371,1552,1403,1581,1382,1612,1386,1633,1411,1611,1415,1580,1410,1364,1604,1407,1577,1453,1571,1478,1583,1506,1580,1537,1598,1552,1636,1524,1658,1491,1668,1461,1666,1433,1658,1395,1638,1380,1605,1448,1598,1474,1604,1501,1607,1537,1632,1497,1634,1468,1633,1442,1627
2540,h,1,1,1176,1176,1711,1711,84.66666666666667,1195,1374,1188,1441,1189,1509,1198,1575,1222,1636,1265,1686,1319,1723,1373,1757,1433,1774,1489,1771,1538,1740,1584,1703,1621,1655,1646,1602,1668,1548,1682,1494,1688,1439,1288,1322,1330,1297,1381,1295,1433,1307,1478,1326,1539,1342,1581,1337,1622,1339,1659,1353,1679,1384,1503,1376,1502,1410,1501,1444,1501,1480,1427,1517,1456,1528,1483,1539,1511,1537,1536,1534,1335,1359,1367,1345,1401,1350,1423,1381,1394,1378,1361,1371,1552,1403,1581,1382,1612,1386,1633,1411,1611,1415,1580,1410,1364,1604,1407,1577,1453,1571,1478,1583,1506,1580,1537,1598,1552,1636,1524,1658,1491,1668,1461,1666,1433,1658,1395,1638,1380,1605,1448,1598,1474,1604,1501,1607,1537,1632,1497,1634,1468,1633,1442,1627
2541,h,1,1,1176,1236,1711,1771,84.7,1204,1369,1197,1438,1196,1508,1202,1575,1224,1638,1266,1689,1317,1727,1371,1761,1432,1778,1492,1774,1541,1744,1585,1706,1619,1655,1645,1601,1666,1546,1680,1491,1687,1437,1292,1320,1335,1295,1384,1292,1434,1306,1478,1326,1542,1342,1583,1340,1624,1341,1661,1355,1681,1386,1504,1376,1502,1410,1501,1443,1500,1480,1426,1517,1454,1527,1483,1537,1511,1536,1536,1534,1335,1358,1366,1345,1398,1352,1421,1380,1392,1376,1360,1369,1553,1404,1583,1384,1613,1389,1634,1412,1611,1415,1582,1411,1364,1608,1406,1578,1450,1572,1475,1583,1507,1581,1537,1600,1553,1640,1526,1663,1493,1673,1460,1671,1431,1664,1394,1643,1380,1608,1445,1599,1471,1605,1502,1607,1539,1635,1498,1642,1466,1640,1439,1633
2542,h,1,1,1176,1236,1711,1771,84.73333333333333,1202,1370,1195,1441,1195,1511,1202,1578,1224,1641,1266,1691,1316,1730,1369,1763,1431,1782,1489,1778,1538,1749,1582,1710,1616,1660,1642,1606,1664,1551,1679,1496,1687,1440,1292,1319,1336,1295,1384,1294,1433,1306,1477,1326,1542,1342,1583,1339,1624,1341,1661,1355,1682,1385,1504,1378,1502,1412,1500,1444,1499,1479,1426,1517,1454,1527,1482,1538,1510,1536,1535,1534,1335,1361,1365,1347,1398,1353,1421,1382,1392,1378,1360,1372,1553,1406,1582,1385,1613,1390,1634,1413,1611,1416,1581,1412,1362,1608,1405,1578,1449,1571,1474,1582,1505,1580,1535,1599,1551,1639,1523,1664,1490,1674,1458,1672,1429,1665,1392,1644,1378,1609,1444,1598,1470,1604,1500,1607,1537,1635,1496,1642,1465,1641,1438,1634
2543,h,1,1,1176,1236,1711,1771,84.76666666666667,1199,1372,1193,1441,1192,1511,1199,1578,1222,1642,1264,1693,1316,1732,1370,1765,1432,1783,1491,1778,1540,1747,1585,1707,1619,1657,1644,1603,1666,1549,1680,1494,1688,1440,1292,1319,1335,1294,1384,1292,1434,1303,1479,1323,1541,1337,1584,1335,1625,1338,1662,1353,1681,1385,1503,1375,1500,1410,1499,1443,1497,1479,1424,1517,1453,1527,1481,1538,1509,1536,1535,1534,1333,1359,1365,1346,1397,1352,1420,1380,1391,1376,1360,1369,1552,1403,1583,1384,1614,1389,1634,1412,1611,1414,1581,1410,1361,1609,1403,1578,1448,1571,1474,1582,1504,1580,1536,1599,1553,1641,1525,1665,1490,1675,1458,1673,1429,1666,1391,1645,1377,1610,1443,1599,1470,1605,1500,1607,1539,1636,1496,1643,1465,1641,1437,1635
2544,h,1,1,1176,1236,1711,1771,84.8,1199,1372,1193,1441,1192,1511,1199,1578,1222,1642,1264,1693,1316,1732,1370,1765,1432,1783,1491,1778,1540,1747,1585,1707,1619,1657,1644,1603,1666,1549,1680,1494,1688,1440,1292,1319,1335,1294,1384,1292,1434,1303,1479,1323,1541,1337,1584,1335,1625,1338,1662,1353,1681,1385,1503,1375,1500,1410,1499,1443,1497,1479,1424,1517,1453,1527,1481,1538,1509,1536,1535,1534,1333,1359,1365,1346,1397,1352,1420,1380,1391,1376,1360,1369,1552,1403,1583,1384,1614,1389,1634,1412,1611,1414,1581,1410,1361,1609,1403,1578,1448,1571,1474,1582,1504,1580,1536,1599,1553,1641,1525,1665,1490,1675,1458,1673,1429,1666,1391,1645,1377,1610,1443,1599,1470,1605,1500,1607,1539,1636,1496,1643,1465,1641,1437,1635
2545,h,1,1,1176,1236,1711,1771,84.83333333333333,1201,1372,1194,1440,1193,1509,1199,1575,1221,1637,1262,1689,1314,1729,1368,1763,1431,1782,1491,1778,1541,1748,1586,1707,1619,1655,1645,1600,1666,1546,1678,1491,1684,1437,1291,1321,1333,1296,1382,1293,1432,1306,1477,1324,1542,1340,1582,1338,1623,1340,1658,1354,1678,1385,1502,1378,1500,1411,1498,1443,1497,1478,1424,1517,1453,1527,1481,1537,1508,1536,1535,1534,1335,1359,1366,1346,1398,1353,1420,1381,1391,1377,1360,1370,1552,1404,1581,1384,1611,1389,1632,1412,1609,1415,1579,1410,1361,1609,1403,1579,1449,1571,1475,1582,1505,1580,1536,1598,1554,1639,1525,1662,1491,1671,1459,1670,1430,1663,1391,1644,1376,1609,1444,1599,1471,1604,1500,1607,1539,1634,1496,1640,1465,1639,1438,1633
2546,h,1,1,1176,1236,1711,1771,84.86666666666666,1201,1371,1194,1441,1194,1511,1200,1578,1222,1641,1264,1692,1316,1731,1370,1764,1433,1783,1492,1778,1542,1747,1586,1705,1620,1653,1645,1598,1665,1543,1678,1488,1684,1434,1290,1320,1332,1295,1382,1292,1432,1304,1477,1323,1542,1337,1584,1335,1625,1338,1660,1353,1678,1387,1502,1375,1500,1410,1499,1442,1498,1478,1424,1516,1453,1526,1481,1537,1509,1536,1535,1534,1333,1359,1364,1345,1396,1352,1419,1380,1390,1376,1359,1369,1551,1403,1580,1383,1610,1388,1632,1411,1608,1414,1579,1410,1360,1608,1404,1578,1450,1571,1475,1582,1506,1580,1537,1599,1553,1639,1525,1662,1491,1672,1459,1670,1430,1663,1391,1643,1375,1608,1445,1598,1471,1604,1501,1606,1539,1634,1496,1640,1466,1638,1439,1633
2547,h,1,1,1176,1236,1711,1771,84.9,1202,1373,1196,1442,1196,1513,1203,1578,1225,1640,1266,1690,1317,1729,1370,1763,1433,1781,1492,1778,1540,1748,1585,1708,1618,1656,1644,1602,1665,1546,1679,1491,1685,1436,1289,1321,1332,1295,1381,1293,1431,1305,1476,1325,1540,1339,1582,1336,1623,1339,1659,1353,1678,1386,1501,1376,1499,1410,1498,1443,1496,1478,1424,1516,1453,1526,1482,1536,1508,1535,1534,1534,1333,1360,1364,1346,1397,1353,1420,1381,1391,1377,1359,1371,1550,1404,1581,1384,1611,1389,1633,1412,1609,1415,1579,1411,1362,1607,1405,1578,1450,1571,1475,1582,1506,1581,1536,1599,1554,1638,1525,1661,1491,1672,1459,1670,1431,1663,1393,1643,1377,1608,1445,1598,1471,1604,1501,1606,1539,1633,1496,1641,1465,1639,1439,1633
2548,h,1,1,1176,1236,1711,1771,84.93333333333334,1202,1373,1196,1442,1196,1513,1203,1578,1225,1640,1266,1690,1317,1729,1370,1763,1433,1781,1492,1778,1540,1748,1585,1708,1618,1656,1644,1602,1665,1546,1679,1491,1685,1436,1289,1321,1332,1295,1381,1293,1431,1305,1476,1325,1540,1339,1582,1336,1623,1339,1659,1353,1678,1386,1501,1376,1499,1410,1498,1443,1496,1478,1424,1516,1453,1526,1482,1536,1508,1535,1534,1534,1333,1360,1364,1346,1397,1353,1420,1381,1391,1377,1359,1371,1550,1404,1581,1384,1611,1389,1633,1412,1609,1415,1579,1411,1362,1607,1405,1578,1450,1571,1475,1582,1506,1581,1536,1599,1554,1638,1525,1661,1491,1672,1459,1670,1431,1663,1393,1643,1377,1608,1445,1598,1471,1604,1501,1606,1539,1633,1496,1641,1465,1639,1439,1633
2549,h,1,1,1176,1236,1711,1771,84.96666666666667,1200,1368,1194,1437,1192,1507,1198,1574,1219,1638,1261,1689,1313,1729,1367,1764,1430,1782,1489,1779,1538,1748,1583,1708,1616,1656,1642,1601,1664,1545,1677,1489,1684,1434,1289,1321,1332,1295,1381,1291,1432,1303,1477,1323,1540,1337,1583,1335,1624,1338,1661,1354,1680,1387,1501,1376,1499,1410,1497,1442,1496,1477,1423,1516,1452,1525,1480,1535,1508,1534,1535,1533,1333,1358,1364,1346,1396,1353,1419,1380,1390,1376,1359,1369,1551,1404,1581,1385,1611,1390,1632,1411,1608,1414,1579,1410,1360,1606,1402,1578,1447,1571,1472,1581,1503,1580,1534,1598,1552,1638,1522,1662,1488,1672,1456,1670,1428,1663,1390,1643,1375,1607,1442,1597,1468,1602,1498,1605,1537,1634,1494,1641,1463,1639,1436,1634
2550,h,1,1,1176,1236,1711,1771,85.0,1201,1370,1195,1439,1196,1509,1201,1577,1222,1640,1262,1691,1313,1731,1367,1765,1429,1785,1489,1782,1537,1751,1582,1710,1616,1659,1642,1604,1664,1549,1678,1491,1684,1435,1288,1323,1330,1296,1380,1293,1430,1305,1477,1324,1540,1340,1582,1338,1623,1340,1661,1353,1681,1386,1501,1376,1499,1410,1498,1441,1496,1477,1424,1517,1452,1526,1480,1536,1508,1535,1534,1534,1333,1359,1363,1346,1396,1353,1420,1381,1390,1377,1358,1371,1551,1405,1580,1385,1611,1389,1632,1412,1609,1415,1579,1411,1360,1607,1402,1578,1448,1570,1473,1581,1504,1579,1535,1598,1552,1638,1524,1663,1489,1672,1457,1671,1428,1663,1390,1644,1375,1608,1443,1598,1469,1603,1499,1606,1538,1634,1495,1641,1464,1639,1437,1633
2551,h,1,1,1176,1236,1711,1771,85.03333333333333,1201,1370,1195,1439,1196,1509,1201,1577,1222,1640,1262,1691,1313,1731,1367,1765,1429,1785,1489,1782,1537,1751,1582,1710,1616,1659,1642,1604,1664,1549,1678,1491,1684,1435,1288,1323,1330,1296,1380,1293,1430,1305,1477,1324,1540,1340,1582,1338,1623,1340,1661,1353,1681,1386,1501,1376,1499,1410,1498,1441,1496,1477,1424,1517,1452,1526,1480,1536,1508,1535,1534,1534,1333,1359,1363,1346,1396,1353,1420,1381,1390,1377,1358,1371,1551,1405,1580,1385,1611,1389,1632,1412,1609,1415,1579,1411,1360,1607,1402,1578,1448,1570,1473,1581,1504,1579,1535,1598,1552,1638,1524,1663,1489,1672,1457,1671,1428,1663,1390,1644,1375,1608,1443,1598,1469,1603,1499,1606,1538,1634,1495,1641,1464,1639,1437,1633
2552,h,1,1,1176,1236,1711,1771,85.06666666666666,1197,1370,1192,1439,1193,1509,1199,1576,1222,1639,1265,1689,1317,1726,1371,1759,1435,1775,1494,1771,1544,1742,1588,1704,1620,1654,1643,1600,1664,1546,1679,1491,1689,1435,1288,1320,1331,1295,1380,1293,1430,1305,1475,1324,1539,1339,1581,1337,1623,1341,1660,1356,1681,1387,1499,1375,1498,1409,1496,1442,1495,1478,1424,1516,1452,1526,1480,1537,1507,1536,1533,1534,1329,1360,1361,1345,1395,1352,1418,1381,1389,1377,1356,1371,1549,1404,1579,1384,1611,1389,1633,1413,1609,1416,1578,1411,1361,1606,1403,1577,1447,1570,1473,1581,1503,1579,1534,1598,1552,1638,1523,1660,1489,1670,1458,1669,1429,1662,1391,1642,1376,1607,1443,1598,1469,1603,1498,1605,1537,1633,1494,1638,1464,1636,1437,1631
2553,h,1,1,1176,1176,1711,1711,85.1,1198,1374,1191,1441,1191,1508,1198,1573,1221,1633,1265,1682,1319,1718,1372,1751,1433,1768,1490,1766,1540,1737,1587,1700,1623,1652,1647,1601,1667,1548,1680,1494,1685,1440,1288,1322,1329,1296,1378,1293,1428,1304,1473,1322,1537,1337,1579,1334,1620,1337,1656,1354,1674,1386,1498,1373,1497,1407,1496,1440,1495,1476,1424,1517,1452,1527,1479,1537,1506,1536,1531,1535,1332,1359,1363,1343,1396,1348,1419,1379,1390,1375,1358,1369,1549,1401,1578,1380,1609,1384,1630,1410,1607,1412,1577,1408,1360,1603,1402,1577,1447,1570,1472,1582,1502,1579,1533,1598,1552,1633,1522,1653,1489,1662,1457,1660,1429,1652,1391,1633,1375,1604,1443,1597,1469,1604,1498,1606,1536,1630,1494,1629,1464,1627,1437,1621
2554,h,1,1,1176,1176,1711,1711,85.13333333333334,1194,1375,1187,1442,1187,1510,1196,1573,1220,1633,1266,1681,1319,1716,1372,1749,1432,1766,1489,1765,1539,1737,1586,1701,1622,1654,1648,1602,1669,1549,1683,1494,1688,1440,1285,1324,1326,1297,1377,1294,1428,1304,1474,1323,1535,1338,1578,1336,1619,1339,1656,1355,1675,1388,1498,1374,1497,1408,1496,1441,1496,1476,1423,1516,1452,1526,1480,1536,1507,1535,1532,1534,1331,1358,1363,1344,1396,1349,1418,1379,1390,1376,1358,1369,1549,1402,1578,1382,1609,1387,1630,1411,1607,1414,1578,1410,1360,1602,1403,1575,1447,1568,1473,1580,1502,1577,1535,1597,1555,1633,1524,1650,1489,1657,1458,1655,1430,1648,1392,1630,1376,1602,1443,1597,1469,1603,1498,1606,1540,1628,1495,1625,1465,1622,1438,1615
2555,h,1,1,1176,1176,1711,1711,85.16666666666667,1194,1375,1187,1442,1187,1510,1196,1573,1220,1633,1266,1681,1319,1716,1372,1749,1432,1766,1489,1765,1539,1737,1586,1701,1622,1654,1648,1602,1669,1549,1683,1494,1688,1440,1285,1324,1326,1297,1377,1294,1428,1304,1474,1323,1535,1338,1578,1336,1619,1339,1656,1355,1675,1388,1498,1374,1497,1408,1496,1441,1496,1476,1423,1516,1452,1526,1480,1536,1507,1535,1532,1534,1331,1358,1363,1344,1396,1349,1418,1379,1390,1376,1358,1369,1549,1402,1578,1382,1609,1387,1630,1411,1607,1414,1578,1410,1360,1602,1403,1575,1447,1568,1473,1580,1502,1577,1535,1597,1555,1633,1524,1650,1489,1657,1458,1655,1430,1648,1392,1630,1376,1602,1443,1597,1469,1603,1498,1606,1540,1628,1495,1625,1465,1622,1438,1615
2556,h,1,1,1176,1176,1711,1711,85.2,1199,1371,1193,1438,1194,1505,1202,1569,1225,1628,1268,1676,1321,1712,1373,1745,1432,1762,1487,1761,1539,1734,1586,1699,1621,1653,1647,1601,1668,1549,1681,1494,1688,1440,1286,1322,1327,1296,1377,1292,1427,1303,1472,1323,1537,1339,1580,1336,1621,1339,1658,1355,1677,1386,1498,1374,1497,1408,1497,1440,1496,1475,1423,1515,1452,1525,1479,1536,1507,1535,1532,1534,1331,1358,1362,1343,1396,1348,1418,1378,1389,1375,1357,1368,1550,1401,1579,1381,1610,1385,1631,1411,1608,1413,1578,1408,1360,1600,1401,1575,1446,1569,1472,1581,1503,1578,1535,1596,1554,1631,1524,1647,1490,1654,1458,1651,1429,1644,1392,1626,1376,1601,1441,1597,1468,1603,1498,1605,1540,1626,1495,1623,1464,1620,1437,1614
2557,h,1,1,1176,1176,1711,1711,85.23333333333333,1195,1372,1187,1439,1187,1507,1196,1571,1219,1632,1264,1680,1317,1715,1372,1747,1432,1764,1488,1762,1538,1734,1585,1699,1621,1653,1647,1602,1668,1549,1681,1495,1686,1441,1287,1319,1329,1295,1379,1292,1429,1304,1474,1324,1538,1340,1580,1337,1621,1340,1658,1355,1677,1386,1500,1374,1499,1408,1498,1441,1498,1476,1423,1515,1452,1525,1480,1536,1508,1534,1533,1533,1331,1356,1364,1341,1397,1347,1419,1379,1390,1374,1358,1367,1550,1403,1579,1381,1611,1386,1632,1411,1609,1414,1579,1410,1357,1599,1402,1574,1449,1568,1473,1579,1503,1577,1535,1596,1554,1629,1523,1647,1488,1655,1457,1653,1429,1645,1391,1627,1373,1600,1444,1596,1469,1602,1498,1604,1540,1625,1494,1622,1464,1620,1438,1614
2558,h,1,1,1176,1176,1711,1711,85.26666666666667,1200,1373,1193,1439,1193,1506,1201,1570,1225,1630,1269,1677,1321,1712,1374,1744,1433,1761,1488,1760,1539,1732,1586,1697,1622,1650,1647,1599,1668,1546,1680,1492,1685,1438,1289,1320,1331,1295,1380,1293,1430,1305,1474,1324,1539,1341,1581,1338,1622,1340,1659,1355,1677,1388,1501,1376,1499,1409,1499,1441,1498,1475,1424,1515,1453,1525,1481,1536,1509,1534,1534,1533,1332,1357,1364,1343,1397,1349,1420,1379,1391,1375,1358,1369,1550,1402,1579,1382,1610,1387,1631,1411,1608,1413,1578,1409,1362,1600,1405,1574,1449,1568,1474,1580,1504,1577,1535,1595,1554,1630,1524,1646,1491,1653,1459,1651,1431,1643,1395,1626,1377,1601,1444,1596,1470,1601,1499,1604,1540,1626,1496,1622,1466,1620,1440,1614
2559,h,1,1,1176,1176,1711,1711,85.3,1200,1373,1193,1439,1193,1506,1201,1570,1225,1630,1269,1677,1321,1712,1374,1744,1433,1761,1488,1760,1539,1732,1586,1697,1622,1650,1647,1599,1668,1546,1680,1492,1685,1438,1289,1320,1331,1295,1380,1293,1430,1305,1474,1324,1539,1341,1581,1338,1622,1340,1659,1355,1677,1388,1501,1376,1499,1409,1499,1441,1498,1475,1424,1515,1453,1525,1481,1536,1509,1534,1534,1533,1332,1357,1364,1343,1397,1349,1420,1379,1391,1375,1358,1369,1550,1402,1579,1382,1610,1387,1631,1411,1608,1413,1578,1409,1362,1600,1405,1574,1449,1568,1474,1580,1504,1577,1535,1595,1554,1630,1524,1646,1491,1653,1459,1651,1431,1643,1395,1626,1377,1601,1444,1596,1470,1601,1499,1604,1540,1626,1496,1622,1466,1620,1440,1614
2560,h,1,1,1176,1176,1711,1711,85.33333333333333,1200,1370,1193,1437,1193,1505,1201,1568,1226,1627,1270,1674,1322,1709,1373,1742,1432,1761,1488,1759,1539,1732,1585,1697,1621,1651,1648,1599,1668,1545,1679,1491,1685,1437,1289,1320,1330,1294,1379,1291,1429,1303,1473,1322,1539,1338,1580,1336,1620,1339,1656,1354,1674,1386,1499,1374,1497,1408,1496,1441,1495,1476,1423,1514,1451,1524,1479,1534,1507,1533,1533,1531,1332,1356,1363,1342,1396,1347,1418,1378,1389,1374,1357,1367,1550,1401,1578,1381,1609,1385,1631,1409,1608,1412,1577,1408,1362,1599,1404,1574,1448,1568,1473,1579,1503,1576,1533,1595,1552,1630,1522,1645,1489,1652,1458,1650,1430,1642,1394,1625,1378,1600,1444,1596,1469,1602,1498,1604,1538,1625,1495,1621,1465,1619,1439,1613
2561,h,1,1,1176,1176,1711,1711,85.36666666666666,1199,1370,1191,1436,1191,1503,1198,1567,1223,1626,1267,1672,1320,1706,1372,1737,1430,1755,1486,1754,1537,1728,1584,1694,1621,1648,1648,1597,1668,1544,1680,1489,1685,1435,1290,1317,1331,1293,1381,1292,1430,1304,1475,1322,1538,1339,1581,1336,1621,1339,1657,1352,1677,1383,1501,1374,1500,1408,1499,1440,1499,1474,1425,1513,1453,1523,1481,1534,1509,1533,1535,1531,1333,1356,1365,1341,1399,1347,1421,1379,1392,1375,1358,1368,1551,1402,1580,1380,1611,1384,1633,1409,1610,1412,1580,1409,1362,1598,1406,1573,1451,1567,1474,1578,1503,1576,1533,1594,1552,1628,1522,1645,1489,1652,1459,1649,1432,1642,1395,1625,1378,1598,1445,1594,1470,1600,1498,1603,1538,1624,1494,1620,1466,1618,1440,1612
2562,h,1,1,1176,1176,1711,1711,85.4,1200,1374,1193,1441,1194,1509,1202,1573,1227,1632,1271,1678,1323,1713,1376,1743,1435,1761,1490,1758,1540,1731,1585,1697,1621,1652,1647,1601,1668,1548,1680,1493,1686,1438,1289,1318,1331,1294,1381,1294,1431,1306,1475,1323,1539,1338,1581,1336,1621,1339,1659,1352,1677,1385,1501,1374,1500,1407,1500,1440,1499,1475,1425,1513,1454,1524,1482,1534,1510,1533,1535,1532,1332,1356,1364,1342,1398,1348,1420,1378,1391,1374,1358,1367,1551,1401,1579,1380,1610,1385,1632,1409,1609,1412,1579,1408,1363,1599,1406,1574,1451,1568,1476,1579,1505,1577,1535,1596,1554,1629,1524,1644,1492,1651,1461,1648,1434,1641,1396,1624,1378,1599,1446,1594,1472,1600,1500,1603,1539,1624,1497,1620,1468,1617,1442,1612
2563,h,1,1,1176,1176,1711,1711,85.43333333333334,1200,1374,1193,1441,1194,1509,1202,1573,1227,1632,1271,1678,1323,1713,1376,1743,1435,1761,1490,1758,1540,1731,1585,1697,1621,1652,1647,1601,1668,1548,1680,1493,1686,1438,1289,1318,1331,1294,1381,1294,1431,1306,1475,1323,1539,1338,1581,1336,1621,1339,1659,1352,1677,1385,1501,1374,1500,1407,1500,1440,1499,1475,1425,1513,1454,1524,1482,1534,1510,1533,1535,1532,1332,1356,1364,1342,1398,1348,1420,1378,1391,1374,1358,1367,1551,1401,1579,1380,1610,1385,1632,1409,1609,1412,1579,1408,1363,1599,1406,1574,1451,1568,1476,1579,1505,1577,1535,1596,1554,1629,1524,1644,1492,1651,1461,1648,1434,1641,1396,1624,1378,1599,1446,1594,1472,1600,1500,1603,1539,1624,1497,1620,1468,1617,1442,1612
2564,h,1,1,1176,1176,1711,1711,85.46666666666667,1199,1374,1194,1442,1194,1512,1202,1576,1227,1634,1272,1678,1325,1711,1377,1742,1435,1759,1491,1758,1541,1732,1589,1698,1625,1652,1650,1601,1670,1548,1682,1493,1688,1437,1287,1320,1329,1295,1378,1292,1428,1304,1474,1322,1539,1337,1582,1335,1623,1338,1661,1353,1681,1386,1500,1373,1499,1407,1498,1439,1498,1474,1426,1514,1454,1524,1482,1535,1509,1533,1535,1532,1332,1356,1364,1342,1398,1347,1420,1378,1391,1374,1358,1367,1551,1401,1580,1380,1612,1385,1633,1410,1610,1412,1579,1408,1364,1598,1407,1574,1452,1567,1476,1579,1505,1577,1536,1595,1556,1628,1526,1644,1491,1650,1461,1647,1434,1640,1396,1623,1379,1598,1447,1594,1472,1600,1500,1603,1541,1623,1497,1619,1468,1616,1442,1611
2565,h,1,1,1176,1176,1711,1711,85.5,1199,1376,1192,1442,1193,1510,1202,1573,1226,1631,1270,1676,1324,1710,1377,1739,1436,1755,1492,1755,1542,1729,1588,1696,1623,1651,1648,1600,1669,1547,1681,1492,1687,1438,1288,1319,1330,1293,1380,1292,1430,1303,1475,1322,1539,1337,1582,1336,1622,1339,1659,1353,1679,1384,1501,1374,1500,1408,1499,1440,1499,1475,1426,1513,1454,1523,1482,1534,1510,1533,1536,1531,1333,1356,1364,1341,1398,1347,1421,1378,1391,1374,1358,1367,1551,1402,1580,1380,1612,1385,1633,1410,1610,1412,1580,1408,1365,1597,1409,1573,1453,1567,1476,1578,1504,1576,1535,1595,1554,1627,1524,1641,1490,1646,1461,1644,1436,1637,1398,1621,1380,1597,1449,1593,1472,1598,1500,1602,1540,1623,1496,1618,1468,1614,1444,1609
2566,h,1,1,1176,1176,1711,1711,85.53333333333333,1199,1376,1192,1442,1193,1510,1202,1573,1226,1631,1270,1676,1324,1710,1377,1739,1436,1755,1492,1755,1542,1729,1588,1696,1623,1651,1648,1600,1669,1547,1681,1492,1687,1438,1288,1319,1330,1293,1380,1292,1430,1303,1475,1322,1539,1337,1582,1336,1622,1339,1659,1353,1679,1384,1501,1374,1500,1408,1499,1440,1499,1475,1426,1513,1454,1523,1482,1534,1510,1533,1536,1531,1333,1356,1364,1341,1398,1347,1421,1378,1391,1374,1358,1367,1551,1402,1580,1380,1612,1385,1633,1410,1610,1412,1580,1408,1365,1597,1409,1573,1453,1567,1476,1578,1504,1576,1535,1595,1554,1627,1524,1641,1490,1646,1461,1644,1436,1637,1398,1621,1380,1597,1449,1593,1472,1598,1500,1602,1540,1623,1496,1618,1468,1614,1444,1609
2567,h,1,1,1176,1176,1711,1711,85.56666666666666,1198,1372,1191,1438,1191,1506,1198,1571,1222,1630,1266,1677,1320,1712,1373,1744,1433,1762,1489,1760,1539,1732,1586,1698,1623,1652,1650,1599,1671,1545,1683,1490,1688,1436,1286,1322,1327,1295,1378,1293,1429,1304,1475,1322,1538,1338,1581,1335,1622,1339,1660,1352,1679,1383,1501,1373,1500,1407,1499,1439,1498,1474,1426,1513,1454,1523,1482,1534,1509,1532,1535,1531,1333,1356,1365,1341,1399,1347,1421,1377,1392,1374,1359,1367,1551,1400,1580,1379,1611,1384,1632,1409,1609,1411,1579,1407,1363,1596,1407,1573,1452,1566,1475,1578,1503,1575,1535,1593,1556,1626,1524,1642,1490,1648,1461,1645,1434,1638,1396,1621,1378,1596,1447,1594,1471,1599,1499,1602,1541,1622,1495,1617,1467,1614,1442,1609
2568,h,1,1,1176,1176,1711,1711,85.6,1201,1371,1195,1440,1195,1508,1203,1572,1228,1630,1272,1676,1325,1710,1377,1741,1436,1759,1491,1757,1541,1731,1587,1698,1623,1652,1650,1601,1670,1547,1683,1492,1688,1437,1289,1320,1329,1295,1379,1293,1429,1304,1474,1323,1538,1338,1581,1336,1621,1339,1659,1353,1677,1386,1501,1372,1500,1406,1499,1439,1498,1474,1427,1514,1455,1523,1482,1534,1509,1533,1533,1532,1333,1356,1364,1342,1398,1347,1421,1377,1391,1373,1359,1367,1551,1400,1580,1379,1612,1384,1633,1409,1610,1411,1579,1407,1366,1597,1407,1573,1451,1567,1476,1578,1505,1576,1536,1594,1555,1628,1526,1644,1493,1652,1462,1649,1434,1642,1397,1624,1381,1598,1447,1594,1472,1599,1501,1602,1540,1624,1498,1620,1468,1618,1442,1612
2569,h,1,1,1176,1176,1711,1711,85.63333333333334,1201,1372,1194,1440,1193,1509,1202,1574,1227,1635,1271,1682,1324,1716,1376,1747,1434,1765,1489,1762,1538,1734,1584,1698,1620,1651,1647,1600,1669,1546,1682,1492,1688,1438,1292,1315,1333,1291,1383,1290,1432,1302,1476,1322,1543,1337,1584,1334,1624,1336,1661,1348,1681,1378,1503,1373,1502,1406,1501,1438,1500,1473,1427,1512,1456,1522,1483,1532,1511,1531,1536,1529,1334,1354,1366,1340,1400,1345,1423,1376,1393,1373,1360,1366,1552,1398,1581,1376,1613,1381,1634,1406,1611,1409,1580,1405,1366,1603,1407,1575,1452,1567,1477,1579,1506,1576,1538,1595,1553,1631,1526,1653,1491,1664,1461,1662,1433,1655,1396,1636,1380,1604,1447,1594,1473,1599,1501,1602,1539,1627,1497,1632,1468,1630,1442,1625
2570,h,1,1,1176,1176,1711,1711,85.66666666666667,1201,1372,1194,1440,1193,1509,1202,1574,1227,1635,1271,1682,1324,1716,1376,1747,1434,1765,1489,1762,1538,1734,1584,1698,1620,1651,1647,1600,1669,1546,1682,1492,1688,1438,1292,1315,1333,1291,1383,1290,1432,1302,1476,1322,1543,1337,1584,1334,1624,1336,1661,1348,1681,1378,1503,1373,1502,1406,1501,1438,1500,1473,1427,1512,1456,1522,1483,1532,1511,1531,1536,1529,1334,1354,1366,1340,1400,1345,1423,1376,1393,1373,1360,1366,1552,1398,1581,1376,1613,1381,1634,1406,1611,1409,1580,1405,1366,1603,1407,1575,1452,1567,1477,1579,1506,1576,1538,1595,1553,1631,1526,1653,1491,1664,1461,1662,1433,1655,1396,1636,1380,1604,1447,1594,1473,1599,1501,1602,1539,1627,1497,1632,1468,1630,1442,1625
2571,h,1,1,1176,1176,1711,1711,85.7,1198,1372,1190,1439,1190,1508,1200,1573,1225,1635,1269,1683,1322,1720,1373,1754,1431,1773,1486,1771,1535,1740,1582,1703,1619,1654,1647,1601,1670,1546,1684,1491,1690,1436,1293,1314,1335,1291,1384,1290,1433,1301,1477,1321,1544,1335,1584,1333,1623,1335,1659,1347,1679,1375,1504,1371,1503,1405,1502,1437,1501,1471,1428,1512,1456,1521,1483,1532,1511,1531,1537,1529,1335,1355,1367,1340,1401,1345,1423,1376,1394,1373,1361,1366,1553,1398,1581,1376,1613,1381,1634,1406,1611,1409,1581,1405,1367,1603,1408,1574,1453,1566,1477,1577,1506,1575,1538,1595,1553,1633,1526,1658,1491,1669,1461,1667,1433,1660,1397,1638,1382,1604,1448,1594,1473,1599,1501,1602,1539,1630,1497,1637,1468,1635,1442,1629
2572,h,1,1,1176,1176,1711,1711,85.73333333333333,1199,1371,1192,1439,1191,1509,1200,1575,1225,1635,1270,1684,1324,1720,1379,1753,1438,1770,1494,1766,1543,1735,1589,1697,1623,1648,1650,1596,1671,1542,1683,1489,1689,1434,1294,1315,1336,1290,1385,1289,1436,1302,1480,1320,1546,1336,1586,1333,1626,1334,1661,1347,1680,1376,1506,1372,1505,1406,1505,1437,1504,1472,1430,1511,1458,1521,1485,1531,1513,1530,1537,1529,1337,1353,1369,1340,1403,1346,1424,1376,1395,1372,1363,1365,1555,1398,1583,1377,1614,1381,1634,1405,1612,1408,1583,1405,1366,1602,1408,1571,1455,1564,1478,1575,1506,1572,1538,1592,1553,1630,1526,1654,1492,1665,1463,1663,1436,1656,1397,1636,1382,1602,1450,1593,1474,1598,1501,1601,1539,1627,1498,1632,1469,1631,1445,1625
2573,h,1,1,1176,1176,1711,1711,85.76666666666667,1198,1368,1191,1437,1190,1506,1198,1572,1222,1634,1266,1683,1321,1720,1376,1754,1436,1772,1493,1768,1541,1737,1587,1699,1622,1650,1648,1598,1670,1544,1682,1489,1687,1433,1291,1315,1334,1292,1384,1290,1435,1301,1481,1320,1542,1337,1584,1334,1624,1337,1659,1351,1678,1382,1504,1370,1503,1403,1503,1435,1503,1470,1429,1511,1458,1521,1485,1532,1512,1530,1537,1529,1335,1354,1367,1339,1401,1345,1423,1376,1394,1372,1361,1365,1553,1399,1582,1377,1614,1382,1634,1407,1612,1409,1581,1405,1364,1600,1409,1571,1455,1565,1479,1575,1507,1573,1538,1593,1555,1631,1526,1652,1493,1662,1463,1659,1436,1652,1398,1634,1380,1601,1450,1593,1475,1598,1502,1601,1540,1627,1498,1628,1470,1626,1444,1621
2574,h,1,1,1176,1176,1711,1711,85.8,1198,1368,1191,1437,1190,1506,1198,1572,1222,1634,1266,1683,1321,1720,1376,1754,1436,1772,1493,1768,1541,1737,1587,1699,1622,1650,1648,1598,1670,1544,1682,1489,1687,1433,1291,1315,1334,1292,1384,1290,1435,1301,1481,1320,1542,1337,1584,1334,1624,1337,1659,1351,1678,1382,1504,1370,1503,1403,1503,1435,1503,1470,1429,1511,1458,1521,1485,1532,1512,1530,1537,1529,1335,1354,1367,1339,1401,1345,1423,1376,1394,1372,1361,1365,1553,1399,1582,1377,1614,1382,1634,1407,1612,1409,1581,1405,1364,1600,1409,1571,1455,1565,1479,1575,1507,1573,1538,1593,1555,1631,1526,1652,1493,1662,1463,1659,1436,1652,1398,1634,1380,1601,1450,1593,1475,1598,1502,1601,1540,1627,1498,1628,1470,1626,1444,1621
2575,h,1,1,1176,1176,1711,1711,85.83333333333333,1201,1367,1194,1434,1192,1502,1199,1568,1221,1630,1264,1679,1318,1715,1373,1746,1433,1764,1491,1761,1542,1734,1588,1697,1623,1649,1648,1596,1670,1542,1683,1487,1689,1433,1293,1313,1335,1290,1385,1289,1435,1301,1480,1320,1544,1336,1585,1334,1625,1336,1660,1348,1680,1377,1504,1370,1503,1404,1502,1436,1502,1471,1429,1510,1458,1520,1485,1530,1512,1530,1538,1528,1337,1353,1369,1339,1402,1345,1424,1375,1395,1371,1363,1364,1555,1398,1583,1377,1614,1381,1634,1405,1612,1408,1582,1405,1367,1598,1410,1571,1455,1564,1479,1575,1507,1572,1538,1592,1555,1630,1526,1649,1493,1657,1463,1654,1436,1647,1399,1629,1382,1599,1450,1592,1475,1597,1502,1600,1541,1625,1498,1626,1470,1623,1445,1618
2576,h,1,1,1176,1176,1711,1711,85.86666666666666,1201,1368,1193,1435,1192,1503,1200,1568,1225,1629,1271,1678,1325,1714,1380,1745,1440,1763,1497,1760,1547,1730,1592,1693,1628,1646,1654,1594,1674,1540,1685,1487,1690,1433,1292,1316,1334,1291,1384,1289,1435,1301,1481,1320,1544,1335,1586,1333,1626,1335,1663,1350,1680,1383,1505,1371,1504,1404,1503,1436,1502,1471,1429,1511,1458,1521,1486,1532,1513,1530,1539,1528,1338,1353,1369,1339,1402,1345,1424,1376,1395,1372,1363,1365,1554,1400,1583,1378,1614,1382,1635,1407,1613,1410,1583,1406,1368,1596,1411,1571,1456,1565,1480,1576,1508,1573,1540,1593,1558,1629,1529,1647,1496,1654,1466,1652,1439,1644,1401,1626,1383,1597,1451,1592,1476,1599,1504,1601,1544,1624,1500,1624,1472,1621,1447,1615
2577,h,1,1,1236,1176,1771,1711,85.9,1208,1365,1201,1432,1199,1498,1206,1565,1230,1624,1272,1675,1324,1713,1377,1747,1438,1766,1494,1766,1545,1736,1591,1697,1626,1649,1651,1596,1671,1539,1682,1482,1685,1425,1297,1320,1336,1293,1386,1289,1437,1300,1483,1319,1543,1335,1584,1334,1625,1337,1660,1352,1678,1386,1504,1371,1502,1405,1501,1438,1500,1474,1430,1512,1458,1522,1487,1533,1514,1532,1540,1528,1344,1356,1374,1343,1406,1348,1430,1376,1399,1374,1368,1367,1554,1399,1583,1383,1613,1387,1634,1410,1610,1413,1580,1408,1368,1595,1408,1572,1452,1566,1481,1578,1509,1575,1538,1592,1560,1627,1528,1646,1496,1653,1467,1651,1436,1643,1399,1624,1384,1596,1448,1592,1477,1598,1504,1601,1546,1623,1502,1621,1474,1619,1444,1612
2578,h,1,1,1236,1176,1771,1711,85.93333333333334,1208,1365,1201,1432,1199,1498,1206,1565,1230,1624,1272,1675,1324,1713,1377,1747,1438,1766,1494,1766,1545,1736,1591,1697,1626,1649,1651,1596,1671,1539,1682,1482,1685,1425,1297,1320,1336,1293,1386,1289,1437,1300,1483,1319,1543,1335,1584,1334,1625,1337,1660,1352,1678,1386,1504,1371,1502,1405,1501,1438,1500,1474,1430,1512,1458,1522,1487,1533,1514,1532,1540,1528,1344,1356,1374,1343,1406,1348,1430,1376,1399,1374,1368,1367,1554,1399,1583,1383,1613,1387,1634,1410,1610,1413,1580,1408,1368,1595,1408,1572,1452,1566,1481,1578,1509,1575,1538,1592,1560,1627,1528,1646,1496,1653,1467,1651,1436,1643,1399,1624,1384,1596,1448,1592,1477,1598,1504,1601,1546,1623,1502,1621,1474,1619,1444,1612
2579,h,1,1,1236,1176,1771,1711,85.96666666666667,1206,1372,1200,1439,1200,1505,1207,1571,1232,1630,1277,1677,1330,1712,1382,1744,1442,1762,1498,1762,1548,1733,1594,1697,1629,1649,1654,1596,1674,1541,1685,1486,1688,1432,1296,1321,1336,1293,1386,1290,1437,1301,1484,1321,1546,1338,1587,1336,1628,1339,1665,1353,1684,1387,1506,1372,1505,1406,1504,1438,1504,1473,1433,1514,1461,1524,1489,1534,1517,1533,1543,1531,1344,1358,1374,1345,1408,1350,1433,1379,1401,1377,1368,1370,1556,1404,1586,1386,1617,1390,1638,1413,1614,1417,1584,1412,1372,1594,1412,1573,1456,1568,1483,1579,1510,1576,1540,1594,1561,1628,1529,1644,1497,1650,1468,1647,1439,1640,1402,1621,1387,1595,1451,1594,1479,1601,1505,1604,1547,1624,1502,1620,1476,1617,1447,1611
2580,h,1,1,1236,1176,1771,1711,86.0,1202,1377,1195,1444,1193,1509,1200,1574,1226,1634,1271,1680,1326,1714,1379,1745,1438,1764,1494,1763,1543,1736,1590,1702,1627,1655,1654,1604,1674,1549,1687,1492,1691,1437,1295,1319,1338,1293,1389,1290,1441,1301,1489,1321,1549,1338,1590,1336,1631,1339,1668,1354,1686,1388,1510,1373,1508,1408,1507,1440,1505,1476,1432,1514,1461,1524,1490,1535,1517,1534,1544,1532,1342,1358,1373,1345,1406,1349,1430,1378,1398,1374,1366,1367,1561,1403,1590,1386,1620,1391,1641,1413,1617,1415,1587,1410,1370,1596,1411,1574,1455,1568,1484,1580,1512,1577,1543,1595,1565,1630,1532,1646,1498,1652,1468,1649,1438,1641,1401,1622,1386,1596,1451,1594,1480,1601,1507,1604,1550,1624,1504,1620,1476,1617,1446,1610
2581,h,1,1,1236,1176,1771,1711,86.03333333333333,1202,1377,1195,1444,1193,1509,1200,1574,1226,1634,1271,1680,1326,1714,1379,1745,1438,1764,1494,1763,1543,1736,1590,1702,1627,1655,1654,1604,1674,1549,1687,1492,1691,1437,1295,1319,1338,1293,1389,1290,1441,1301,1489,1321,1549,1338,1590,1336,1631,1339,1668,1354,1686,1388,1510,1373,1508,1408,1507,1440,1505,1476,1432,1514,1461,1524,1490,1535,1517,1534,1544,1532,1342,1358,1373,1345,1406,1349,1430,1378,1398,1374,1366,1367,1561,1403,1590,1386,1620,1391,1641,1413,1617,1415,1587,1410,1370,1596,1411,1574,1455,1568,1484,1580,1512,1577,1543,1595,1565,1630,1532,1646,1498,1652,1468,1649,1438,1641,1401,1622,1386,1596,1451,1594,1480,1601,1507,1604,1550,1624,1504,1620,1476,1617,1446,1610
2582,h,1,1,1236,1176,1771,1711,86.06666666666666,1203,1370,1197,1437,1195,1504,1203,1570,1228,1630,1273,1678,1328,1711,1382,1743,1442,1761,1499,1761,1550,1733,1595,1697,1630,1648,1655,1595,1676,1540,1688,1484,1693,1430,1303,1319,1343,1293,1393,1291,1444,1302,1489,1320,1551,1336,1591,1335,1631,1339,1666,1354,1684,1388,1514,1374,1513,1409,1512,1441,1511,1476,1439,1515,1466,1525,1494,1536,1520,1535,1546,1533,1347,1357,1379,1345,1411,1350,1435,1379,1404,1376,1372,1368,1562,1403,1591,1386,1621,1391,1641,1413,1618,1416,1589,1411,1376,1597,1418,1575,1461,1570,1488,1581,1515,1579,1542,1596,1563,1630,1532,1646,1502,1650,1473,1647,1445,1639,1408,1623,1392,1597,1456,1594,1484,1600,1510,1603,1549,1625,1507,1622,1480,1618,1453,1612
2583,h,1,1,1236,1176,1771,1711,86.1,1210,1364,1201,1432,1198,1499,1205,1566,1230,1627,1275,1675,1329,1711,1383,1742,1442,1762,1497,1762,1547,1734,1593,1698,1631,1650,1657,1597,1679,1543,1691,1486,1696,1431,1309,1314,1350,1292,1399,1290,1448,1302,1494,1322,1556,1341,1596,1338,1636,1341,1671,1354,1688,1387,1517,1375,1515,1409,1514,1441,1513,1476,1441,1515,1468,1525,1496,1535,1522,1535,1548,1534,1352,1355,1383,1342,1416,1348,1439,1377,1408,1374,1376,1366,1565,1403,1593,1386,1623,1390,1644,1413,1620,1417,1591,1412,1378,1597,1419,1575,1462,1568,1489,1580,1516,1578,1545,1596,1565,1631,1534,1647,1502,1653,1474,1650,1444,1641,1409,1623,1394,1598,1457,1594,1485,1601,1511,1604,1552,1626,1508,1623,1481,1620,1453,1613
2584,h,1,1,1236,1176,1771,1711,86.13333333333334,1208,1369,1200,1436,1198,1502,1204,1568,1229,1628,1274,1675,1329,1710,1383,1741,1442,1761,1498,1762,1547,1735,1593,1699,1630,1652,1657,1600,1679,1545,1692,1488,1697,1434,1307,1316,1348,1292,1399,1290,1449,1302,1497,1322,1557,1341,1596,1338,1636,1341,1672,1354,1691,1387,1519,1375,1518,1409,1517,1441,1516,1476,1443,1515,1471,1525,1498,1536,1524,1536,1550,1534,1351,1356,1383,1344,1416,1349,1440,1379,1408,1375,1376,1367,1566,1404,1595,1387,1625,1391,1646,1414,1622,1417,1593,1412,1377,1598,1419,1574,1463,1568,1491,1580,1519,1577,1547,1595,1567,1632,1536,1649,1505,1655,1476,1653,1446,1645,1409,1626,1393,1599,1458,1593,1487,1600,1514,1603,1553,1627,1511,1625,1484,1622,1454,1615
2585,h,1,1,1236,1176,1771,1711,86.16666666666667,1208,1369,1200,1436,1198,1502,1204,1568,1229,1628,1274,1675,1329,1710,1383,1741,1442,1761,1498,1762,1547,1735,1593,1699,1630,1652,1657,1600,1679,1545,1692,1488,1697,1434,1307,1316,1348,1292,1399,1290,1449,1302,1497,1322,1557,1341,1596,1338,1636,1341,1672,1354,1691,1387,1519,1375,1518,1409,1517,1441,1516,1476,1443,1515,1471,1525,1498,1536,1524,1536,1550,1534,1351,1356,1383,1344,1416,1349,1440,1379,1408,1375,1376,1367,1566,1404,1595,1387,1625,1391,1646,1414,1622,1417,1593,1412,1377,1598,1419,1574,1463,1568,1491,1580,1519,1577,1547,1595,1567,1632,1536,1649,1505,1655,1476,1653,1446,1645,1409,1626,1393,1599,1458,1593,1487,1600,1514,1603,1553,1627,1511,1625,1484,1622,1454,1615
2586,h,1,1,1236,1176,1771,1711,86.2,1205,1370,1198,1437,1196,1505,1204,1571,1231,1633,1277,1681,1332,1716,1385,1748,1445,1767,1501,1769,1549,1740,1595,1703,1632,1654,1659,1601,1680,1547,1693,1491,1696,1438,1310,1316,1353,1293,1403,1290,1454,1303,1500,1324,1558,1343,1598,1340,1638,1343,1674,1357,1693,1391,1521,1376,1519,1409,1518,1440,1517,1475,1445,1516,1472,1525,1500,1536,1526,1536,1552,1534,1354,1355,1385,1342,1418,1347,1442,1377,1410,1374,1378,1366,1568,1404,1597,1386,1627,1390,1648,1415,1625,1417,1594,1412,1379,1599,1422,1575,1466,1569,1494,1580,1522,1578,1551,1596,1570,1633,1539,1650,1508,1657,1478,1654,1448,1646,1411,1627,1395,1600,1461,1594,1490,1601,1517,1604,1556,1628,1514,1626,1486,1623,1457,1616
2587,h,1,1,1236,1176,1771,1711,86.23333333333333,1211,1366,1203,1435,1202,1503,1209,1571,1235,1631,1281,1679,1335,1714,1389,1746,1449,1765,1504,1764,1553,1736,1599,1701,1634,1653,1660,1602,1681,1548,1695,1492,1701,1438,1310,1318,1353,1293,1404,1292,1455,1304,1502,1324,1562,1342,1602,1341,1643,1345,1679,1359,1696,1394,1525,1376,1524,1410,1523,1442,1523,1476,1448,1516,1477,1526,1505,1536,1531,1536,1556,1535,1357,1355,1389,1342,1422,1348,1446,1379,1414,1375,1382,1366,1570,1405,1599,1386,1630,1390,1650,1415,1627,1417,1597,1412,1380,1599,1423,1575,1468,1569,1497,1581,1526,1578,1555,1597,1574,1633,1543,1649,1512,1655,1481,1652,1450,1644,1413,1626,1395,1599,1463,1594,1493,1601,1521,1604,1561,1627,1518,1625,1489,1622,1459,1615
2588,h,1,1,1236,1176,1771,1711,86.26666666666667,1216,1365,1208,1432,1205,1501,1211,1568,1236,1630,1281,1678,1335,1714,1389,1746,1449,1765,1505,1765,1553,1736,1598,1700,1635,1651,1662,1599,1683,1544,1696,1488,1701,1435,1315,1318,1357,1294,1408,1292,1458,1305,1505,1324,1565,1343,1605,1342,1645,1345,1681,1360,1697,1394,1527,1375,1526,1409,1526,1441,1525,1476,1450,1515,1478,1524,1506,1535,1533,1536,1558,1534,1362,1353,1393,1340,1426,1347,1449,1377,1418,1373,1386,1365,1573,1404,1601,1386,1632,1390,1652,1415,1629,1417,1599,1411,1383,1594,1426,1574,1471,1569,1499,1580,1527,1578,1556,1596,1575,1631,1544,1648,1512,1653,1483,1650,1453,1642,1415,1623,1398,1596,1466,1593,1495,1600,1522,1603,1562,1626,1519,1623,1491,1620,1462,1613
2589,h,1,1,1236,1176,1771,1711,86.3,1216,1365,1208,1432,1205,1501,1211,1568,1236,1630,1281,1678,1335,1714,1389,1746,1449,1765,1505,1765,1553,1736,1598,1700,1635,1651,1662,1599,1683,1544,1696,1488,1701,1435,1315,1318,1357,1294,1408,1292,1458,1305,1505,1324,1565,1343,1605,1342,1645,1345,1681,1360,1697,1394,1527,1375,1526,1409,1526,1441,1525,1476,1450,1515,1478,1524,1506,1535,1533,1536,1558,1534,1362,1353,1393,1340,1426,1347,1449,1377,1418,1373,1386,1365,1573,1404,1601,1386,1632,1390,1652,1415,1629,1417,1599,1411,1383,1594,1426,1574,1471,1569,1499,1580,1527,1578,1556,1596,1575,1631,1544,1648,1512,1653,1483,1650,1453,1642,1415,1623,1398,1596,1466,1593,1495,1600,1522,1603,1562,1626,1519,1623,1491,1620,1462,1613
2590,h,1,1,1236,1176,1771,1711,86.33333333333333,1212,1369,1204,1436,1202,1504,1209,1570,1234,1632,1279,1679,1335,1713,1389,1744,1450,1764,1507,1764,1556,1737,1602,1702,1638,1654,1663,1602,1684,1548,1697,1492,1703,1439,1315,1318,1357,1294,1408,1292,1459,1305,1506,1323,1566,1343,1607,1342,1647,1345,1682,1360,1698,1394,1529,1376,1528,1409,1527,1441,1526,1475,1452,1515,1480,1525,1508,1536,1534,1536,1560,1535,1362,1355,1393,1341,1426,1348,1449,1378,1418,1374,1386,1366,1574,1405,1603,1387,1634,1391,1654,1416,1631,1418,1601,1413,1385,1596,1428,1573,1473,1568,1500,1580,1529,1578,1557,1596,1576,1631,1546,1646,1514,1651,1484,1648,1454,1640,1417,1622,1400,1596,1468,1593,1496,1600,1524,1603,1563,1626,1521,1622,1492,1619,1463,1612
2591,h,1,1,1236,1176,1771,1711,86.36666666666666,1215,1370,1207,1437,1205,1505,1212,1570,1238,1630,1285,1676,1341,1710,1395,1740,1454,1760,1508,1760,1556,1734,1603,1699,1640,1652,1667,1600,1688,1546,1700,1490,1704,1435,1315,1318,1357,1293,1409,1291,1461,1305,1508,1325,1566,1342,1606,1341,1647,1345,1682,1359,1698,1393,1530,1376,1529,1409,1529,1441,1529,1475,1452,1514,1482,1524,1510,1535,1537,1535,1563,1534,1360,1355,1392,1342,1426,1347,1449,1378,1418,1374,1386,1366,1575,1405,1605,1386,1636,1391,1656,1416,1633,1418,1603,1413,1386,1594,1430,1572,1475,1567,1502,1579,1531,1578,1559,1597,1579,1632,1548,1647,1516,1652,1486,1648,1456,1640,1419,1622,1401,1595,1470,1592,1498,1600,1526,1603,1565,1626,1522,1621,1494,1618,1465,1611
2592,h,1,1,1236,1176,1771,1711,86.4,1215,1376,1207,1442,1205,1510,1214,1575,1240,1636,1286,1683,1341,1718,1395,1750,1454,1768,1508,1768,1556,1740,1600,1705,1636,1657,1663,1606,1685,1552,1699,1497,1703,1444,1317,1318,1359,1292,1411,1290,1463,1303,1509,1323,1569,1342,1609,1341,1649,1345,1683,1360,1699,1394,1532,1376,1530,1409,1530,1441,1529,1475,1454,1515,1482,1525,1510,1536,1537,1536,1562,1535,1362,1353,1394,1339,1428,1345,1451,1378,1420,1373,1387,1364,1577,1406,1607,1386,1637,1390,1657,1416,1634,1419,1604,1413,1385,1596,1429,1572,1475,1567,1503,1579,1532,1578,1561,1597,1579,1634,1548,1651,1515,1657,1485,1654,1455,1645,1417,1625,1400,1598,1470,1593,1498,1601,1526,1604,1565,1628,1522,1626,1493,1622,1465,1615
2593,h,1,1,1236,1176,1771,1711,86.43333333333334,1215,1376,1207,1442,1205,1510,1214,1575,1240,1636,1286,1683,1341,1718,1395,1750,1454,1768,1508,1768,1556,1740,1600,1705,1636,1657,1663,1606,1685,1552,1699,1497,1703,1444,1317,1318,1359,1292,1411,1290,1463,1303,1509,1323,1569,1342,1609,1341,1649,1345,1683,1360,1699,1394,1532,1376,1530,1409,1530,1441,1529,1475,1454,1515,1482,1525,1510,1536,1537,1536,1562,1535,1362,1353,1394,1339,1428,1345,1451,1378,1420,1373,1387,1364,1577,1406,1607,1386,1637,1390,1657,1416,1634,1419,1604,1413,1385,1596,1429,1572,1475,1567,1503,1579,1532,1578,1561,1597,1579,1634,1548,1651,1515,1657,1485,1654,1455,1645,1417,1625,1400,1598,1470,1593,1498,1601,1526,1604,1565,1628,1522,1626,1493,1622,1465,1615
2594,h,1,1,1236,1176,1771,1711,86.46666666666667,1212,1370,1205,1438,1204,1508,1213,1575,1239,1639,1286,1688,1342,1723,1397,1754,1456,1772,1510,1770,1555,1742,1600,1706,1635,1657,1662,1605,1685,1550,1700,1495,1707,1444,1319,1319,1361,1293,1414,1290,1466,1302,1513,1321,1570,1339,1611,1338,1651,1344,1685,1359,1701,1391,1534,1375,1533,1409,1532,1440,1532,1475,1457,1516,1485,1525,1512,1535,1538,1536,1564,1535,1364,1354,1397,1339,1431,1345,1453,1379,1422,1374,1390,1366,1580,1405,1609,1384,1639,1389,1659,1415,1636,1417,1606,1412,1389,1599,1433,1574,1479,1568,1505,1580,1534,1578,1563,1599,1579,1636,1550,1656,1517,1664,1487,1661,1458,1653,1421,1632,1405,1601,1474,1594,1501,1601,1528,1604,1566,1631,1524,1633,1496,1631,1468,1624
2595,h,1,1,1236,1176,1771,1711,86.5,1220,1376,1214,1444,1214,1512,1223,1577,1250,1637,1295,1686,1349,1722,1401,1754,1459,1773,1514,1771,1560,1741,1603,1704,1637,1655,1664,1604,1687,1552,1702,1497,1709,1443,1318,1323,1359,1296,1410,1291,1462,1302,1509,1321,1571,1339,1613,1339,1654,1345,1689,1363,1705,1398,1532,1376,1531,1409,1530,1441,1530,1476,1456,1515,1484,1525,1512,1536,1540,1535,1566,1534,1365,1355,1396,1341,1429,1346,1452,1378,1422,1373,1390,1366,1580,1405,1609,1386,1640,1391,1660,1417,1636,1418,1606,1413,1392,1603,1432,1576,1479,1570,1506,1582,1535,1580,1563,1598,1577,1638,1551,1659,1519,1669,1489,1667,1459,1659,1421,1637,1406,1604,1474,1595,1502,1602,1529,1605,1564,1632,1526,1638,1497,1636,1468,1629
2596,h,1,1,1236,1176,1771,1711,86.53333333333333,1220,1376,1214,1444,1214,1512,1223,1577,1250,1637,1295,1686,1349,1722,1401,1754,1459,1773,1514,1771,1560,1741,1603,1704,1637,1655,1664,1604,1687,1552,1702,1497,1709,1443,1318,1323,1359,1296,1410,1291,1462,1302,1509,1321,1571,1339,1613,1339,1654,1345,1689,1363,1705,1398,1532,1376,1531,1409,1530,1441,1530,1476,1456,1515,1484,1525,1512,1536,1540,1535,1566,1534,1365,1355,1396,1341,1429,1346,1452,1378,1422,1373,1390,1366,1580,1405,1609,1386,1640,1391,1660,1417,1636,1418,1606,1413,1392,1603,1432,1576,1479,1570,1506,1582,1535,1580,1563,1598,1577,1638,1551,1659,1519,1669,1489,1667,1459,1659,1421,1637,1406,1604,1474,1595,1502,1602,1529,1605,1564,1632,1526,1638,1497,1636,1468,1629
2597,h,1,1,1236,1176,1771,1711,86.56666666666666,1218,1368,1209,1437,1208,1507,1217,1574,1243,1637,1289,1687,1344,1725,1398,1760,1459,1779,1516,1775,1563,1744,1608,1705,1644,1653,1670,1600,1692,1545,1705,1489,1710,1435,1322,1318,1365,1293,1416,1291,1467,1304,1513,1325,1574,1342,1614,1342,1653,1346,1687,1360,1702,1391,1537,1377,1536,1411,1536,1442,1535,1477,1458,1517,1487,1527,1516,1538,1542,1538,1568,1536,1368,1355,1400,1342,1433,1348,1456,1379,1425,1375,1393,1367,1581,1405,1610,1386,1640,1391,1660,1416,1638,1418,1608,1413,1391,1605,1434,1577,1481,1571,1507,1583,1537,1581,1566,1600,1581,1639,1553,1661,1521,1671,1490,1669,1461,1661,1423,1640,1406,1606,1476,1597,1503,1603,1531,1606,1568,1634,1527,1640,1498,1638,1470,1631
2598,h,1,1,1236,1176,1771,1711,86.6,1217,1369,1209,1438,1206,1507,1214,1574,1241,1637,1287,1687,1343,1725,1398,1759,1459,1778,1515,1774,1560,1742,1604,1703,1639,1653,1667,1601,1690,1547,1703,1493,1709,1441,1322,1318,1365,1294,1417,1292,1468,1305,1515,1326,1574,1343,1614,1342,1654,1345,1688,1360,1705,1391,1537,1378,1536,1411,1536,1444,1536,1479,1460,1517,1488,1528,1516,1539,1543,1538,1568,1536,1369,1356,1401,1342,1434,1348,1457,1379,1426,1375,1395,1367,1581,1404,1610,1386,1640,1390,1659,1415,1637,1417,1608,1412,1393,1604,1436,1577,1483,1571,1509,1583,1537,1581,1564,1600,1579,1637,1551,1660,1520,1670,1491,1667,1462,1660,1424,1640,1408,1606,1477,1597,1504,1603,1531,1606,1566,1633,1527,1637,1499,1635,1472,1629
2599,h,1,1,1236,1176,1771,1711,86.63333333333334,1221,1365,1211,1434,1207,1503,1215,1570,1240,1634,1284,1685,1340,1725,1395,1760,1456,1780,1513,1778,1559,1746,1605,1707,1641,1656,1669,1603,1692,1548,1705,1492,1708,1438,1325,1318,1368,1294,1419,1292,1470,1304,1516,1325,1572,1342,1613,1341,1653,1346,1688,1360,1706,1391,1536,1376,1534,1411,1534,1443,1533,1479,1458,1518,1486,1528,1514,1539,1541,1538,1567,1536,1370,1355,1401,1342,1434,1347,1457,1377,1427,1373,1395,1366,1582,1403,1611,1386,1641,1390,1660,1415,1638,1417,1609,1411,1393,1604,1435,1578,1482,1572,1509,1584,1536,1581,1565,1600,1580,1638,1552,1660,1521,1670,1491,1668,1461,1660,1424,1639,1409,1606,1477,1598,1504,1604,1531,1608,1567,1633,1527,1637,1499,1635,1471,1628
2600,h,1,1,1236,1176,1771,1711,86.66666666666667,1221,1365,1211,1434,1207,1503,1215,1570,1240,1634,1284,1685,1340,1725,1395,1760,1456,1780,1513,1778,1559,1746,1605,1707,1641,1656,1669,1603,1692,1548,1705,1492,1708,1438,1325,1318,1368,1294,1419,1292,1470,1304,1516,1325,1572,1342,1613,1341,1653,1346,1688,1360,1706,1391,1536,1376,1534,1411,1534,1443,1533,1479,1458,1518,1486,1528,1514,1539,1541,1538,1567,1536,1370,1355,1401,1342,1434,1347,1457,1377,1427,1373,1395,1366,1582,1403,1611,1386,1641,1390,1660,1415,1638,1417,1609,1411,1393,1604,1435,1578,1482,1572,1509,1584,1536,1581,1565,1600,1580,1638,1552,1660,1521,1670,1491,1668,1461,1660,1424,1639,1409,1606,1477,1598,1504,1604,1531,1608,1567,1633,1527,1637,1499,1635,1471,1628
2601,h,1,1,1236,1176,1771,1711,86.7,1218,1373,1210,1440,1208,1509,1216,1575,1241,1638,1285,1688,1341,1726,1396,1760,1456,1779,1513,1777,1559,1746,1605,1708,1640,1658,1667,1607,1690,1553,1704,1498,1710,1445,1323,1319,1365,1296,1416,1294,1466,1307,1513,1327,1578,1345,1617,1344,1656,1348,1689,1361,1705,1391,1537,1379,1536,1413,1535,1446,1535,1481,1459,1519,1487,1530,1515,1541,1541,1540,1567,1539,1368,1358,1400,1345,1433,1351,1456,1381,1426,1377,1394,1369,1582,1407,1611,1389,1641,1393,1661,1418,1638,1420,1609,1415,1391,1604,1435,1579,1482,1572,1508,1584,1536,1582,1564,1601,1579,1638,1551,1659,1520,1667,1490,1665,1461,1657,1423,1638,1407,1605,1476,1600,1503,1606,1530,1609,1566,1634,1527,1635,1498,1632,1471,1626
2602,h,1,1,1236,1176,1771,1711,86.73333333333333,1217,1369,1208,1438,1205,1507,1214,1574,1239,1637,1285,1687,1342,1724,1398,1757,1458,1776,1514,1772,1560,1741,1605,1704,1641,1655,1668,1603,1691,1549,1704,1494,1709,1442,1323,1319,1366,1297,1417,1295,1468,1309,1514,1330,1574,1347,1613,1346,1652,1349,1686,1363,1704,1393,1536,1379,1535,1413,1535,1446,1535,1481,1459,1520,1487,1530,1515,1541,1541,1541,1566,1538,1367,1358,1399,1343,1432,1349,1455,1380,1425,1377,1392,1369,1582,1406,1610,1387,1640,1392,1660,1417,1637,1419,1608,1414,1393,1603,1436,1580,1482,1574,1508,1586,1535,1584,1564,1603,1581,1638,1551,1658,1519,1665,1490,1662,1462,1654,1425,1635,1408,1605,1477,1599,1504,1606,1530,1609,1568,1634,1526,1635,1499,1632,1472,1626
2603,h,1,1,1236,1176,1771,1711,86.76666666666667,1221,1370,1213,1438,1210,1506,1216,1572,1241,1634,1286,1684,1341,1722,1394,1756,1455,1776,1512,1775,1559,1746,1605,1708,1640,1659,1667,1607,1689,1552,1703,1497,1707,1444,1323,1323,1364,1300,1414,1297,1464,1309,1511,1329,1572,1348,1612,1346,1652,1350,1687,1365,1705,1396,1534,1381,1533,1415,1532,1448,1531,1483,1457,1521,1485,1531,1513,1543,1539,1542,1565,1540,1369,1359,1400,1346,1433,1351,1456,1381,1425,1377,1394,1370,1580,1407,1609,1389,1639,1394,1659,1419,1636,1421,1607,1415,1392,1603,1434,1580,1480,1574,1506,1587,1534,1585,1562,1603,1580,1639,1550,1658,1518,1664,1488,1661,1459,1653,1423,1634,1408,1605,1475,1600,1502,1607,1529,1611,1566,1635,1525,1633,1497,1630,1469,1623
2604,h,1,1,1236,1176,1771,1711,86.8,1221,1370,1213,1438,1210,1506,1216,1572,1241,1634,1286,1684,1341,1722,1394,1756,1455,1776,1512,1775,1559,1746,1605,1708,1640,1659,1667,1607,1689,1552,1703,1497,1707,1444,1323,1323,1364,1300,1414,1297,1464,1309,1511,1329,1572,1348,1612,1346,1652,1350,1687,1365,1705,1396,1534,1381,1533,1415,1532,1448,1531,1483,1457,1521,1485,1531,1513,1543,1539,1542,1565,1540,1369,1359,1400,1346,1433,1351,1456,1381,1425,1377,1394,1370,1580,1407,1609,1389,1639,1394,1659,1419,1636,1421,1607,1415,1392,1603,1434,1580,1480,1574,1506,1587,1534,1585,1562,1603,1580,1639,1550,1658,1518,1664,1488,1661,1459,1653,1423,1634,1408,1605,1475,1600,1502,1607,1529,1611,1566,1635,1525,1633,1497,1630,1469,1623
2605,h,1,1,1236,1176,1771,1711,86.83333333333333,1222,1371,1211,1438,1207,1506,1214,1573,1239,1635,1284,1685,1341,1722,1395,1756,1456,1776,1511,1774,1558,1744,1603,1708,1639,1660,1666,1608,1688,1555,1701,1500,1706,1448,1325,1322,1367,1298,1418,1296,1468,1309,1512,1329,1573,1346,1613,1345,1651,1349,1686,1363,1703,1392,1535,1381,1533,1415,1533,1448,1532,1483,1457,1522,1485,1532,1512,1544,1539,1544,1564,1542,1370,1359,1400,1344,1433,1350,1456,1382,1425,1378,1393,1371,1580,1407,1609,1388,1639,1393,1658,1419,1636,1421,1606,1416,1389,1604,1432,1581,1478,1575,1505,1588,1533,1585,1562,1604,1579,1638,1550,1658,1518,1666,1488,1663,1459,1654,1421,1634,1406,1606,1473,1603,1501,1610,1528,1613,1565,1635,1525,1633,1496,1631,1469,1624
2606,h,1,1,1236,1176,1771,1711,86.86666666666666,1219,1373,1210,1441,1207,1510,1214,1577,1240,1639,1287,1687,1343,1723,1397,1755,1457,1774,1513,1773,1560,1745,1604,1708,1639,1659,1665,1606,1688,1552,1701,1497,1706,1444,1320,1324,1363,1299,1414,1297,1465,1312,1511,1333,1571,1349,1612,1348,1652,1351,1687,1366,1703,1398,1533,1382,1532,1416,1531,1449,1531,1484,1456,1522,1484,1532,1512,1544,1538,1544,1564,1542,1366,1360,1397,1348,1430,1353,1453,1383,1422,1380,1391,1372,1580,1408,1608,1391,1638,1396,1657,1420,1635,1422,1606,1417,1390,1605,1432,1581,1477,1576,1504,1589,1533,1587,1561,1606,1578,1641,1549,1659,1517,1665,1487,1662,1457,1654,1420,1634,1406,1606,1472,1603,1500,1611,1527,1614,1565,1636,1524,1634,1495,1631,1467,1624
2607,h,1,1,1236,1176,1771,1711,86.9,1221,1366,1210,1432,1207,1501,1212,1568,1235,1631,1279,1682,1334,1721,1390,1756,1452,1776,1510,1774,1558,1744,1602,1707,1637,1658,1663,1606,1684,1552,1697,1497,1702,1445,1324,1321,1367,1299,1417,1298,1467,1311,1512,1331,1574,1348,1613,1347,1651,1351,1685,1365,1702,1395,1534,1382,1532,1416,1530,1449,1529,1485,1455,1522,1483,1533,1510,1545,1537,1544,1562,1542,1368,1360,1399,1347,1432,1353,1455,1383,1424,1380,1392,1372,1579,1409,1607,1390,1638,1395,1657,1420,1635,1423,1605,1417,1386,1605,1430,1582,1476,1577,1503,1589,1532,1586,1560,1605,1577,1640,1548,1659,1516,1666,1486,1663,1456,1655,1418,1636,1403,1607,1471,1603,1498,1611,1526,1613,1564,1635,1523,1634,1494,1631,1466,1624
2608,h,1,1,1236,1176,1771,1711,86.93333333333334,1221,1366,1210,1432,1207,1501,1212,1568,1235,1631,1279,1682,1334,1721,1390,1756,1452,1776,1510,1774,1558,1744,1602,1707,1637,1658,1663,1606,1684,1552,1697,1497,1702,1445,1324,1321,1367,1299,1417,1298,1467,1311,1512,1331,1574,1348,1613,1347,1651,1351,1685,1365,1702,1395,1534,1382,1532,1416,1530,1449,1529,1485,1455,1522,1483,1533,1510,1545,1537,1544,1562,1542,1368,1360,1399,1347,1432,1353,1455,1383,1424,1380,1392,1372,1579,1409,1607,1390,1638,1395,1657,1420,1635,1423,1605,1417,1386,1605,1430,1582,1476,1577,1503,1589,1532,1586,1560,1605,1577,1640,1548,1659,1516,1666,1486,1663,1456,1655,1418,1636,1403,1607,1471,1603,1498,1611,1526,1613,1564,1635,1523,1634,1494,1631,1466,1624
2609,h,1,1,1236,1176,1771,1711,86.96666666666667,1211,1374,1203,1441,1202,1509,1211,1575,1238,1636,1284,1685,1341,1721,1395,1755,1454,1774,1509,1774,1556,1745,1601,1708,1637,1659,1664,1606,1686,1553,1700,1498,1705,1447,1318,1324,1361,1300,1412,1297,1464,1309,1511,1329,1568,1345,1609,1344,1650,1349,1684,1365,1701,1397,1532,1380,1531,1415,1530,1448,1530,1484,1454,1521,1483,1532,1510,1543,1537,1543,1561,1542,1366,1358,1397,1344,1430,1350,1453,1381,1423,1378,1391,1370,1578,1407,1606,1388,1637,1394,1656,1420,1634,1422,1604,1417,1388,1603,1431,1581,1477,1577,1503,1588,1531,1587,1559,1605,1576,1639,1547,1657,1515,1664,1486,1660,1457,1652,1420,1633,1404,1605,1471,1601,1498,1608,1525,1611,1563,1635,1522,1634,1494,1631,1466,1624
2610,h,1,1,1236,1176,1771,1711,87.0,1214,1372,1205,1440,1202,1510,1211,1577,1235,1638,1281,1686,1337,1721,1391,1754,1452,1774,1508,1774,1555,1745,1600,1708,1637,1660,1664,1608,1686,1554,1699,1498,1703,1444,1316,1320,1359,1297,1410,1296,1461,1309,1507,1329,1567,1347,1607,1346,1647,1350,1682,1364,1699,1396,1529,1382,1528,1416,1527,1448,1526,1483,1452,1521,1480,1532,1508,1543,1534,1543,1560,1541,1361,1358,1393,1344,1426,1350,1449,1383,1418,1379,1386,1371,1576,1409,1604,1389,1635,1394,1655,1420,1632,1422,1602,1417,1383,1604,1427,1580,1474,1575,1500,1587,1529,1585,1558,1603,1576,1638,1546,1658,1514,1665,1484,1662,1455,1654,1416,1634,1400,1606,1468,1601,1496,1607,1524,1611,1562,1633,1521,1633,1492,1630,1464,1623
2611,h,1,1,1236,1176,1771,1711,87.03333333333333,1214,1372,1205,1440,1202,1510,1211,1577,1235,1638,1281,1686,1337,1721,1391,1754,1452,1774,1508,1774,1555,1745,1600,1708,1637,1660,1664,1608,1686,1554,1699,1498,1703,1444,1316,1320,1359,1297,1410,1296,1461,1309,1507,1329,1567,1347,1607,1346,1647,1350,1682,1364,1699,1396,1529,1382,1528,1416,1527,1448,1526,1483,1452,1521,1480,1532,1508,1543,1534,1543,1560,1541,1361,1358,1393,1344,1426,1350,1449,1383,1418,1379,1386,1371,1576,1409,1604,1389,1635,1394,1655,1420,1632,1422,1602,1417,1383,1604,1427,1580,1474,1575,1500,1587,1529,1585,1558,1603,1576,1638,1546,1658,1514,1665,1484,1662,1455,1654,1416,1634,1400,1606,1468,1601,1496,1607,1524,1611,1562,1633,1521,1633,1492,1630,1464,1623
2612,h,1,1,1236,1176,1771,1711,87.06666666666666,1210,1372,1203,1440,1201,1509,1209,1576,1236,1638,1284,1686,1340,1723,1395,1756,1456,1775,1511,1772,1558,1741,1603,1704,1638,1655,1664,1603,1686,1550,1699,1495,1703,1442,1316,1321,1359,1298,1409,1297,1460,1311,1506,1332,1568,1350,1607,1348,1647,1350,1682,1363,1701,1393,1529,1380,1528,1414,1527,1446,1526,1481,1451,1521,1479,1532,1507,1543,1535,1542,1560,1539,1361,1359,1393,1345,1426,1351,1450,1382,1418,1378,1386,1370,1575,1407,1604,1388,1635,1393,1655,1418,1632,1420,1602,1415,1384,1605,1428,1581,1473,1575,1500,1587,1528,1585,1557,1603,1576,1638,1546,1657,1513,1665,1484,1662,1454,1654,1417,1635,1400,1606,1468,1601,1496,1607,1523,1611,1562,1634,1519,1632,1492,1629,1463,1622
2613,h,1,1,1236,1176,1771,1711,87.1,1209,1377,1201,1445,1201,1514,1210,1581,1237,1642,1284,1690,1341,1725,1397,1756,1458,1774,1513,1771,1559,1740,1604,1702,1639,1653,1664,1601,1687,1548,1701,1492,1705,1438,1311,1325,1354,1299,1406,1296,1459,1308,1507,1328,1568,1345,1609,1344,1648,1347,1684,1361,1702,1393,1530,1380,1529,1414,1529,1447,1529,1482,1452,1521,1481,1531,1509,1543,1535,1542,1561,1540,1358,1359,1391,1344,1425,1350,1449,1382,1418,1378,1385,1370,1574,1407,1605,1387,1636,1392,1656,1418,1633,1420,1603,1415,1384,1604,1429,1580,1475,1575,1501,1587,1530,1585,1558,1603,1576,1639,1546,1657,1515,1664,1485,1661,1456,1653,1418,1634,1400,1605,1469,1600,1497,1606,1525,1610,1562,1633,1521,1632,1493,1629,1465,1622
2614,h,1,1,1236,1176,1771,1711,87.13333333333334,1209,1374,1200,1441,1199,1510,1209,1576,1234,1638,1281,1687,1339,1723,1394,1755,1454,1774,1510,1772,1557,1741,1602,1703,1636,1654,1663,1602,1685,1549,1698,1493,1701,1440,1313,1325,1355,1298,1407,1295,1460,1308,1507,1330,1567,1346,1608,1345,1647,1348,1682,1362,1699,1395,1529,1380,1529,1414,1529,1447,1529,1482,1452,1521,1481,1532,1509,1543,1536,1542,1562,1540,1359,1359,1391,1344,1425,1350,1448,1382,1417,1378,1384,1370,1575,1407,1604,1387,1635,1392,1655,1417,1633,1420,1603,1415,1384,1604,1429,1580,1475,1575,1501,1587,1529,1584,1558,1602,1575,1638,1546,1658,1514,1666,1485,1663,1455,1655,1418,1635,1400,1605,1470,1601,1497,1607,1524,1610,1562,1633,1521,1631,1493,1628,1465,1622
2615,h,1,1,1236,1176,1771,1711,87.16666666666667,1209,1374,1200,1441,1199,1510,1209,1576,1234,1638,1281,1687,1339,1723,1394,1755,1454,1774,1510,1772,1557,1741,1602,1703,1636,1654,1663,1602,1685,1549,1698,1493,1701,1440,1313,1325,1355,1298,1407,1295,1460,1308,1507,1330,1567,1346,1608,1345,1647,1348,1682,1362,1699,1395,1529,1380,1529,1414,1529,1447,1529,1482,1452,1521,1481,1532,1509,1543,1536,1542,1562,1540,1359,1359,1391,1344,1425,1350,1448,1382,1417,1378,1384,1370,1575,1407,1604,1387,1635,1392,1655,1417,1633,1420,1603,1415,1384,1604,1429,1580,1475,1575,1501,1587,1529,1584,1558,1602,1575,1638,1546,1658,1514,1666,1485,1663,1455,1655,1418,1635,1400,1605,1470,1601,1497,1607,1524,1610,1562,1633,1521,1631,1493,1628,1465,1622
2616,h,1,1,1236,1176,1771,1711,87.2,1212,1372,1203,1440,1201,1510,1209,1577,1235,1639,1281,1688,1339,1724,1394,1757,1456,1775,1512,1773,1558,1743,1603,1705,1638,1655,1664,1603,1687,1549,1699,1493,1704,1440,1316,1321,1359,1297,1410,1295,1461,1309,1508,1330,1569,1346,1609,1344,1649,1347,1683,1360,1700,1392,1530,1380,1530,1414,1530,1447,1529,1482,1451,1521,1481,1532,1510,1543,1537,1543,1563,1540,1360,1359,1393,1345,1426,1351,1449,1381,1419,1379,1386,1371,1575,1406,1605,1387,1635,1392,1655,1417,1632,1420,1603,1415,1384,1605,1428,1580,1474,1575,1501,1587,1530,1585,1559,1603,1576,1639,1547,1659,1516,1667,1485,1664,1455,1656,1417,1636,1400,1606,1469,1601,1497,1608,1525,1611,1563,1634,1522,1632,1493,1630,1464,1623
2617,h,1,1,1236,1176,1771,1711,87.23333333333333,1211,1380,1204,1447,1204,1515,1212,1581,1239,1642,1285,1690,1343,1726,1399,1756,1458,1773,1514,1771,1560,1741,1605,1703,1639,1653,1665,1601,1686,1547,1699,1493,1703,1440,1315,1322,1358,1298,1409,1296,1460,1309,1507,1330,1567,1347,1607,1345,1646,1348,1680,1363,1698,1394,1530,1380,1529,1414,1529,1447,1528,1482,1452,1521,1481,1532,1509,1543,1536,1543,1561,1540,1359,1359,1391,1345,1425,1351,1448,1382,1417,1378,1385,1371,1575,1407,1604,1388,1635,1392,1655,1418,1633,1421,1603,1416,1384,1604,1429,1581,1474,1575,1501,1587,1530,1585,1559,1603,1577,1638,1547,1656,1515,1663,1485,1660,1455,1652,1417,1633,1400,1605,1469,1601,1497,1607,1525,1611,1564,1633,1521,1632,1493,1629,1464,1622
2618,h,1,1,1236,1176,1771,1711,87.26666666666667,1210,1375,1203,1444,1202,1513,1211,1580,1236,1641,1282,1690,1340,1726,1396,1758,1456,1776,1513,1774,1560,1743,1606,1705,1640,1655,1666,1602,1688,1548,1702,1492,1706,1439,1313,1323,1356,1299,1407,1296,1459,1309,1506,1330,1569,1345,1609,1344,1649,1347,1683,1362,1701,1394,1530,1380,1529,1414,1529,1447,1529,1482,1452,1521,1481,1532,1510,1543,1537,1542,1562,1540,1359,1359,1391,1344,1425,1350,1449,1381,1417,1378,1385,1371,1575,1406,1605,1387,1636,1391,1656,1417,1634,1420,1603,1415,1384,1603,1429,1579,1475,1574,1502,1586,1530,1585,1559,1603,1578,1638,1547,1656,1515,1662,1485,1659,1456,1651,1418,1633,1400,1604,1470,1600,1498,1606,1525,1610,1564,1633,1521,1631,1493,1628,1465,1621
2619,h,1,1,1236,1176,1771,1711,87.3,1210,1375,1203,1444,1202,1513,1211,1580,1236,1641,1282,1690,1340,1726,1396,1758,1456,1776,1513,1774,1560,1743,1606,1705,1640,1655,1666,1602,1688,1548,1702,1492,1706,1439,1313,1323,1356,1299,1407,1296,1459,1309,1506,1330,1569,1345,1609,1344,1649,1347,1683,1362,1701,1394,1530,1380,1529,1414,1529,1447,1529,1482,1452,1521,1481,1532,1510,1543,1537,1542,1562,1540,1359,1359,1391,1344,1425,1350,1449,1381,1417,1378,1385,1371,1575,1406,1605,1387,1636,1391,1656,1417,1634,1420,1603,1415,1384,1603,1429,1579,1475,1574,1502,1586,1530,1585,1559,1603,1578,1638,1547,1656,1515,1662,1485,1659,1456,1651,1418,1633,1400,1604,1470,1600,1498,1606,1525,1610,1564,1633,1521,1631,1493,1628,1465,1621
2620,h,1,1,1236,1176,1771,1711,87.33333333333333,1210,1373,1202,1440,1201,1508,1210,1574,1236,1634,1282,1683,1338,1719,1393,1752,1453,1772,1508,1771,1556,1742,1602,1705,1638,1657,1665,1604,1686,1550,1699,1494,1704,1440,1315,1319,1359,1298,1409,1297,1460,1311,1506,1331,1569,1349,1609,1347,1648,1349,1683,1363,1701,1394,1529,1381,1528,1414,1528,1446,1528,1481,1452,1520,1480,1531,1508,1542,1535,1541,1561,1539,1359,1359,1391,1345,1426,1351,1449,1383,1417,1379,1384,1371,1575,1409,1605,1389,1636,1393,1656,1419,1633,1422,1603,1417,1384,1603,1428,1579,1474,1574,1502,1585,1530,1584,1559,1602,1578,1637,1548,1656,1515,1662,1485,1659,1456,1651,1417,1631,1400,1604,1469,1599,1497,1606,1525,1610,1564,1632,1522,1630,1493,1627,1465,1620
2621,h,1,1,1236,1176,1771,1711,87.36666666666666,1212,1373,1203,1441,1201,1509,1208,1576,1234,1637,1280,1686,1337,1722,1393,1754,1454,1772,1512,1771,1560,1741,1606,1704,1641,1655,1667,1601,1687,1546,1699,1490,1703,1437,1317,1319,1361,1298,1410,1297,1460,1311,1504,1331,1570,1347,1609,1345,1647,1348,1680,1361,1698,1392,1529,1379,1528,1413,1527,1446,1526,1482,1452,1520,1480,1531,1509,1542,1536,1541,1561,1539,1361,1358,1393,1344,1426,1349,1449,1380,1418,1377,1386,1369,1576,1405,1605,1386,1635,1391,1655,1416,1632,1418,1603,1413,1385,1602,1430,1579,1475,1574,1503,1586,1531,1584,1560,1602,1579,1636,1548,1653,1516,1658,1487,1655,1457,1647,1419,1629,1401,1603,1470,1600,1498,1607,1526,1610,1565,1631,1523,1627,1494,1624,1466,1617
2622,h,1,1,1236,1176,1771,1711,87.4,1211,1375,1204,1441,1203,1509,1211,1575,1236,1635,1282,1683,1338,1718,1394,1751,1455,1770,1512,1769,1560,1741,1607,1705,1643,1657,1669,1604,1690,1550,1703,1494,1706,1441,1315,1323,1358,1298,1409,1296,1460,1309,1507,1328,1567,1346,1609,1345,1649,1348,1685,1363,1702,1395,1529,1378,1528,1412,1528,1445,1528,1480,1453,1520,1482,1531,1510,1542,1536,1541,1561,1539,1360,1358,1392,1344,1426,1349,1449,1380,1418,1376,1386,1369,1576,1405,1605,1386,1636,1391,1656,1416,1633,1418,1603,1413,1384,1602,1429,1579,1474,1573,1503,1586,1532,1583,1561,1601,1580,1634,1550,1650,1518,1657,1487,1654,1456,1646,1418,1628,1400,1603,1469,1599,1498,1606,1526,1609,1566,1630,1524,1625,1495,1622,1465,1615
2623,h,1,1,1236,1176,1771,1711,87.43333333333334,1211,1375,1204,1441,1203,1509,1211,1575,1236,1635,1282,1683,1338,1718,1394,1751,1455,1770,1512,1769,1560,1741,1607,1705,1643,1657,1669,1604,1690,1550,1703,1494,1706,1441,1315,1323,1358,1298,1409,1296,1460,1309,1507,1328,1567,1346,1609,1345,1649,1348,1685,1363,1702,1395,1529,1378,1528,1412,1528,1445,1528,1480,1453,1520,1482,1531,1510,1542,1536,1541,1561,1539,1360,1358,1392,1344,1426,1349,1449,1380,1418,1376,1386,1369,1576,1405,1605,1386,1636,1391,1656,1416,1633,1418,1603,1413,1384,1602,1429,1579,1474,1573,1503,1586,1532,1583,1561,1601,1580,1634,1550,1650,1518,1657,1487,1654,1456,1646,1418,1628,1400,1603,1469,1599,1498,1606,1526,1609,1566,1630,1524,1625,1495,1622,1465,1615
2624,h,1,1,1236,1176,1771,1711,87.46666666666667,1214,1369,1206,1437,1204,1506,1212,1573,1239,1634,1284,1681,1341,1717,1396,1750,1456,1768,1512,1767,1560,1738,1606,1702,1642,1654,1669,1602,1690,1549,1703,1493,1707,1439,1319,1317,1363,1296,1412,1295,1462,1308,1507,1327,1571,1346,1611,1346,1650,1348,1684,1362,1703,1392,1530,1379,1529,1413,1528,1445,1527,1480,1454,1519,1482,1529,1510,1540,1536,1540,1562,1538,1363,1356,1395,1343,1428,1349,1450,1380,1420,1376,1388,1368,1577,1406,1606,1386,1637,1391,1656,1417,1633,1419,1604,1414,1387,1600,1432,1577,1476,1573,1503,1584,1532,1582,1561,1600,1580,1634,1549,1650,1516,1656,1486,1653,1457,1645,1420,1627,1403,1601,1471,1598,1499,1604,1526,1608,1567,1629,1523,1625,1494,1622,1466,1615
2625,h,1,1,1236,1176,1771,1711,87.5,1217,1367,1207,1434,1204,1502,1212,1569,1236,1631,1281,1680,1337,1717,1393,1749,1453,1767,1508,1766,1556,1738,1601,1702,1636,1654,1663,1602,1684,1549,1698,1495,1702,1442,1321,1318,1365,1296,1414,1293,1464,1307,1509,1326,1571,1342,1612,1343,1650,1347,1684,1362,1701,1394,1532,1378,1530,1412,1529,1444,1528,1479,1455,1517,1483,1527,1511,1538,1537,1538,1561,1535,1365,1355,1396,1342,1428,1348,1452,1377,1421,1374,1390,1367,1577,1403,1606,1385,1636,1390,1655,1415,1632,1417,1603,1411,1390,1598,1435,1578,1480,1572,1504,1582,1531,1581,1560,1599,1579,1631,1548,1649,1516,1656,1488,1653,1461,1646,1424,1627,1406,1599,1474,1597,1500,1604,1526,1607,1566,1627,1523,1624,1496,1621,1470,1614
2626,h,1,1,1236,1176,1771,1711,87.53333333333333,1217,1367,1207,1434,1204,1502,1212,1569,1236,1631,1281,1680,1337,1717,1393,1749,1453,1767,1508,1766,1556,1738,1601,1702,1636,1654,1663,1602,1684,1549,1698,1495,1702,1442,1321,1318,1365,1296,1414,1293,1464,1307,1509,1326,1571,1342,1612,1343,1650,1347,1684,1362,1701,1394,1532,1378,1530,1412,1529,1444,1528,1479,1455,1517,1483,1527,1511,1538,1537,1538,1561,1535,1365,1355,1396,1342,1428,1348,1452,1377,1421,1374,1390,1367,1577,1403,1606,1385,1636,1390,1655,1415,1632,1417,1603,1411,1390,1598,1435,1578,1480,1572,1504,1582,1531,1581,1560,1599,1579,1631,1548,1649,1516,1656,1488,1653,1461,1646,1424,1627,1406,1599,1474,1597,1500,1604,1526,1607,1566,1627,1523,1624,1496,1621,1470,1614
2627,h,1,1,1236,1176,1771,1711,87.56666666666666,1217,1367,1206,1433,1202,1501,1210,1568,1235,1629,1281,1678,1337,1715,1392,1748,1452,1767,1508,1766,1555,1736,1599,1699,1635,1652,1662,1601,1685,1548,1699,1494,1703,1441,1322,1316,1366,1294,1416,1293,1465,1307,1510,1327,1573,1345,1613,1344,1650,1347,1685,1361,1701,1391,1533,1378,1532,1411,1531,1444,1530,1479,1457,1517,1484,1527,1512,1539,1538,1538,1562,1535,1366,1355,1397,1343,1429,1348,1452,1377,1422,1373,1391,1366,1579,1403,1608,1385,1637,1391,1656,1415,1634,1416,1605,1411,1390,1599,1435,1578,1480,1572,1506,1583,1533,1581,1561,1600,1580,1631,1550,1647,1518,1653,1489,1651,1461,1643,1425,1625,1406,1599,1474,1598,1501,1605,1528,1608,1566,1626,1524,1620,1497,1617,1470,1611
2628,h,1,1,1236,1176,1771,1711,87.6,1217,1371,1207,1437,1204,1505,1211,1570,1237,1633,1284,1680,1342,1714,1399,1743,1457,1759,1512,1757,1559,1732,1603,1697,1637,1650,1664,1599,1685,1546,1698,1493,1704,1443,1321,1316,1365,1293,1416,1293,1467,1307,1512,1328,1573,1345,1612,1344,1650,1347,1684,1361,1700,1392,1535,1378,1533,1412,1533,1444,1532,1480,1457,1516,1485,1527,1513,1538,1539,1538,1563,1535,1366,1355,1398,1342,1430,1348,1452,1379,1422,1375,1390,1367,1579,1404,1608,1386,1637,1390,1655,1414,1634,1417,1606,1412,1393,1596,1440,1577,1484,1571,1508,1582,1534,1580,1562,1598,1581,1628,1550,1642,1519,1648,1492,1646,1465,1639,1428,1621,1409,1597,1479,1598,1504,1604,1529,1607,1568,1623,1525,1617,1500,1615,1474,1609
2629,h,1,1,1236,1176,1771,1711,87.63333333333334,1216,1370,1207,1435,1204,1502,1213,1567,1238,1627,1285,1674,1342,1708,1397,1740,1457,1758,1512,1757,1559,1729,1601,1694,1636,1648,1663,1598,1684,1546,1697,1493,1703,1441,1319,1315,1362,1292,1413,1291,1464,1305,1510,1325,1573,1344,1613,1342,1652,1346,1686,1359,1702,1391,1533,1379,1531,1412,1530,1444,1529,1478,1456,1515,1483,1526,1512,1538,1538,1537,1562,1534,1365,1356,1396,1343,1429,1349,1453,1380,1422,1377,1390,1370,1578,1406,1607,1386,1637,1391,1656,1415,1634,1419,1605,1414,1396,1596,1441,1576,1484,1571,1508,1582,1534,1580,1561,1597,1580,1627,1551,1640,1520,1646,1493,1644,1467,1637,1431,1620,1412,1596,1479,1598,1504,1605,1529,1607,1567,1622,1526,1614,1500,1612,1475,1605
2630,h,1,1,1236,1176,1771,1711,87.66666666666667,1216,1370,1207,1435,1204,1502,1213,1567,1238,1627,1285,1674,1342,1708,1397,1740,1457,1758,1512,1757,1559,1729,1601,1694,1636,1648,1663,1598,1684,1546,1697,1493,1703,1441,1319,1315,1362,1292,1413,1291,1464,1305,1510,1325,1573,1344,1613,1342,1652,1346,1686,1359,1702,1391,1533,1379,1531,1412,1530,1444,1529,1478,1456,1515,1483,1526,1512,1538,1538,1537,1562,1534,1365,1356,1396,1343,1429,1349,1453,1380,1422,1377,1390,1370,1578,1406,1607,1386,1637,1391,1656,1415,1634,1419,1605,1414,1396,1596,1441,1576,1484,1571,1508,1582,1534,1580,1561,1597,1580,1627,1551,1640,1520,1646,1493,1644,1467,1637,1431,1620,1412,1596,1479,1598,1504,1605,1529,1607,1567,1622,1526,1614,1500,1612,1475,1605
2631,h,1,1,1236,1176,1771,1711,87.7,1214,1368,1206,1434,1204,1501,1213,1567,1238,1629,1286,1678,1344,1714,1399,1746,1459,1764,1514,1762,1561,1733,1605,1696,1638,1647,1663,1596,1685,1543,1698,1490,1702,1438,1318,1318,1361,1293,1413,1291,1464,1305,1512,1325,1574,1344,1614,1343,1652,1346,1687,1361,1702,1394,1534,1377,1532,1410,1531,1442,1531,1477,1456,1516,1484,1526,1512,1538,1538,1537,1563,1535,1364,1354,1396,1341,1429,1347,1453,1377,1422,1373,1390,1366,1579,1403,1609,1385,1639,1390,1657,1414,1635,1417,1606,1412,1393,1596,1438,1576,1483,1570,1508,1582,1533,1579,1562,1597,1582,1628,1551,1641,1520,1647,1493,1644,1465,1637,1428,1619,1408,1596,1477,1598,1503,1605,1529,1607,1568,1623,1526,1615,1500,1612,1474,1605
2632,h,1,1,1236,1176,1771,1711,87.73333333333333,1216,1370,1206,1436,1203,1504,1212,1570,1239,1630,1287,1676,1344,1711,1399,1742,1458,1759,1513,1758,1560,1730,1604,1695,1639,1648,1665,1597,1687,1546,1700,1494,1706,1444,1322,1313,1366,1291,1415,1291,1465,1305,1510,1324,1576,1342,1614,1342,1652,1345,1685,1359,1701,1389,1534,1377,1532,1411,1531,1443,1530,1479,1456,1516,1484,1527,1512,1538,1538,1537,1562,1535,1366,1355,1398,1343,1429,1349,1452,1378,1422,1374,1391,1367,1579,1403,1608,1385,1636,1391,1655,1414,1633,1416,1605,1411,1393,1596,1438,1576,1482,1570,1507,1582,1533,1580,1561,1597,1580,1627,1550,1639,1519,1645,1491,1643,1464,1636,1427,1618,1408,1596,1477,1598,1503,1605,1528,1607,1567,1622,1525,1614,1499,1611,1473,1605
2633,h,1,1,1236,1176,1771,1711,87.76666666666667,1216,1371,1207,1437,1205,1505,1214,1570,1241,1630,1288,1676,1345,1710,1400,1740,1460,1756,1514,1755,1561,1729,1604,1694,1639,1647,1663,1596,1684,1545,1697,1493,1703,1443,1316,1317,1361,1293,1413,1292,1465,1306,1512,1327,1571,1345,1611,1343,1651,1346,1686,1361,1702,1393,1532,1378,1531,1411,1530,1443,1529,1478,1454,1517,1482,1527,1511,1538,1538,1538,1562,1535,1363,1355,1395,1342,1428,1349,1451,1379,1420,1376,1388,1368,1578,1405,1607,1386,1637,1391,1657,1415,1634,1419,1605,1414,1392,1596,1436,1577,1480,1571,1506,1583,1533,1580,1561,1598,1580,1628,1550,1641,1519,1647,1491,1645,1463,1638,1426,1620,1408,1596,1475,1599,1502,1606,1528,1608,1567,1623,1525,1615,1499,1613,1472,1606
2634,h,1,1,1236,1176,1771,1711,87.8,1216,1371,1207,1437,1205,1505,1214,1570,1241,1630,1288,1676,1345,1710,1400,1740,1460,1756,1514,1755,1561,1729,1604,1694,1639,1647,1663,1596,1684,1545,1697,1493,1703,1443,1316,1317,1361,1293,1413,1292,1465,1306,1512,1327,1571,1345,1611,1343,1651,1346,1686,1361,1702,1393,1532,1378,1531,1411,1530,1443,1529,1478,1454,1517,1482,1527,1511,1538,1538,1538,1562,1535,1363,1355,1395,1342,1428,1349,1451,1379,1420,1376,1388,1368,1578,1405,1607,1386,1637,1391,1657,1415,1634,1419,1605,1414,1392,1596,1436,1577,1480,1571,1506,1583,1533,1580,1561,1598,1580,1628,1550,1641,1519,1647,1491,1645,1463,1638,1426,1620,1408,1596,1475,1599,1502,1606,1528,1608,1567,1623,1525,1615,1499,1613,1472,1606
2635,h,1,1,1236,1176,1771,1711,87.83333333333333,1218,1369,1209,1435,1205,1503,1212,1568,1238,1630,1284,1678,1341,1713,1396,1744,1455,1761,1510,1759,1557,1733,1602,1698,1638,1651,1664,1600,1685,1546,1697,1492,1703,1441,1320,1316,1364,1294,1415,1293,1464,1306,1510,1325,1571,1343,1610,1343,1649,1347,1682,1361,1698,1392,1533,1378,1531,1411,1530,1443,1530,1479,1456,1517,1483,1527,1511,1538,1538,1538,1562,1535,1366,1355,1397,1343,1429,1349,1452,1378,1421,1375,1390,1367,1578,1404,1607,1385,1636,1390,1655,1414,1633,1417,1604,1412,1391,1599,1435,1577,1479,1572,1506,1584,1533,1581,1563,1598,1581,1631,1551,1643,1519,1650,1490,1648,1461,1640,1424,1622,1407,1598,1474,1599,1502,1606,1528,1609,1568,1626,1525,1618,1498,1616,1470,1609
2636,h,1,1,1236,1176,1771,1711,87.86666666666666,1214,1371,1204,1438,1201,1506,1209,1572,1235,1635,1282,1683,1339,1718,1394,1751,1453,1769,1509,1766,1556,1737,1600,1701,1636,1653,1664,1602,1686,1548,1698,1494,1702,1442,1317,1318,1361,1295,1412,1293,1463,1306,1510,1327,1571,1345,1611,1343,1651,1345,1686,1358,1703,1390,1532,1377,1531,1411,1530,1443,1530,1478,1455,1517,1483,1527,1511,1538,1537,1538,1562,1536,1363,1355,1395,1343,1427,1348,1450,1379,1419,1375,1388,1367,1579,1404,1607,1386,1637,1390,1656,1414,1634,1417,1605,1412,1389,1599,1433,1577,1478,1572,1504,1584,1531,1582,1560,1599,1578,1632,1548,1648,1515,1655,1487,1653,1459,1645,1421,1627,1405,1599,1473,1599,1500,1606,1526,1608,1566,1627,1522,1623,1495,1620,1468,1614
2637,h,1,1,1236,1176,1771,1711,87.9,1220,1368,1210,1435,1207,1503,1215,1570,1240,1631,1286,1680,1342,1716,1396,1750,1454,1769,1509,1767,1557,1738,1600,1700,1636,1651,1662,1599,1685,1546,1698,1493,1702,1441,1320,1317,1364,1294,1414,1293,1465,1306,1511,1326,1571,1342,1612,1341,1651,1346,1686,1360,1703,1391,1533,1378,1532,1412,1531,1444,1529,1479,1456,1518,1484,1528,1511,1540,1538,1539,1563,1537,1366,1355,1397,1342,1429,1348,1453,1378,1422,1374,1391,1367,1579,1404,1608,1385,1638,1390,1657,1415,1634,1417,1605,1412,1390,1600,1432,1577,1477,1572,1504,1585,1532,1582,1561,1600,1579,1634,1549,1652,1516,1660,1487,1657,1458,1649,1421,1629,1406,1600,1472,1599,1500,1606,1527,1609,1566,1629,1523,1626,1495,1624,1467,1617
2638,h,1,1,1236,1176,1771,1711,87.93333333333334,1220,1368,1210,1435,1207,1503,1215,1570,1240,1631,1286,1680,1342,1716,1396,1750,1454,1769,1509,1767,1557,1738,1600,1700,1636,1651,1662,1599,1685,1546,1698,1493,1702,1441,1320,1317,1364,1294,1414,1293,1465,1306,1511,1326,1571,1342,1612,1341,1651,1346,1686,1360,1703,1391,1533,1378,1532,1412,1531,1444,1529,1479,1456,1518,1484,1528,1511,1540,1538,1539,1563,1537,1366,1355,1397,1342,1429,1348,1453,1378,1422,1374,1391,1367,1579,1404,1608,1385,1638,1390,1657,1415,1634,1417,1605,1412,1390,1600,1432,1577,1477,1572,1504,1585,1532,1582,1561,1600,1579,1634,1549,1652,1516,1660,1487,1657,1458,1649,1421,1629,1406,1600,1472,1599,1500,1606,1527,1609,1566,1629,1523,1626,1495,1624,1467,1617
2639,h,1,1,1236,1176,1771,1711,87.96666666666667,1216,1369,1207,1435,1204,1503,1212,1569,1237,1631,1283,1679,1340,1714,1393,1746,1451,1765,1506,1764,1553,1737,1597,1701,1634,1655,1661,1604,1685,1551,1699,1497,1704,1445,1322,1315,1366,1293,1416,1292,1467,1306,1512,1326,1573,1344,1611,1343,1649,1347,1682,1361,1700,1390,1534,1380,1533,1413,1532,1444,1530,1478,1456,1518,1483,1528,1511,1539,1537,1539,1561,1537,1366,1354,1397,1341,1430,1348,1452,1379,1421,1375,1390,1367,1578,1406,1606,1386,1637,1391,1656,1415,1633,1419,1604,1414,1390,1601,1433,1578,1478,1572,1503,1584,1531,1582,1559,1601,1576,1635,1546,1651,1514,1659,1485,1656,1457,1648,1421,1629,1405,1602,1472,1599,1498,1607,1525,1610,1564,1630,1521,1626,1494,1624,1467,1617
2640,h,1,1,1236,1176,1771,1711,88.0,1218,1368,1208,1435,1205,1503,1212,1569,1238,1630,1283,1679,1339,1715,1393,1748,1451,1767,1507,1765,1555,1737,1600,1701,1636,1654,1664,1602,1686,1548,1699,1493,1704,1440,1321,1317,1363,1293,1414,1292,1465,1305,1511,1325,1571,1342,1610,1342,1649,1345,1684,1357,1702,1387,1533,1378,1531,1411,1530,1443,1529,1477,1456,1516,1483,1526,1511,1537,1537,1537,1562,1535,1366,1354,1397,1341,1430,1346,1453,1377,1422,1373,1390,1366,1578,1403,1608,1384,1637,1388,1656,1413,1634,1416,1605,1410,1392,1598,1433,1576,1478,1570,1504,1583,1532,1580,1560,1599,1577,1633,1547,1649,1515,1656,1486,1653,1458,1645,1421,1626,1407,1599,1472,1597,1500,1604,1526,1607,1564,1627,1522,1624,1495,1621,1467,1614
2641,h,1,1,1236,1176,1771,1711,88.03333333333333,1218,1368,1208,1435,1205,1503,1212,1569,1238,1630,1283,1679,1339,1715,1393,1748,1451,1767,1507,1765,1555,1737,1600,1701,1636,1654,1664,1602,1686,1548,1699,1493,1704,1440,1321,1317,1363,1293,1414,1292,1465,1305,1511,1325,1571,1342,1610,1342,1649,1345,1684,1357,1702,1387,1533,1378,1531,1411,1530,1443,1529,1477,1456,1516,1483,1526,1511,1537,1537,1537,1562,1535,1366,1354,1397,1341,1430,1346,1453,1377,1422,1373,1390,1366,1578,1403,1608,1384,1637,1388,1656,1413,1634,1416,1605,1410,1392,1598,1433,1576,1478,1570,1504,1583,1532,1580,1560,1599,1577,1633,1547,1649,1515,1656,1486,1653,1458,1645,1421,1626,1407,1599,1472,1597,1500,1604,1526,1607,1564,1627,1522,1624,1495,1621,1467,1614
2642,h,1,1,1236,1176,1771,1711,88.06666666666666,1215,1368,1206,1434,1203,1502,1210,1568,1236,1629,1282,1677,1338,1712,1394,1744,1453,1763,1509,1761,1557,1733,1601,1697,1637,1650,1663,1599,1685,1545,1698,1491,1701,1439,1318,1316,1361,1293,1412,1291,1462,1305,1508,1323,1569,1343,1609,1342,1648,1345,1682,1359,1698,1390,1531,1375,1530,1409,1530,1442,1529,1477,1454,1516,1483,1527,1511,1538,1537,1538,1562,1536,1361,1354,1393,1341,1426,1347,1449,1378,1418,1374,1386,1367,1577,1404,1606,1385,1636,1389,1656,1414,1633,1417,1604,1412,1391,1597,1434,1575,1478,1570,1504,1581,1531,1579,1559,1598,1577,1632,1547,1648,1517,1654,1488,1652,1460,1644,1423,1625,1407,1597,1473,1596,1500,1604,1526,1606,1564,1626,1523,1622,1495,1620,1469,1613
2643,h,1,1,1236,1176,1771,1711,88.1,1217,1368,1208,1434,1205,1501,1212,1567,1238,1628,1282,1676,1338,1713,1392,1746,1452,1766,1507,1765,1555,1736,1599,1700,1636,1654,1664,1602,1686,1548,1699,1492,1703,1439,1318,1317,1360,1293,1410,1292,1461,1305,1506,1324,1569,1342,1608,1341,1647,1344,1681,1359,1699,1391,1529,1377,1528,1410,1528,1442,1527,1477,1453,1516,1481,1527,1509,1538,1535,1538,1560,1536,1362,1354,1393,1341,1426,1347,1449,1378,1418,1374,1386,1367,1576,1404,1605,1385,1635,1389,1656,1414,1633,1417,1603,1412,1390,1598,1434,1575,1478,1569,1504,1581,1531,1579,1559,1597,1577,1633,1546,1648,1515,1655,1486,1652,1458,1644,1422,1625,1406,1598,1472,1596,1499,1604,1525,1607,1563,1627,1521,1622,1494,1619,1467,1612
2644,h,1,1,1236,1176,1771,1711,88.13333333333334,1218,1368,1208,1434,1205,1501,1210,1567,1234,1629,1278,1676,1335,1712,1391,1744,1451,1763,1508,1762,1555,1735,1600,1700,1636,1653,1663,1602,1684,1547,1697,1493,1702,1439,1317,1318,1359,1293,1410,1290,1461,1303,1507,1322,1567,1342,1607,1340,1647,1344,1682,1357,1700,1389,1529,1376,1528,1410,1527,1442,1526,1477,1453,1516,1480,1527,1509,1538,1535,1538,1560,1535,1362,1354,1393,1341,1426,1347,1450,1377,1418,1373,1386,1366,1576,1403,1605,1385,1635,1390,1655,1414,1632,1417,1602,1411,1390,1596,1433,1575,1479,1569,1504,1581,1531,1578,1559,1596,1577,1631,1547,1648,1515,1654,1486,1651,1458,1644,1421,1625,1406,1597,1473,1596,1499,1604,1525,1607,1564,1626,1521,1621,1495,1618,1468,1611
2645,h,1,1,1236,1176,1771,1711,88.16666666666667,1218,1368,1208,1434,1205,1501,1210,1567,1234,1629,1278,1676,1335,1712,1391,1744,1451,1763,1508,1762,1555,1735,1600,1700,1636,1653,1663,1602,1684,1547,1697,1493,1702,1439,1317,1318,1359,1293,1410,1290,1461,1303,1507,1322,1567,1342,1607,1340,1647,1344,1682,1357,1700,1389,1529,1376,1528,1410,1527,1442,1526,1477,1453,1516,1480,1527,1509,1538,1535,1538,1560,1535,1362,1354,1393,1341,1426,1347,1450,1377,1418,1373,1386,1366,1576,1403,1605,1385,1635,1390,1655,1414,1632,1417,1602,1411,1390,1596,1433,1575,1479,1569,1504,1581,1531,1578,1559,1596,1577,1631,1547,1648,1515,1654,1486,1651,1458,1644,1421,1625,1406,1597,1473,1596,1499,1604,1525,1607,1564,1626,1521,1621,1495,1618,1468,1611
2646,h,1,1,1236,1176,1771,1711,88.2,1213,1369,1204,1434,1201,1502,1208,1568,1233,1630,1278,1676,1334,1711,1389,1742,1449,1761,1504,1760,1552,1733,1597,1698,1634,1652,1662,1601,1683,1547,1697,1492,1702,1440,1316,1315,1359,1292,1410,1290,1461,1304,1507,1324,1565,1342,1604,1341,1644,1344,1680,1357,1699,1388,1528,1376,1526,1409,1525,1441,1524,1476,1451,1516,1479,1526,1507,1538,1533,1537,1558,1536,1359,1355,1390,1341,1424,1347,1447,1378,1415,1374,1383,1366,1574,1404,1603,1384,1633,1389,1653,1414,1630,1417,1601,1412,1387,1596,1430,1575,1475,1569,1502,1581,1529,1578,1557,1596,1576,1631,1545,1645,1513,1652,1484,1649,1455,1641,1418,1623,1403,1597,1469,1596,1497,1603,1524,1606,1562,1626,1520,1619,1492,1616,1464,1610
2647,h,1,1,1236,1176,1771,1711,88.23333333333333,1212,1369,1203,1435,1200,1503,1207,1569,1232,1631,1278,1679,1336,1713,1393,1744,1453,1762,1509,1760,1556,1732,1601,1698,1636,1650,1661,1598,1682,1544,1695,1489,1699,1437,1312,1318,1354,1293,1406,1291,1457,1304,1505,1324,1565,1343,1605,1341,1645,1344,1680,1357,1698,1389,1527,1375,1526,1409,1526,1442,1526,1478,1452,1516,1480,1527,1508,1538,1535,1538,1560,1535,1358,1355,1389,1340,1423,1346,1447,1377,1415,1374,1383,1367,1574,1404,1602,1384,1633,1388,1653,1414,1630,1417,1601,1412,1387,1595,1430,1575,1474,1569,1500,1582,1528,1579,1556,1597,1575,1630,1544,1645,1513,1651,1484,1648,1455,1640,1419,1622,1402,1595,1468,1596,1496,1603,1523,1606,1561,1625,1519,1620,1492,1617,1464,1610
2648,h,1,1,1236,1176,1771,1711,88.26666666666667,1214,1371,1205,1436,1201,1502,1208,1569,1233,1629,1279,1676,1335,1711,1388,1743,1447,1762,1503,1760,1551,1732,1596,1697,1634,1650,1661,1599,1683,1545,1696,1491,1701,1439,1313,1318,1355,1293,1407,1291,1457,1303,1505,1322,1565,1341,1605,1339,1645,1343,1681,1357,1698,1390,1526,1375,1525,1409,1524,1441,1523,1477,1450,1516,1478,1526,1505,1537,1532,1537,1557,1535,1359,1354,1390,1340,1423,1346,1447,1378,1415,1374,1383,1366,1573,1404,1602,1384,1633,1389,1653,1414,1630,1416,1600,1411,1384,1595,1428,1574,1472,1569,1499,1581,1526,1579,1556,1597,1575,1631,1543,1645,1510,1651,1482,1648,1453,1640,1416,1622,1400,1596,1467,1596,1494,1603,1521,1606,1562,1626,1517,1620,1490,1616,1462,1610
2649,h,1,1,1236,1176,1771,1711,88.3,1214,1371,1205,1436,1201,1502,1208,1569,1233,1629,1279,1676,1335,1711,1388,1743,1447,1762,1503,1760,1551,1732,1596,1697,1634,1650,1661,1599,1683,1545,1696,1491,1701,1439,1313,1318,1355,1293,1407,1291,1457,1303,1505,1322,1565,1341,1605,1339,1645,1343,1681,1357,1698,1390,1526,1375,1525,1409,1524,1441,1523,1477,1450,1516,1478,1526,1505,1537,1532,1537,1557,1535,1359,1354,1390,1340,1423,1346,1447,1378,1415,1374,1383,1366,1573,1404,1602,1384,1633,1389,1653,1414,1630,1416,1600,1411,1384,1595,1428,1574,1472,1569,1499,1581,1526,1579,1556,1597,1575,1631,1543,1645,1510,1651,1482,1648,1453,1640,1416,1622,1400,1596,1467,1596,1494,1603,1521,1606,1562,1626,1517,1620,1490,1616,1462,1610
2650,h,1,1,1236,1176,1771,1711,88.33333333333333,1211,1371,1203,1438,1201,1507,1208,1573,1234,1634,1280,1681,1336,1715,1390,1745,1449,1763,1505,1761,1553,1735,1597,1700,1633,1654,1660,1603,1682,1550,1695,1494,1700,1441,1313,1315,1355,1292,1407,1290,1457,1303,1503,1323,1565,1342,1603,1340,1642,1342,1677,1354,1696,1386,1526,1376,1525,1410,1524,1442,1523,1477,1449,1516,1477,1526,1505,1536,1532,1536,1557,1535,1356,1355,1388,1341,1421,1346,1445,1379,1413,1375,1381,1367,1573,1405,1602,1385,1632,1389,1652,1414,1630,1417,1600,1412,1384,1596,1427,1575,1471,1569,1497,1581,1525,1579,1554,1597,1574,1630,1542,1644,1509,1650,1481,1647,1452,1640,1415,1622,1399,1597,1465,1596,1493,1603,1520,1606,1561,1625,1516,1619,1488,1617,1461,1610
2651,h,1,1,1236,1176,1771,1711,88.36666666666666,1216,1367,1206,1435,1203,1503,1209,1570,1233,1632,1278,1680,1333,1715,1387,1747,1446,1766,1502,1764,1551,1737,1596,1702,1634,1656,1661,1605,1684,1550,1697,1495,1701,1441,1316,1317,1357,1293,1407,1290,1457,1303,1502,1322,1566,1341,1605,1340,1644,1343,1678,1359,1695,1391,1526,1373,1524,1408,1523,1442,1522,1478,1449,1516,1477,1527,1504,1538,1532,1537,1557,1534,1360,1353,1390,1340,1423,1346,1446,1375,1415,1372,1383,1365,1573,1401,1602,1383,1632,1388,1652,1413,1629,1415,1600,1409,1385,1596,1427,1574,1471,1569,1498,1581,1526,1579,1555,1596,1574,1630,1543,1645,1511,1652,1481,1650,1452,1642,1416,1624,1401,1597,1466,1595,1494,1602,1521,1605,1560,1626,1517,1620,1489,1618,1461,1611
2652,h,1,1,1236,1176,1771,1711,88.4,1214,1367,1205,1433,1202,1501,1209,1568,1235,1629,1280,1677,1337,1712,1390,1744,1448,1763,1503,1761,1550,1733,1595,1699,1633,1652,1660,1601,1682,1547,1695,1492,1700,1439,1314,1315,1357,1292,1407,1290,1456,1303,1502,1323,1565,1342,1604,1340,1643,1343,1679,1355,1697,1387,1526,1375,1524,1409,1523,1441,1522,1477,1449,1516,1476,1526,1504,1537,1531,1537,1556,1535,1359,1353,1390,1340,1422,1346,1446,1377,1414,1373,1382,1365,1573,1403,1601,1384,1632,1389,1652,1413,1629,1416,1599,1411,1385,1593,1427,1574,1471,1569,1497,1581,1525,1579,1553,1596,1571,1630,1540,1645,1508,1652,1480,1648,1451,1640,1416,1621,1401,1595,1465,1595,1493,1602,1519,1605,1558,1625,1515,1620,1488,1617,1461,1610
2653,h,1,1,1236,1176,1771,1711,88.43333333333334,1214,1367,1205,1433,1202,1501,1209,1568,1235,1629,1280,1677,1337,1712,1390,1744,1448,1763,1503,1761,1550,1733,1595,1699,1633,1652,1660,1601,1682,1547,1695,1492,1700,1439,1314,1315,1357,1292,1407,1290,1456,1303,1502,1323,1565,1342,1604,1340,1643,1343,1679,1355,1697,1387,1526,1375,1524,1409,1523,1441,1522,1477,1449,1516,1476,1526,1504,1537,1531,1537,1556,1535,1359,1353,1390,1340,1422,1346,1446,1377,1414,1373,1382,1365,1573,1403,1601,1384,1632,1389,1652,1413,1629,1416,1599,1411,1385,1593,1427,1574,1471,1569,1497,1581,1525,1579,1553,1596,1571,1630,1540,1645,1508,1652,1480,1648,1451,1640,1416,1621,1401,1595,1465,1595,1493,1602,1519,1605,1558,1625,1515,1620,1488,1617,1461,1610
2654,h,1,1,1236,1176,1771,1711,88.46666666666667,1212,1368,1203,1435,1200,1502,1207,1569,1234,1630,1280,1677,1336,1712,1390,1744,1448,1763,1504,1763,1553,1735,1598,1700,1636,1651,1662,1599,1684,1545,1697,1490,1701,1436,1312,1314,1355,1291,1405,1290,1455,1303,1500,1322,1562,1341,1601,1339,1642,1341,1678,1355,1697,1387,1524,1376,1523,1409,1521,1441,1520,1476,1450,1516,1476,1526,1503,1537,1530,1536,1555,1534,1357,1355,1388,1341,1421,1347,1445,1379,1413,1375,1381,1367,1573,1404,1601,1385,1632,1389,1652,1414,1630,1417,1600,1412,1386,1596,1427,1575,1470,1569,1497,1581,1524,1578,1553,1596,1572,1631,1541,1645,1510,1651,1482,1648,1453,1640,1417,1622,1401,1597,1465,1596,1493,1603,1519,1605,1558,1625,1516,1620,1490,1618,1461,1611
2655,h,1,1,1236,1176,1771,1711,88.5,1213,1365,1205,1432,1202,1500,1210,1566,1237,1627,1283,1674,1338,1709,1391,1741,1448,1761,1503,1760,1552,1733,1597,1698,1634,1651,1660,1598,1681,1544,1694,1488,1699,1433,1311,1316,1354,1292,1404,1290,1454,1303,1500,1322,1562,1341,1601,1339,1642,1342,1678,1355,1697,1387,1523,1376,1522,1410,1520,1442,1519,1477,1449,1517,1476,1527,1503,1538,1529,1537,1554,1535,1356,1355,1387,1341,1421,1347,1445,1379,1413,1375,1380,1368,1571,1404,1600,1384,1631,1389,1652,1414,1628,1417,1598,1412,1388,1596,1428,1574,1470,1569,1497,1581,1525,1579,1553,1597,1572,1631,1542,1646,1511,1653,1482,1650,1453,1642,1417,1622,1403,1597,1465,1596,1493,1603,1520,1606,1559,1626,1517,1621,1490,1618,1461,1611
2656,h,1,1,1236,1176,1771,1711,88.53333333333333,1213,1365,1205,1432,1202,1500,1210,1566,1237,1627,1283,1674,1338,1709,1391,1741,1448,1761,1503,1760,1552,1733,1597,1698,1634,1651,1660,1598,1681,1544,1694,1488,1699,1433,1311,1316,1354,1292,1404,1290,1454,1303,1500,1322,1562,1341,1601,1339,1642,1342,1678,1355,1697,1387,1523,1376,1522,1410,1520,1442,1519,1477,1449,1517,1476,1527,1503,1538,1529,1537,1554,1535,1356,1355,1387,1341,1421,1347,1445,1379,1413,1375,1380,1368,1571,1404,1600,1384,1631,1389,1652,1414,1628,1417,1598,1412,1388,1596,1428,1574,1470,1569,1497,1581,1525,1579,1553,1597,1572,1631,1542,1646,1511,1653,1482,1650,1453,1642,1417,1622,1403,1597,1465,1596,1493,1603,1520,1606,1559,1626,1517,1621,1490,1618,1461,1611
2657,h,1,1,1236,1176,1771,1711,88.56666666666666,1212,1368,1205,1436,1202,1503,1209,1570,1234,1631,1278,1679,1335,1714,1389,1747,1449,1765,1506,1763,1554,1735,1599,1700,1635,1652,1660,1601,1682,1547,1695,1492,1700,1438,1310,1319,1352,1294,1402,1290,1453,1303,1500,1322,1564,1340,1604,1339,1644,1343,1678,1358,1694,1391,1525,1375,1524,1409,1523,1441,1522,1476,1450,1515,1477,1525,1504,1536,1531,1536,1556,1534,1358,1355,1389,1341,1422,1347,1445,1377,1414,1374,1382,1366,1572,1403,1601,1385,1631,1389,1651,1414,1628,1416,1599,1411,1386,1597,1428,1574,1471,1570,1498,1581,1526,1579,1554,1596,1572,1631,1542,1645,1511,1652,1482,1650,1454,1642,1417,1623,1402,1597,1466,1594,1493,1601,1520,1604,1558,1625,1518,1622,1490,1620,1462,1613
2658,h,1,1,1236,1176,1771,1711,88.6,1216,1366,1208,1434,1206,1502,1214,1569,1240,1630,1287,1676,1342,1712,1395,1743,1452,1762,1507,1762,1555,1734,1599,1698,1636,1651,1662,1599,1683,1544,1695,1488,1700,1434,1311,1317,1352,1293,1403,1291,1454,1303,1500,1322,1563,1341,1602,1339,1643,1342,1678,1356,1696,1389,1525,1377,1524,1410,1523,1442,1522,1476,1450,1516,1477,1525,1504,1536,1531,1536,1555,1535,1357,1355,1389,1341,1422,1347,1445,1379,1414,1375,1382,1367,1571,1405,1599,1384,1630,1389,1651,1414,1628,1417,1598,1412,1387,1596,1428,1574,1470,1569,1497,1580,1524,1578,1553,1596,1572,1631,1542,1649,1510,1657,1482,1654,1453,1646,1418,1626,1403,1597,1465,1593,1493,1600,1519,1603,1558,1626,1516,1626,1489,1624,1461,1617
2659,h,1,1,1236,1176,1771,1711,88.63333333333334,1220,1359,1212,1425,1209,1491,1215,1558,1239,1621,1283,1670,1338,1708,1391,1741,1450,1760,1506,1760,1554,1733,1599,1697,1635,1649,1662,1598,1684,1543,1698,1488,1703,1434,1314,1314,1356,1291,1405,1290,1455,1302,1499,1322,1563,1341,1602,1339,1641,1342,1676,1355,1695,1385,1524,1374,1523,1408,1522,1441,1521,1477,1448,1514,1476,1524,1503,1535,1530,1535,1556,1533,1360,1353,1391,1340,1423,1346,1445,1376,1414,1373,1383,1365,1572,1401,1600,1383,1630,1387,1650,1411,1627,1414,1598,1409,1386,1596,1426,1574,1470,1568,1496,1580,1523,1578,1552,1596,1571,1631,1541,1649,1509,1657,1481,1654,1452,1646,1416,1626,1402,1597,1465,1594,1492,1601,1518,1604,1558,1626,1515,1626,1488,1624,1460,1617
2660,h,1,1,1236,1176,1771,1711,88.66666666666667,1220,1359,1212,1425,1209,1491,1215,1558,1239,1621,1283,1670,1338,1708,1391,1741,1450,1760,1506,1760,1554,1733,1599,1697,1635,1649,1662,1598,1684,1543,1698,1488,1703,1434,1314,1314,1356,1291,1405,1290,1455,1302,1499,1322,1563,1341,1602,1339,1641,1342,1676,1355,1695,1385,1524,1374,1523,1408,1522,1441,1521,1477,1448,1514,1476,1524,1503,1535,1530,1535,1556,1533,1360,1353,1391,1340,1423,1346,1445,1376,1414,1373,1383,1365,1572,1401,1600,1383,1630,1387,1650,1411,1627,1414,1598,1409,1386,1596,1426,1574,1470,1568,1496,1580,1523,1578,1552,1596,1571,1631,1541,1649,1509,1657,1481,1654,1452,1646,1416,1626,1402,1597,1465,1594,1492,1601,1518,1604,1558,1626,1515,1626,1488,1624,1460,1617
2661,h,1,1,1236,1176,1771,1711,88.7,1211,1367,1202,1435,1199,1504,1206,1572,1231,1633,1278,1682,1336,1717,1391,1749,1452,1767,1508,1765,1554,1735,1599,1700,1634,1652,1659,1599,1682,1546,1695,1491,1700,1438,1309,1317,1352,1292,1404,1290,1456,1303,1502,1323,1562,1341,1602,1339,1642,1342,1679,1355,1697,1387,1524,1374,1523,1408,1523,1441,1522,1476,1448,1516,1476,1525,1504,1536,1531,1536,1556,1534,1356,1355,1387,1340,1421,1346,1444,1377,1413,1374,1381,1366,1571,1402,1599,1382,1630,1387,1650,1412,1627,1415,1597,1409,1384,1598,1426,1575,1471,1569,1497,1581,1524,1578,1552,1596,1570,1632,1540,1650,1509,1658,1481,1655,1452,1648,1415,1628,1400,1599,1465,1595,1493,1602,1519,1605,1556,1627,1515,1626,1488,1624,1460,1617
2662,h,1,1,1236,1176,1771,1711,88.73333333333333,1215,1363,1206,1431,1204,1499,1210,1567,1234,1628,1279,1677,1335,1713,1391,1745,1451,1764,1507,1763,1554,1735,1599,1700,1634,1653,1661,1601,1683,1547,1695,1490,1701,1435,1309,1317,1351,1292,1402,1289,1453,1301,1501,1320,1563,1338,1603,1337,1644,1342,1679,1355,1697,1386,1524,1374,1523,1408,1521,1440,1520,1475,1449,1515,1476,1525,1503,1536,1530,1535,1556,1533,1358,1354,1389,1340,1422,1346,1446,1375,1414,1372,1382,1365,1572,1400,1600,1382,1630,1387,1650,1411,1627,1414,1598,1409,1386,1596,1427,1575,1471,1569,1498,1581,1525,1578,1554,1596,1572,1631,1543,1650,1511,1658,1482,1655,1452,1647,1416,1627,1401,1598,1466,1593,1493,1600,1520,1603,1558,1626,1517,1627,1489,1624,1461,1618
2663,h,1,1,1236,1176,1771,1711,88.76666666666667,1224,1360,1215,1427,1213,1495,1218,1563,1240,1626,1284,1676,1337,1714,1390,1747,1450,1766,1506,1765,1554,1737,1600,1701,1636,1653,1662,1600,1683,1545,1696,1487,1700,1433,1313,1315,1356,1292,1406,1290,1455,1303,1501,1321,1563,1339,1603,1339,1643,1343,1677,1356,1694,1387,1524,1373,1522,1407,1521,1440,1519,1475,1448,1515,1475,1525,1503,1536,1530,1535,1556,1533,1360,1353,1390,1340,1423,1345,1447,1376,1416,1372,1384,1365,1571,1401,1600,1383,1630,1388,1651,1412,1627,1414,1597,1409,1382,1594,1426,1574,1470,1569,1497,1580,1524,1578,1554,1596,1572,1630,1542,1650,1510,1658,1481,1656,1452,1648,1414,1628,1398,1597,1465,1594,1493,1600,1519,1603,1559,1626,1516,1628,1489,1626,1461,1619
2664,h,1,1,1236,1176,1771,1711,88.8,1224,1360,1215,1427,1213,1495,1218,1563,1240,1626,1284,1676,1337,1714,1390,1747,1450,1766,1506,1765,1554,1737,1600,1701,1636,1653,1662,1600,1683,1545,1696,1487,1700,1433,1313,1315,1356,1292,1406,1290,1455,1303,1501,1321,1563,1339,1603,1339,1643,1343,1677,1356,1694,1387,1524,1373,1522,1407,1521,1440,1519,1475,1448,1515,1475,1525,1503,1536,1530,1535,1556,1533,1360,1353,1390,1340,1423,1345,1447,1376,1416,1372,1384,1365,1571,1401,1600,1383,1630,1388,1651,1412,1627,1414,1597,1409,1382,1594,1426,1574,1470,1569,1497,1580,1524,1578,1554,1596,1572,1630,1542,1650,1510,1658,1481,1656,1452,1648,1414,1628,1398,1597,1465,1594,1493,1600,1519,1603,1559,1626,1516,1628,1489,1626,1461,1619
2665,h,1,1,1236,1176,1771,1711,88.83333333333333,1212,1361,1202,1428,1198,1497,1204,1565,1229,1628,1274,1679,1331,1716,1386,1751,1446,1770,1503,1769,1552,1739,1598,1702,1635,1653,1661,1600,1683,1545,1695,1489,1700,1435,1313,1315,1356,1292,1405,1291,1455,1304,1501,1323,1565,1341,1604,1340,1643,1343,1677,1355,1696,1386,1524,1375,1522,1409,1521,1441,1520,1476,1448,1515,1475,1525,1502,1536,1528,1535,1554,1534,1357,1354,1388,1340,1421,1345,1444,1376,1413,1373,1381,1366,1572,1402,1600,1383,1630,1387,1650,1412,1627,1415,1598,1410,1383,1598,1425,1576,1469,1570,1496,1582,1524,1579,1553,1597,1572,1632,1541,1650,1510,1657,1480,1655,1451,1647,1415,1628,1399,1600,1464,1595,1492,1603,1519,1605,1559,1628,1516,1626,1488,1624,1460,1618
2666,h,1,1,1236,1176,1771,1711,88.86666666666666,1212,1370,1205,1438,1202,1507,1209,1574,1234,1636,1280,1684,1338,1720,1393,1753,1452,1771,1508,1769,1554,1738,1599,1702,1634,1654,1660,1602,1683,1547,1695,1491,1700,1437,1311,1315,1353,1292,1403,1291,1452,1303,1498,1323,1564,1340,1603,1340,1642,1343,1676,1356,1694,1388,1523,1375,1522,1409,1521,1441,1520,1476,1447,1516,1475,1526,1503,1537,1530,1536,1556,1535,1356,1355,1387,1340,1420,1346,1444,1378,1412,1374,1381,1367,1571,1403,1599,1383,1630,1387,1651,1413,1627,1417,1597,1411,1383,1597,1426,1575,1470,1570,1497,1581,1524,1579,1553,1597,1573,1632,1542,1650,1511,1657,1482,1654,1452,1646,1415,1627,1399,1599,1465,1595,1493,1603,1520,1605,1559,1628,1516,1626,1489,1624,1460,1617
2667,h,1,1,1236,1176,1771,1711,88.9,1212,1370,1204,1437,1202,1505,1208,1572,1234,1633,1280,1682,1335,1719,1390,1752,1449,1771,1505,1769,1553,1739,1597,1703,1632,1654,1659,1602,1682,1547,1696,1491,1701,1437,1312,1315,1354,1293,1404,1292,1454,1304,1500,1323,1564,1341,1603,1340,1641,1343,1675,1356,1692,1387,1524,1375,1523,1409,1522,1441,1521,1476,1449,1516,1476,1526,1504,1537,1530,1537,1555,1535,1357,1354,1389,1340,1421,1346,1444,1377,1413,1373,1382,1366,1571,1402,1599,1383,1629,1387,1649,1412,1626,1416,1597,1410,1384,1598,1426,1575,1470,1570,1496,1581,1523,1579,1552,1597,1572,1633,1541,1650,1510,1657,1481,1655,1451,1647,1415,1628,1400,1599,1465,1596,1492,1603,1519,1606,1558,1628,1516,1626,1488,1624,1460,1617
2668,h,1,1,1236,1176,1771,1711,88.93333333333334,1212,1370,1204,1437,1202,1505,1208,1572,1234,1633,1280,1682,1335,1719,1390,1752,1449,1771,1505,1769,1553,1739,1597,1703,1632,1654,1659,1602,1682,1547,1696,1491,1701,1437,1312,1315,1354,1293,1404,1292,1454,1304,1500,1323,1564,1341,1603,1340,1641,1343,1675,1356,1692,1387,1524,1375,1523,1409,1522,1441,1521,1476,1449,1516,1476,1526,1504,1537,1530,1537,1555,1535,1357,1354,1389,1340,1421,1346,1444,1377,1413,1373,1382,1366,1571,1402,1599,1383,1629,1387,1649,1412,1626,1416,1597,1410,1384,1598,1426,1575,1470,1570,1496,1581,1523,1579,1552,1597,1572,1633,1541,1650,1510,1657,1481,1655,1451,1647,1415,1628,1400,1599,1465,1596,1492,1603,1519,1606,1558,1628,1516,1626,1488,1624,1460,1617
2669,h,1,1,1236,1176,1771,1711,88.96666666666667,1214,1366,1205,1433,1202,1500,1210,1568,1236,1629,1282,1678,1337,1716,1391,1750,1450,1769,1506,1767,1552,1737,1597,1700,1633,1652,1660,1600,1681,1545,1694,1489,1699,1435,1314,1316,1355,1292,1405,1290,1455,1303,1500,1323,1565,1341,1603,1339,1642,1343,1676,1356,1693,1389,1525,1374,1523,1408,1523,1441,1522,1476,1449,1514,1476,1525,1504,1537,1531,1536,1556,1534,1358,1353,1389,1339,1422,1344,1445,1375,1414,1372,1382,1365,1572,1401,1600,1382,1630,1387,1650,1412,1627,1415,1597,1410,1385,1595,1428,1574,1471,1570,1497,1581,1524,1579,1553,1597,1572,1632,1541,1650,1509,1656,1481,1654,1453,1646,1417,1627,1401,1597,1466,1595,1493,1602,1519,1605,1559,1628,1516,1626,1489,1623,1462,1616
2670,h,1,1,1236,1176,1771,1711,89.0,1210,1369,1201,1436,1198,1503,1205,1569,1230,1632,1275,1680,1332,1715,1389,1746,1448,1764,1504,1763,1552,1735,1596,1699,1631,1652,1657,1600,1678,1546,1692,1491,1697,1439,1307,1318,1351,1294,1403,1292,1455,1305,1502,1325,1561,1343,1600,1340,1640,1343,1676,1356,1694,1389,1524,1373,1523,1408,1522,1441,1521,1477,1447,1515,1475,1525,1503,1536,1530,1536,1555,1533,1354,1354,1385,1341,1418,1346,1443,1377,1411,1374,1378,1366,1570,1402,1599,1383,1629,1387,1650,1412,1627,1415,1597,1410,1383,1595,1428,1575,1471,1570,1497,1581,1523,1579,1552,1597,1572,1630,1540,1644,1509,1649,1481,1646,1454,1639,1418,1621,1400,1596,1466,1595,1493,1602,1518,1605,1558,1625,1515,1619,1489,1616,1462,1610
2671,h,1,1,1236,1176,1771,1711,89.03333333333333,1210,1369,1201,1436,1198,1503,1205,1569,1230,1632,1275,1680,1332,1715,1389,1746,1448,1764,1504,1763,1552,1735,1596,1699,1631,1652,1657,1600,1678,1546,1692,1491,1697,1439,1307,1318,1351,1294,1403,1292,1455,1305,1502,1325,1561,1343,1600,1340,1640,1343,1676,1356,1694,1389,1524,1373,1523,1408,1522,1441,1521,1477,1447,1515,1475,1525,1503,1536,1530,1536,1555,1533,1354,1354,1385,1341,1418,1346,1443,1377,1411,1374,1378,1366,1570,1402,1599,1383,1629,1387,1650,1412,1627,1415,1597,1410,1383,1595,1428,1575,1471,1570,1497,1581,1523,1579,1552,1597,1572,1630,1540,1644,1509,1649,1481,1646,1454,1639,1418,1621,1400,1596,1466,1595,1493,1602,1518,1605,1558,1625,1515,1619,1489,1616,1462,1610
2672,h,1,1,1236,1176,1771,1711,89.06666666666666,1214,1367,1204,1433,1201,1499,1209,1565,1235,1625,1282,1671,1336,1706,1391,1735,1450,1752,1504,1752,1551,1726,1595,1692,1631,1648,1659,1598,1681,1546,1693,1492,1698,1439,1311,1311,1355,1289,1405,1290,1454,1303,1499,1323,1562,1341,1601,1339,1640,1343,1674,1355,1693,1385,1523,1375,1521,1408,1521,1440,1520,1474,1447,1514,1474,1524,1503,1535,1529,1534,1554,1532,1354,1353,1386,1340,1419,1346,1443,1377,1411,1373,1379,1366,1570,1402,1598,1383,1629,1387,1649,1411,1627,1415,1597,1410,1387,1593,1433,1576,1475,1570,1498,1582,1522,1579,1549,1595,1571,1623,1539,1634,1511,1640,1485,1638,1460,1631,1424,1615,1402,1593,1471,1594,1495,1601,1518,1603,1558,1618,1516,1611,1492,1608,1468,1602
2673,h,1,1,1236,1176,1771,1711,89.1,1214,1368,1203,1432,1199,1498,1208,1562,1234,1621,1278,1669,1331,1705,1385,1735,1445,1754,1501,1753,1549,1727,1593,1693,1630,1647,1658,1597,1680,1545,1692,1491,1696,1441,1312,1309,1356,1290,1406,1291,1455,1304,1499,1325,1562,1343,1599,1340,1637,1343,1671,1356,1689,1385,1522,1376,1520,1409,1519,1440,1518,1474,1447,1515,1473,1524,1501,1535,1526,1534,1551,1531,1356,1353,1387,1340,1419,1346,1443,1377,1411,1373,1380,1365,1570,1402,1597,1382,1627,1387,1647,1411,1625,1414,1596,1410,1387,1594,1432,1576,1474,1571,1497,1582,1521,1579,1548,1595,1569,1624,1538,1636,1509,1641,1484,1638,1458,1632,1422,1616,1402,1595,1469,1596,1494,1603,1517,1605,1556,1619,1514,1611,1491,1609,1466,1603
2674,h,1,1,1236,1176,1771,1711,89.13333333333334,1215,1364,1205,1432,1201,1500,1209,1567,1234,1629,1278,1679,1331,1718,1385,1750,1446,1769,1504,1765,1554,1735,1598,1697,1634,1648,1661,1595,1683,1540,1695,1484,1698,1431,1310,1313,1353,1292,1402,1292,1451,1305,1496,1325,1559,1343,1598,1341,1637,1344,1672,1356,1691,1386,1520,1376,1518,1409,1517,1441,1515,1476,1444,1515,1471,1526,1499,1537,1525,1535,1551,1533,1355,1354,1385,1342,1418,1348,1442,1375,1410,1371,1379,1364,1568,1400,1597,1384,1627,1389,1648,1411,1624,1413,1595,1408,1383,1597,1425,1577,1469,1572,1494,1584,1519,1580,1547,1596,1566,1627,1536,1643,1506,1652,1479,1650,1451,1643,1415,1624,1398,1598,1464,1598,1490,1604,1515,1606,1552,1623,1512,1618,1487,1618,1460,1611
2675,h,1,1,1236,1176,1771,1711,89.16666666666667,1215,1364,1205,1432,1201,1500,1209,1567,1234,1629,1278,1679,1331,1718,1385,1750,1446,1769,1504,1765,1554,1735,1598,1697,1634,1648,1661,1595,1683,1540,1695,1484,1698,1431,1310,1313,1353,1292,1402,1292,1451,1305,1496,1325,1559,1343,1598,1341,1637,1344,1672,1356,1691,1386,1520,1376,1518,1409,1517,1441,1515,1476,1444,1515,1471,1526,1499,1537,1525,1535,1551,1533,1355,1354,1385,1342,1418,1348,1442,1375,1410,1371,1379,1364,1568,1400,1597,1384,1627,1389,1648,1411,1624,1413,1595,1408,1383,1597,1425,1577,1469,1572,1494,1584,1519,1580,1547,1596,1566,1627,1536,1643,1506,1652,1479,1650,1451,1643,1415,1624,1398,1598,1464,1598,1490,1604,1515,1606,1552,1623,1512,1618,1487,1618,1460,1611
2676,h,1,1,1236,1176,1771,1711,89.2,1206,1368,1198,1435,1196,1503,1205,1569,1229,1632,1273,1684,1329,1722,1385,1753,1446,1770,1503,1767,1550,1737,1594,1699,1630,1650,1656,1598,1679,1544,1692,1489,1696,1437,1306,1317,1350,1293,1401,1292,1452,1304,1498,1325,1555,1341,1594,1339,1635,1341,1670,1355,1689,1385,1520,1376,1518,1410,1517,1442,1516,1477,1442,1517,1471,1526,1499,1536,1526,1536,1552,1533,1350,1356,1382,1342,1414,1348,1438,1378,1406,1374,1375,1366,1568,1402,1597,1383,1627,1387,1648,1410,1625,1413,1595,1409,1376,1604,1419,1578,1466,1571,1493,1582,1519,1578,1549,1597,1566,1634,1537,1655,1505,1667,1477,1666,1447,1659,1407,1638,1393,1604,1461,1598,1489,1604,1515,1605,1551,1630,1511,1633,1484,1632,1456,1626
2677,h,1,1,1236,1176,1771,1711,89.23333333333333,1210,1362,1202,1430,1199,1499,1206,1567,1230,1630,1274,1681,1329,1719,1383,1753,1447,1772,1506,1769,1555,1737,1599,1697,1635,1647,1661,1594,1683,1539,1695,1483,1698,1429,1307,1315,1350,1293,1400,1292,1450,1305,1496,1324,1557,1341,1597,1339,1637,1342,1672,1355,1691,1386,1519,1377,1518,1411,1516,1443,1515,1478,1442,1516,1471,1527,1499,1538,1527,1536,1553,1533,1350,1356,1381,1342,1415,1347,1439,1378,1407,1374,1375,1367,1568,1402,1596,1383,1627,1387,1648,1411,1625,1414,1595,1409,1378,1604,1420,1578,1467,1571,1494,1582,1520,1579,1551,1597,1569,1635,1540,1659,1507,1671,1478,1670,1448,1662,1409,1640,1395,1605,1462,1599,1490,1605,1516,1607,1553,1631,1513,1635,1485,1634,1457,1627
2678,h,1,1,1236,1176,1771,1711,89.26666666666667,1212,1363,1204,1430,1201,1498,1208,1564,1233,1626,1277,1676,1330,1714,1386,1746,1448,1764,1504,1762,1552,1734,1595,1697,1631,1649,1658,1598,1680,1544,1693,1488,1698,1435,1310,1315,1353,1293,1403,1292,1453,1305,1498,1325,1556,1345,1597,1342,1637,1345,1673,1358,1692,1389,1521,1378,1519,1411,1519,1443,1518,1478,1442,1516,1471,1526,1500,1537,1527,1537,1553,1534,1353,1355,1383,1341,1417,1347,1440,1379,1409,1375,1377,1367,1567,1405,1596,1385,1627,1389,1648,1413,1625,1417,1594,1412,1378,1600,1421,1577,1467,1572,1493,1583,1520,1580,1550,1597,1568,1632,1539,1652,1507,1661,1479,1659,1449,1652,1411,1632,1395,1602,1462,1598,1489,1604,1515,1607,1554,1628,1513,1628,1486,1627,1458,1621
2679,h,1,1,1236,1176,1771,1711,89.3,1212,1363,1204,1430,1201,1498,1208,1564,1233,1626,1277,1676,1330,1714,1386,1746,1448,1764,1504,1762,1552,1734,1595,1697,1631,1649,1658,1598,1680,1544,1693,1488,1698,1435,1310,1315,1353,1293,1403,1292,1453,1305,1498,1325,1556,1345,1597,1342,1637,1345,1673,1358,1692,1389,1521,1378,1519,1411,1519,1443,1518,1478,1442,1516,1471,1526,1500,1537,1527,1537,1553,1534,1353,1355,1383,1341,1417,1347,1440,1379,1409,1375,1377,1367,1567,1405,1596,1385,1627,1389,1648,1413,1625,1417,1594,1412,1378,1600,1421,1577,1467,1572,1493,1583,1520,1580,1550,1597,1568,1632,1539,1652,1507,1661,1479,1659,1449,1652,1411,1632,1395,1602,1462,1598,1489,1604,1515,1607,1554,1628,1513,1628,1486,1627,1458,1621
2680,h,1,1,1236,1176,1771,1711,89.33333333333333,1211,1370,1202,1436,1200,1504,1207,1570,1231,1632,1276,1680,1332,1716,1388,1747,1448,1766,1504,1765,1553,1736,1599,1700,1635,1652,1660,1600,1681,1546,1694,1491,1697,1438,1311,1313,1353,1293,1402,1293,1450,1306,1495,1327,1559,1345,1598,1342,1638,1344,1673,1357,1692,1389,1520,1379,1519,1412,1518,1444,1517,1478,1443,1516,1472,1527,1500,1538,1527,1538,1553,1536,1353,1356,1384,1342,1417,1348,1441,1380,1409,1376,1377,1368,1568,1406,1596,1386,1627,1389,1648,1415,1625,1418,1595,1414,1376,1597,1420,1576,1466,1571,1493,1582,1521,1579,1550,1597,1570,1632,1539,1650,1507,1657,1478,1655,1447,1648,1409,1628,1391,1599,1460,1598,1489,1604,1516,1607,1556,1628,1513,1625,1485,1623,1456,1616
2681,h,1,1,1236,1176,1771,1711,89.36666666666666,1209,1369,1201,1437,1199,1504,1207,1570,1232,1630,1277,1677,1332,1712,1386,1744,1446,1762,1502,1761,1551,1733,1596,1697,1632,1650,1659,1598,1680,1544,1692,1489,1696,1438,1309,1314,1351,1292,1400,1292,1449,1306,1494,1326,1559,1344,1598,1342,1638,1344,1673,1357,1692,1388,1519,1378,1518,1412,1517,1444,1516,1479,1443,1517,1471,1527,1499,1538,1525,1537,1551,1536,1352,1355,1383,1341,1416,1348,1439,1379,1408,1375,1376,1367,1568,1404,1595,1385,1626,1389,1647,1414,1624,1417,1594,1412,1378,1597,1421,1576,1467,1571,1493,1582,1520,1580,1548,1597,1568,1631,1537,1648,1506,1654,1477,1652,1449,1645,1410,1626,1394,1599,1462,1597,1489,1603,1515,1606,1554,1627,1512,1623,1485,1621,1458,1614
2682,h,1,1,1236,1176,1771,1711,89.4,1209,1366,1201,1435,1199,1503,1206,1569,1232,1631,1276,1679,1332,1715,1385,1746,1444,1765,1500,1762,1549,1733,1595,1696,1633,1649,1660,1597,1681,1542,1694,1487,1697,1433,1306,1315,1348,1293,1398,1292,1448,1305,1494,1325,1557,1344,1597,1341,1637,1344,1673,1356,1692,1388,1519,1376,1517,1411,1516,1444,1515,1479,1442,1518,1470,1527,1499,1538,1526,1537,1552,1535,1351,1355,1382,1341,1415,1347,1439,1378,1407,1374,1375,1367,1567,1402,1595,1383,1625,1387,1647,1412,1623,1415,1593,1410,1376,1598,1420,1577,1466,1571,1493,1583,1519,1579,1549,1596,1569,1629,1538,1648,1506,1656,1477,1654,1448,1647,1410,1628,1393,1599,1461,1597,1488,1603,1514,1605,1555,1626,1512,1624,1485,1622,1457,1616
2683,h,1,1,1236,1176,1771,1711,89.43333333333334,1209,1366,1201,1435,1199,1503,1206,1569,1232,1631,1276,1679,1332,1715,1385,1746,1444,1765,1500,1762,1549,1733,1595,1696,1633,1649,1660,1597,1681,1542,1694,1487,1697,1433,1306,1315,1348,1293,1398,1292,1448,1305,1494,1325,1557,1344,1597,1341,1637,1344,1673,1356,1692,1388,1519,1376,1517,1411,1516,1444,1515,1479,1442,1518,1470,1527,1499,1538,1526,1537,1552,1535,1351,1355,1382,1341,1415,1347,1439,1378,1407,1374,1375,1367,1567,1402,1595,1383,1625,1387,1647,1412,1623,1415,1593,1410,1376,1598,1420,1577,1466,1571,1493,1583,1519,1579,1549,1596,1569,1629,1538,1648,1506,1656,1477,1654,1448,1647,1410,1628,1393,1599,1461,1597,1488,1603,1514,1605,1555,1626,1512,1624,1485,1622,1457,1616
2684,h,1,1,1236,1176,1771,1711,89.46666666666667,1208,1366,1200,1433,1198,1501,1206,1567,1232,1628,1278,1676,1333,1712,1387,1743,1446,1762,1501,1759,1550,1730,1596,1693,1634,1646,1661,1595,1682,1541,1695,1486,1700,1433,1307,1315,1349,1292,1398,1291,1447,1305,1493,1325,1559,1343,1598,1341,1637,1343,1671,1356,1690,1386,1518,1376,1517,1411,1516,1444,1514,1479,1442,1516,1470,1526,1498,1537,1526,1536,1552,1534,1351,1355,1382,1341,1415,1347,1438,1378,1407,1374,1375,1367,1567,1403,1595,1383,1626,1387,1647,1411,1623,1415,1594,1410,1377,1597,1421,1577,1466,1572,1492,1583,1519,1580,1547,1597,1567,1629,1536,1647,1505,1654,1477,1652,1449,1645,1411,1626,1394,1599,1462,1596,1488,1602,1514,1605,1553,1626,1511,1624,1485,1621,1457,1615
2685,h,1,1,1236,1176,1771,1711,89.5,1205,1367,1197,1435,1196,1502,1203,1569,1227,1630,1273,1678,1328,1714,1383,1745,1443,1763,1499,1763,1548,1734,1594,1698,1631,1651,1658,1598,1680,1543,1693,1485,1695,1432,1304,1319,1345,1294,1396,1292,1446,1305,1494,1325,1555,1345,1595,1342,1635,1344,1671,1357,1690,1389,1518,1376,1516,1411,1515,1443,1514,1478,1441,1517,1469,1527,1497,1537,1524,1537,1550,1535,1349,1355,1380,1340,1414,1346,1438,1378,1406,1375,1373,1367,1566,1404,1594,1384,1626,1388,1647,1413,1623,1416,1593,1412,1373,1597,1417,1576,1463,1570,1491,1582,1518,1579,1547,1597,1568,1631,1536,1647,1504,1653,1475,1651,1445,1644,1406,1625,1390,1598,1458,1597,1486,1604,1513,1606,1553,1627,1511,1622,1483,1619,1454,1612
2686,h,1,1,1236,1176,1771,1711,89.53333333333333,1205,1367,1197,1435,1196,1502,1203,1569,1227,1630,1273,1678,1328,1714,1383,1745,1443,1763,1499,1763,1548,1734,1594,1698,1631,1651,1658,1598,1680,1543,1693,1485,1695,1432,1304,1319,1345,1294,1396,1292,1446,1305,1494,1325,1555,1345,1595,1342,1635,1344,1671,1357,1690,1389,1518,1376,1516,1411,1515,1443,1514,1478,1441,1517,1469,1527,1497,1537,1524,1537,1550,1535,1349,1355,1380,1340,1414,1346,1438,1378,1406,1375,1373,1367,1566,1404,1594,1384,1626,1388,1647,1413,1623,1416,1593,1412,1373,1597,1417,1576,1463,1570,1491,1582,1518,1579,1547,1597,1568,1631,1536,1647,1504,1653,1475,1651,1445,1644,1406,1625,1390,1598,1458,1597,1486,1604,1513,1606,1553,1627,1511,1622,1483,1619,1454,1612
2687,h,1,1,1236,1176,1771,1711,89.56666666666666,1209,1362,1200,1431,1197,1499,1203,1566,1229,1628,1274,1674,1330,1709,1385,1739,1444,1758,1501,1758,1550,1732,1596,1697,1633,1649,1659,1596,1680,1541,1691,1484,1695,1430,1304,1318,1346,1293,1398,1291,1448,1305,1496,1324,1556,1344,1597,1341,1637,1343,1674,1356,1693,1390,1517,1376,1516,1410,1515,1443,1514,1477,1441,1516,1469,1525,1497,1537,1524,1536,1550,1535,1349,1355,1381,1341,1415,1347,1440,1379,1407,1375,1373,1367,1565,1405,1595,1385,1627,1389,1648,1413,1624,1417,1593,1413,1374,1594,1418,1575,1464,1569,1492,1581,1519,1579,1549,1596,1569,1630,1538,1647,1505,1654,1476,1651,1446,1643,1407,1624,1391,1596,1459,1596,1488,1603,1515,1606,1555,1625,1512,1621,1484,1618,1455,1611
2688,h,1,1,1236,1176,1771,1711,89.6,1208,1366,1200,1433,1198,1501,1205,1568,1230,1630,1276,1676,1331,1711,1385,1742,1445,1761,1501,1761,1551,1733,1597,1697,1633,1649,1659,1595,1680,1540,1692,1484,1696,1429,1303,1318,1344,1292,1395,1289,1447,1302,1495,1322,1555,1342,1597,1339,1638,1341,1675,1356,1694,1390,1517,1375,1516,1409,1515,1442,1514,1477,1441,1517,1470,1526,1498,1538,1525,1537,1551,1535,1349,1355,1380,1340,1414,1346,1439,1378,1407,1374,1373,1367,1565,1404,1594,1383,1626,1387,1647,1412,1623,1415,1592,1411,1374,1594,1419,1575,1465,1570,1492,1582,1519,1579,1549,1596,1570,1629,1538,1647,1505,1654,1477,1651,1447,1643,1408,1624,1391,1596,1460,1596,1488,1603,1514,1606,1556,1625,1511,1621,1484,1619,1456,1612
2689,h,1,1,1236,1176,1771,1711,89.63333333333334,1212,1364,1203,1432,1201,1499,1207,1567,1232,1627,1277,1675,1331,1710,1385,1741,1444,1759,1500,1760,1550,1733,1595,1697,1632,1649,1659,1596,1679,1542,1691,1485,1696,1431,1304,1316,1345,1292,1396,1291,1445,1305,1491,1324,1556,1344,1597,1341,1638,1342,1674,1356,1692,1388,1517,1377,1515,1411,1515,1443,1514,1478,1441,1517,1469,1526,1497,1538,1524,1537,1550,1535,1348,1356,1379,1341,1413,1348,1437,1379,1405,1376,1372,1368,1565,1405,1594,1385,1626,1388,1648,1413,1624,1417,1593,1412,1373,1595,1417,1575,1463,1570,1491,1582,1519,1579,1548,1596,1569,1630,1537,1648,1504,1655,1475,1653,1445,1645,1406,1625,1390,1597,1458,1597,1487,1604,1514,1607,1554,1625,1511,1622,1483,1620,1453,1613
2690,h,1,1,1236,1176,1771,1711,89.66666666666667,1212,1364,1203,1432,1201,1499,1207,1567,1232,1627,1277,1675,1331,1710,1385,1741,1444,1759,1500,1760,1550,1733,1595,1697,1632,1649,1659,1596,1679,1542,1691,1485,1696,1431,1304,1316,1345,1292,1396,1291,1445,1305,1491,1324,1556,1344,1597,1341,1638,1342,1674,1356,1692,1388,1517,1377,1515,1411,1515,1443,1514,1478,1441,1517,1469,1526,1497,1538,1524,1537,1550,1535,1348,1356,1379,1341,1413,1348,1437,1379,1405,1376,1372,1368,1565,1405,1594,1385,1626,1388,1648,1413,1624,1417,1593,1412,1373,1595,1417,1575,1463,1570,1491,1582,1519,1579,1548,1596,1569,1630,1537,1648,1504,1655,1475,1653,1445,1645,1406,1625,1390,1597,1458,1597,1487,1604,1514,1607,1554,1625,1511,1622,1483,1620,1453,1613
2691,h,1,1,1236,1176,1771,1711,89.7,1205,1369,1197,1436,1196,1504,1203,1571,1227,1633,1271,1681,1326,1717,1381,1748,1442,1768,1499,1767,1549,1738,1595,1702,1631,1653,1657,1599,1678,1544,1691,1488,1695,1434,1302,1320,1344,1295,1395,1293,1447,1305,1494,1326,1555,1343,1596,1341,1637,1343,1673,1356,1691,1390,1518,1376,1517,1409,1516,1442,1516,1477,1441,1516,1469,1526,1497,1537,1525,1536,1550,1534,1348,1355,1379,1342,1412,1348,1436,1378,1404,1374,1372,1366,1566,1403,1595,1384,1626,1388,1647,1412,1623,1415,1593,1410,1373,1597,1417,1575,1464,1570,1491,1581,1519,1579,1549,1597,1569,1632,1537,1650,1504,1657,1475,1654,1445,1647,1405,1627,1389,1598,1459,1596,1487,1603,1514,1606,1554,1627,1511,1625,1482,1622,1454,1615
2692,h,1,1,1236,1176,1771,1711,89.73333333333333,1203,1372,1196,1439,1195,1506,1203,1572,1228,1634,1273,1683,1327,1720,1382,1753,1442,1772,1498,1769,1547,1740,1593,1702,1628,1654,1655,1601,1678,1548,1692,1492,1697,1439,1302,1313,1345,1291,1395,1290,1445,1303,1492,1323,1555,1341,1596,1340,1637,1343,1674,1356,1693,1388,1516,1377,1515,1411,1514,1443,1513,1477,1438,1517,1467,1527,1495,1539,1523,1538,1550,1536,1345,1356,1377,1342,1411,1348,1436,1380,1403,1376,1370,1368,1565,1406,1594,1385,1626,1389,1648,1415,1623,1418,1592,1413,1373,1601,1415,1577,1462,1571,1489,1583,1516,1580,1545,1598,1565,1635,1534,1655,1502,1664,1472,1662,1442,1655,1403,1634,1388,1603,1457,1597,1485,1604,1511,1607,1550,1630,1508,1633,1480,1631,1451,1625
2693,h,1,1,1236,1176,1771,1711,89.76666666666667,1205,1370,1198,1436,1196,1503,1204,1569,1227,1633,1271,1684,1324,1723,1377,1758,1439,1778,1497,1777,1546,1746,1591,1708,1628,1658,1656,1604,1679,1549,1692,1492,1696,1439,1303,1318,1345,1294,1396,1292,1446,1305,1493,1325,1552,1342,1593,1340,1634,1343,1670,1357,1688,1390,1514,1376,1513,1410,1512,1443,1512,1478,1436,1517,1465,1527,1495,1538,1522,1537,1549,1534,1348,1357,1378,1343,1411,1348,1435,1378,1403,1375,1372,1367,1564,1404,1593,1385,1623,1389,1644,1413,1620,1415,1590,1411,1372,1605,1413,1578,1460,1571,1488,1582,1516,1579,1546,1598,1564,1636,1535,1659,1502,1669,1471,1667,1441,1659,1402,1639,1387,1606,1455,1598,1484,1604,1511,1607,1549,1632,1508,1636,1479,1634,1450,1628
2694,h,1,1,1236,1176,1771,1711,89.8,1205,1370,1198,1436,1196,1503,1204,1569,1227,1633,1271,1684,1324,1723,1377,1758,1439,1778,1497,1777,1546,1746,1591,1708,1628,1658,1656,1604,1679,1549,1692,1492,1696,1439,1303,1318,1345,1294,1396,1292,1446,1305,1493,1325,1552,1342,1593,1340,1634,1343,1670,1357,1688,1390,1514,1376,1513,1410,1512,1443,1512,1478,1436,1517,1465,1527,1495,1538,1522,1537,1549,1534,1348,1357,1378,1343,1411,1348,1435,1378,1403,1375,1372,1367,1564,1404,1593,1385,1623,1389,1644,1413,1620,1415,1590,1411,1372,1605,1413,1578,1460,1571,1488,1582,1516,1579,1546,1598,1564,1636,1535,1659,1502,1669,1471,1667,1441,1659,1402,1639,1387,1606,1455,1598,1484,1604,1511,1607,1549,1632,1508,1636,1479,1634,1450,1628
2695,h,1,1,1236,1176,1771,1711,89.83333333333333,1209,1366,1200,1432,1196,1499,1203,1566,1226,1631,1270,1683,1326,1721,1381,1754,1442,1772,1500,1769,1547,1738,1592,1701,1627,1652,1654,1599,1675,1544,1686,1489,1691,1436,1305,1320,1347,1295,1398,1293,1448,1306,1495,1327,1554,1344,1594,1341,1633,1343,1667,1357,1683,1390,1517,1378,1516,1412,1516,1444,1515,1479,1438,1516,1467,1527,1496,1538,1524,1537,1551,1534,1351,1360,1381,1346,1414,1352,1438,1382,1407,1379,1375,1372,1563,1406,1591,1388,1621,1391,1641,1414,1618,1418,1589,1414,1373,1603,1415,1577,1461,1571,1488,1583,1516,1580,1546,1598,1564,1635,1535,1656,1502,1665,1472,1663,1442,1656,1404,1636,1389,1605,1456,1598,1484,1604,1511,1607,1550,1631,1508,1633,1480,1631,1451,1625
2696,h,1,1,1236,1176,1771,1711,89.86666666666666,1212,1366,1204,1433,1201,1500,1207,1568,1231,1631,1274,1680,1328,1718,1380,1750,1441,1769,1497,1768,1546,1740,1592,1704,1628,1655,1655,1603,1676,1547,1689,1491,1695,1436,1307,1319,1348,1295,1399,1293,1449,1307,1495,1328,1555,1345,1595,1341,1635,1343,1670,1357,1687,1390,1517,1377,1515,1411,1514,1444,1513,1479,1438,1516,1467,1527,1496,1538,1524,1537,1550,1535,1353,1360,1384,1347,1417,1353,1440,1381,1409,1379,1377,1372,1564,1406,1592,1389,1622,1393,1643,1415,1620,1419,1590,1414,1374,1600,1417,1576,1461,1571,1488,1583,1516,1580,1546,1598,1567,1633,1535,1653,1502,1659,1472,1657,1442,1649,1405,1631,1390,1602,1456,1598,1484,1605,1511,1608,1553,1629,1508,1629,1480,1626,1451,1619
2697,h,1,1,1236,1176,1771,1711,89.9,1206,1370,1198,1437,1195,1503,1203,1570,1228,1631,1274,1680,1330,1715,1385,1746,1444,1765,1500,1762,1547,1733,1592,1698,1629,1651,1656,1599,1678,1545,1690,1490,1694,1437,1302,1318,1344,1294,1395,1292,1445,1306,1492,1326,1556,1344,1597,1340,1637,1342,1673,1355,1690,1387,1517,1377,1516,1411,1515,1443,1514,1478,1438,1517,1467,1527,1496,1538,1524,1537,1550,1534,1348,1359,1379,1348,1412,1354,1436,1382,1404,1378,1372,1371,1564,1407,1594,1390,1623,1395,1644,1416,1621,1418,1591,1414,1371,1596,1416,1576,1462,1571,1489,1583,1516,1580,1546,1597,1567,1630,1535,1648,1502,1656,1473,1653,1444,1645,1406,1626,1388,1598,1457,1597,1485,1604,1512,1607,1552,1626,1509,1625,1481,1622,1452,1615
2698,h,1,1,1236,1176,1771,1711,89.93333333333334,1206,1370,1198,1437,1195,1503,1203,1570,1228,1631,1274,1680,1330,1715,1385,1746,1444,1765,1500,1762,1547,1733,1592,1698,1629,1651,1656,1599,1678,1545,1690,1490,1694,1437,1302,1318,1344,1294,1395,1292,1445,1306,1492,1326,1556,1344,1597,1340,1637,1342,1673,1355,1690,1387,1517,1377,1516,1411,1515,1443,1514,1478,1438,1517,1467,1527,1496,1538,1524,1537,1550,1534,1348,1359,1379,1348,1412,1354,1436,1382,1404,1378,1372,1371,1564,1407,1594,1390,1623,1395,1644,1416,1621,1418,1591,1414,1371,1596,1416,1576,1462,1571,1489,1583,1516,1580,1546,1597,1567,1630,1535,1648,1502,1656,1473,1653,1444,1645,1406,1626,1388,1598,1457,1597,1485,1604,1512,1607,1552,1626,1509,1625,1481,1622,1452,1615
2699,h,1,1,1236,1176,1771,1711,89.96666666666667,1206,1366,1198,1432,1196,1499,1202,1566,1226,1629,1270,1679,1327,1715,1382,1746,1442,1765,1498,1763,1546,1734,1593,1698,1628,1649,1655,1596,1676,1541,1687,1485,1691,1433,1301,1318,1343,1294,1393,1292,1444,1305,1490,1325,1557,1342,1596,1339,1635,1342,1669,1357,1685,1389,1515,1376,1514,1410,1513,1444,1512,1479,1438,1516,1467,1526,1496,1537,1523,1536,1549,1534,1346,1358,1377,1345,1409,1352,1433,1380,1402,1377,1370,1370,1563,1404,1592,1387,1622,1391,1642,1413,1619,1417,1590,1413,1372,1597,1415,1576,1461,1571,1488,1582,1516,1579,1546,1597,1566,1632,1535,1649,1502,1656,1472,1653,1442,1646,1404,1627,1388,1598,1456,1598,1484,1605,1511,1608,1551,1627,1508,1624,1480,1621,1451,1615
2700,h,1,1,1236,1176,1771,1711,90.0,1209,1371,1201,1437,1198,1503,1205,1569,1231,1629,1276,1676,1330,1711,1384,1741,1441,1759,1495,1758,1545,1731,1591,1697,1628,1650,1656,1598,1676,1544,1688,1489,1692,1436,1303,1318,1345,1294,1395,1292,1445,1304,1491,1323,1555,1341,1594,1339,1634,1342,1669,1357,1686,1391,1515,1375,1513,1410,1512,1442,1511,1477,1439,1516,1467,1525,1495,1536,1522,1536,1548,1534,1347,1357,1378,1344,1411,1350,1435,1380,1403,1377,1371,1369,1563,1404,1592,1386,1622,1390,1643,1413,1619,1417,1590,1412,1372,1596,1415,1575,1461,1570,1488,1582,1515,1579,1545,1597,1565,1630,1533,1648,1501,1654,1472,1651,1442,1644,1404,1626,1388,1598,1456,1596,1484,1602,1511,1605,1551,1626,1507,1623,1479,1621,1451,1615
2701,h,1,1,1236,1176,1771,1711,90.03333333333333,1209,1371,1201,1437,1198,1503,1205,1569,1231,1629,1276,1676,1330,1711,1384,1741,1441,1759,1495,1758,1545,1731,1591,1697,1628,1650,1656,1598,1676,1544,1688,1489,1692,1436,1303,1318,1345,1294,1395,1292,1445,1304,1491,1323,1555,1341,1594,1339,1634,1342,1669,1357,1686,1391,1515,1375,1513,1410,1512,1442,1511,1477,1439,1516,1467,1525,1495,1536,1522,1536,1548,1534,1347,1357,1378,1344,1411,1350,1435,1380,1403,1377,1371,1369,1563,1404,1592,1386,1622,1390,1643,1413,1619,1417,1590,1412,1372,1596,1415,1575,1461,1570,1488,1582,1515,1579,1545,1597,1565,1630,1533,1648,1501,1654,1472,1651,1442,1644,1404,1626,1388,1598,1456,1596,1484,1602,1511,1605,1551,1626,1507,1623,1479,1621,1451,1615
2702,h,1,1,1236,1176,1771,1711,90.06666666666666,1205,1369,1196,1435,1194,1502,1202,1567,1230,1627,1276,1673,1331,1706,1384,1736,1443,1753,1499,1753,1548,1727,1593,1692,1629,1645,1655,1592,1676,1539,1687,1483,1690,1430,1300,1317,1342,1293,1393,1291,1442,1303,1489,1323,1551,1341,1590,1338,1630,1339,1666,1353,1685,1385,1512,1376,1511,1410,1511,1443,1509,1478,1438,1516,1466,1525,1494,1537,1520,1536,1546,1534,1343,1357,1375,1344,1409,1350,1432,1381,1400,1378,1367,1369,1561,1405,1589,1385,1620,1388,1642,1412,1618,1416,1588,1413,1373,1596,1417,1575,1460,1570,1488,1582,1514,1579,1542,1596,1565,1629,1531,1646,1500,1651,1472,1649,1443,1641,1406,1623,1389,1597,1455,1596,1484,1603,1509,1606,1550,1625,1506,1621,1480,1619,1451,1612
2703,h,1,1,1236,1176,1771,1711,90.1,1204,1369,1196,1436,1193,1503,1201,1568,1229,1629,1275,1676,1330,1709,1384,1739,1442,1756,1498,1757,1545,1731,1590,1696,1627,1648,1654,1595,1675,1540,1687,1484,1691,1430,1302,1316,1344,1293,1394,1291,1444,1303,1490,1323,1554,1341,1593,1338,1632,1340,1667,1354,1686,1385,1513,1376,1512,1410,1511,1442,1510,1477,1438,1516,1466,1525,1494,1536,1521,1536,1546,1533,1345,1357,1376,1344,1410,1350,1433,1380,1401,1378,1369,1369,1562,1405,1590,1386,1621,1389,1642,1413,1619,1417,1589,1413,1373,1597,1416,1575,1460,1570,1487,1581,1514,1579,1543,1596,1564,1629,1531,1647,1500,1652,1472,1650,1443,1642,1406,1624,1389,1598,1455,1595,1483,1602,1509,1605,1550,1625,1506,1622,1479,1620,1451,1613
2704,h,1,1,1236,1176,1771,1711,90.13333333333334,1202,1371,1195,1437,1192,1503,1199,1568,1226,1629,1271,1676,1326,1711,1380,1743,1440,1761,1498,1760,1546,1732,1590,1696,1627,1649,1653,1596,1675,1542,1687,1487,1691,1432,1297,1320,1338,1293,1389,1290,1441,1301,1488,1320,1550,1338,1591,1336,1632,1339,1669,1353,1688,1387,1512,1374,1511,1408,1510,1441,1509,1476,1436,1515,1464,1525,1493,1536,1520,1535,1546,1533,1342,1357,1374,1343,1408,1349,1432,1379,1399,1376,1366,1368,1562,1403,1590,1385,1621,1388,1643,1412,1619,1416,1588,1411,1372,1597,1415,1576,1460,1570,1487,1581,1513,1578,1543,1595,1564,1629,1532,1646,1500,1652,1472,1650,1443,1643,1405,1625,1388,1597,1455,1595,1483,1602,1509,1605,1549,1624,1506,1621,1480,1619,1451,1612
2705,h,1,1,1236,1176,1771,1711,90.16666666666667,1202,1371,1195,1437,1192,1503,1199,1568,1226,1629,1271,1676,1326,1711,1380,1743,1440,1761,1498,1760,1546,1732,1590,1696,1627,1649,1653,1596,1675,1542,1687,1487,1691,1432,1297,1320,1338,1293,1389,1290,1441,1301,1488,1320,1550,1338,1591,1336,1632,1339,1669,1353,1688,1387,1512,1374,1511,1408,1510,1441,1509,1476,1436,1515,1464,1525,1493,1536,1520,1535,1546,1533,1342,1357,1374,1343,1408,1349,1432,1379,1399,1376,1366,1368,1562,1403,1590,1385,1621,1388,1643,1412,1619,1416,1588,1411,1372,1597,1415,1576,1460,1570,1487,1581,1513,1578,1543,1595,1564,1629,1532,1646,1500,1652,1472,1650,1443,1643,1405,1625,1388,1597,1455,1595,1483,1602,1509,1605,1549,1624,1506,1621,1480,1619,1451,1612
2706,h,1,1,1236,1176,1771,1711,90.2,1207,1369,1198,1434,1195,1500,1201,1565,1225,1627,1269,1675,1325,1709,1378,1739,1438,1757,1495,1756,1545,1729,1589,1694,1625,1647,1651,1595,1673,1542,1685,1487,1689,1435,1301,1317,1343,1293,1394,1291,1444,1304,1491,1323,1553,1343,1592,1340,1631,1341,1667,1354,1687,1385,1514,1375,1512,1409,1511,1441,1510,1476,1436,1514,1464,1524,1493,1535,1520,1534,1547,1531,1346,1356,1376,1345,1409,1350,1433,1379,1401,1375,1369,1367,1562,1404,1590,1386,1620,1390,1641,1412,1618,1416,1588,1411,1369,1592,1414,1573,1459,1568,1486,1580,1513,1577,1543,1594,1564,1626,1531,1642,1498,1648,1469,1645,1440,1637,1402,1619,1385,1593,1453,1594,1482,1602,1508,1605,1550,1622,1504,1618,1477,1615,1449,1609
2707,h,1,1,1236,1176,1771,1711,90.23333333333333,1206,1366,1196,1432,1193,1498,1200,1564,1223,1627,1267,1677,1323,1713,1378,1745,1439,1763,1497,1761,1548,1732,1593,1695,1628,1647,1654,1595,1674,1541,1685,1486,1690,1433,1299,1317,1342,1292,1393,1290,1444,1303,1492,1321,1552,1340,1593,1338,1633,1340,1669,1354,1688,1387,1514,1375,1512,1408,1512,1441,1511,1476,1436,1514,1465,1524,1493,1535,1521,1534,1547,1531,1345,1355,1376,1343,1408,1349,1432,1377,1400,1374,1369,1366,1563,1402,1591,1384,1621,1388,1642,1411,1619,1414,1589,1410,1371,1594,1415,1574,1460,1569,1487,1581,1514,1577,1544,1595,1565,1626,1532,1642,1500,1648,1471,1646,1442,1638,1404,1620,1387,1594,1455,1595,1483,1603,1509,1605,1551,1622,1505,1616,1478,1614,1450,1608
2708,h,1,1,1236,1176,1771,1711,90.26666666666667,1203,1368,1195,1434,1192,1500,1199,1566,1224,1628,1270,1675,1325,1710,1379,1742,1439,1760,1495,1760,1544,1733,1588,1698,1625,1651,1651,1600,1672,1546,1685,1491,1690,1438,1297,1319,1339,1293,1390,1290,1442,1303,1490,1323,1552,1342,1592,1338,1634,1340,1671,1354,1689,1388,1513,1374,1511,1408,1510,1441,1509,1476,1437,1514,1464,1524,1492,1535,1519,1534,1545,1532,1342,1355,1374,1342,1407,1348,1432,1378,1399,1375,1366,1367,1562,1403,1590,1384,1621,1387,1642,1411,1619,1415,1588,1411,1373,1594,1416,1574,1460,1569,1487,1581,1514,1578,1543,1595,1565,1627,1532,1642,1500,1648,1472,1645,1443,1638,1406,1620,1389,1594,1455,1595,1483,1602,1509,1605,1551,1622,1506,1617,1479,1614,1451,1608
2709,h,1,1,1236,1176,1771,1711,90.3,1203,1368,1195,1434,1192,1500,1199,1566,1224,1628,1270,1675,1325,1710,1379,1742,1439,1760,1495,1760,1544,1733,1588,1698,1625,1651,1651,1600,1672,1546,1685,1491,1690,1438,1297,1319,1339,1293,1390,1290,1442,1303,1490,1323,1552,1342,1592,1338,1634,1340,1671,1354,1689,1388,1513,1374,1511,1408,1510,1441,1509,1476,1437,1514,1464,1524,1492,1535,1519,1534,1545,1532,1342,1355,1374,1342,1407,1348,1432,1378,1399,1375,1366,1367,1562,1403,1590,1384,1621,1387,1642,1411,1619,1415,1588,1411,1373,1594,1416,1574,1460,1569,1487,1581,1514,1578,1543,1595,1565,1627,1532,1642,1500,1648,1472,1645,1443,1638,1406,1620,1389,1594,1455,1595,1483,1602,1509,1605,1551,1622,1506,1617,1479,1614,1451,1608
2710,h,1,1,1236,1176,1771,1711,90.33333333333333,1204,1369,1196,1434,1194,1500,1200,1565,1224,1628,1268,1676,1325,1711,1379,1743,1438,1761,1494,1760,1543,1732,1589,1697,1626,1650,1653,1599,1674,1546,1687,1491,1692,1439,1297,1321,1339,1295,1391,1290,1443,1302,1491,1321,1552,1339,1593,1337,1635,1341,1671,1356,1690,1389,1513,1372,1511,1406,1510,1439,1508,1475,1436,1513,1463,1523,1491,1535,1519,1534,1545,1531,1344,1355,1374,1342,1408,1347,1432,1376,1400,1373,1368,1366,1562,1402,1590,1383,1621,1387,1642,1411,1618,1414,1588,1409,1373,1594,1415,1574,1459,1568,1486,1581,1513,1577,1543,1594,1565,1627,1532,1641,1499,1647,1471,1644,1442,1636,1405,1618,1389,1594,1454,1594,1482,1601,1508,1604,1550,1622,1505,1616,1478,1614,1450,1607
2711,h,1,1,1236,1176,1771,1711,90.36666666666666,1204,1365,1196,1431,1194,1498,1201,1564,1225,1626,1270,1673,1326,1707,1380,1737,1440,1755,1498,1755,1548,1728,1594,1693,1629,1646,1654,1594,1675,1541,1687,1486,1691,1434,1300,1315,1343,1292,1394,1290,1444,1302,1490,1321,1553,1341,1593,1338,1634,1341,1670,1355,1689,1388,1514,1374,1512,1407,1511,1440,1509,1476,1438,1515,1465,1524,1493,1535,1519,1535,1545,1532,1344,1354,1375,1341,1409,1347,1434,1377,1401,1373,1368,1366,1562,1402,1590,1382,1621,1386,1643,1410,1618,1414,1588,1409,1374,1596,1415,1574,1459,1568,1487,1580,1513,1577,1541,1593,1562,1624,1531,1638,1500,1645,1472,1644,1443,1636,1406,1619,1389,1595,1454,1594,1482,1601,1508,1603,1548,1619,1506,1615,1479,1613,1451,1606
2712,h,1,1,1236,1176,1771,1711,90.4,1203,1369,1196,1436,1193,1502,1200,1568,1225,1630,1270,1678,1326,1714,1380,1746,1440,1764,1497,1762,1547,1734,1594,1698,1630,1651,1656,1599,1677,1544,1689,1489,1693,1435,1296,1318,1338,1292,1389,1289,1441,1301,1489,1319,1552,1338,1592,1336,1633,1339,1669,1354,1687,1388,1511,1371,1510,1406,1509,1439,1508,1475,1436,1514,1464,1524,1492,1535,1519,1534,1545,1531,1344,1354,1375,1342,1407,1347,1432,1375,1400,1373,1368,1365,1562,1400,1590,1383,1620,1387,1641,1410,1617,1413,1587,1408,1374,1592,1416,1573,1460,1568,1487,1580,1513,1577,1543,1594,1566,1627,1532,1642,1499,1648,1471,1646,1442,1638,1406,1619,1390,1593,1455,1594,1483,1601,1508,1604,1552,1622,1505,1618,1479,1616,1451,1608
2713,h,1,1,1236,1176,1771,1711,90.43333333333334,1203,1369,1196,1436,1193,1502,1200,1568,1225,1630,1270,1678,1326,1714,1380,1746,1440,1764,1497,1762,1547,1734,1594,1698,1630,1651,1656,1599,1677,1544,1689,1489,1693,1435,1296,1318,1338,1292,1389,1289,1441,1301,1489,1319,1552,1338,1592,1336,1633,1339,1669,1354,1687,1388,1511,1371,1510,1406,1509,1439,1508,1475,1436,1514,1464,1524,1492,1535,1519,1534,1545,1531,1344,1354,1375,1342,1407,1347,1432,1375,1400,1373,1368,1365,1562,1400,1590,1383,1620,1387,1641,1410,1617,1413,1587,1408,1374,1592,1416,1573,1460,1568,1487,1580,1513,1577,1543,1594,1566,1627,1532,1642,1499,1648,1471,1646,1442,1638,1406,1619,1390,1593,1455,1594,1483,1601,1508,1604,1552,1622,1505,1618,1479,1616,1451,1608
2714,h,1,1,1236,1176,1771,1711,90.46666666666667,1202,1366,1195,1433,1194,1499,1201,1565,1226,1627,1270,1676,1326,1714,1382,1746,1443,1765,1501,1764,1551,1735,1596,1699,1631,1652,1656,1599,1676,1544,1689,1489,1693,1436,1298,1316,1338,1291,1388,1288,1439,1300,1487,1320,1552,1339,1593,1336,1634,1339,1670,1353,1689,1387,1511,1373,1510,1407,1509,1440,1508,1475,1436,1514,1464,1523,1492,1535,1519,1534,1545,1531,1344,1355,1375,1341,1408,1347,1432,1377,1400,1374,1368,1366,1561,1402,1590,1383,1621,1387,1643,1411,1618,1415,1588,1410,1370,1595,1413,1574,1458,1569,1485,1581,1512,1578,1543,1595,1565,1628,1533,1646,1499,1653,1470,1650,1440,1643,1402,1623,1386,1596,1452,1595,1481,1602,1508,1605,1551,1624,1505,1623,1477,1621,1448,1613
2715,h,1,1,1236,1176,1771,1711,90.5,1201,1367,1194,1435,1193,1503,1202,1569,1225,1633,1270,1683,1325,1720,1380,1754,1442,1772,1501,1769,1550,1738,1596,1699,1630,1650,1654,1597,1677,1545,1691,1490,1695,1436,1295,1319,1338,1293,1389,1291,1441,1303,1489,1323,1553,1341,1595,1338,1637,1342,1675,1357,1693,1392,1513,1373,1512,1407,1511,1439,1510,1475,1437,1515,1465,1525,1493,1536,1521,1535,1547,1532,1343,1355,1374,1341,1408,1346,1433,1377,1401,1374,1368,1367,1563,1403,1591,1382,1623,1386,1645,1412,1621,1414,1589,1410,1368,1602,1413,1576,1460,1569,1488,1581,1514,1578,1544,1596,1564,1634,1534,1657,1500,1668,1472,1665,1442,1658,1402,1636,1384,1603,1455,1596,1484,1602,1509,1605,1549,1630,1506,1634,1479,1632,1450,1626
2716,h,1,1,1236,1176,1771,1711,90.53333333333333,1201,1367,1194,1435,1193,1503,1202,1569,1225,1633,1270,1683,1325,1720,1380,1754,1442,1772,1501,1769,1550,1738,1596,1699,1630,1650,1654,1597,1677,1545,1691,1490,1695,1436,1295,1319,1338,1293,1389,1291,1441,1303,1489,1323,1553,1341,1595,1338,1637,1342,1675,1357,1693,1392,1513,1373,1512,1407,1511,1439,1510,1475,1437,1515,1465,1525,1493,1536,1521,1535,1547,1532,1343,1355,1374,1341,1408,1346,1433,1377,1401,1374,1368,1367,1563,1403,1591,1382,1623,1386,1645,1412,1621,1414,1589,1410,1368,1602,1413,1576,1460,1569,1488,1581,1514,1578,1544,1596,1564,1634,1534,1657,1500,1668,1472,1665,1442,1658,1402,1636,1384,1603,1455,1596,1484,1602,1509,1605,1549,1630,1506,1634,1479,1632,1450,1626
2717,h,1,1,1236,1176,1771,1711,90.56666666666666,1200,1362,1192,1431,1192,1500,1200,1568,1223,1634,1265,1688,1319,1729,1374,1765,1437,1785,1497,1783,1545,1750,1592,1708,1627,1656,1654,1602,1678,1548,1693,1491,1698,1435,1301,1314,1345,1292,1396,1290,1448,1301,1495,1322,1551,1341,1593,1338,1634,1342,1672,1354,1693,1386,1514,1371,1512,1406,1511,1439,1510,1474,1436,1513,1464,1524,1493,1535,1521,1534,1547,1531,1345,1353,1376,1338,1410,1344,1433,1376,1402,1372,1369,1365,1563,1402,1592,1380,1624,1385,1646,1411,1621,1414,1590,1409,1365,1607,1409,1577,1459,1569,1487,1581,1514,1577,1545,1598,1562,1640,1533,1668,1499,1682,1469,1680,1438,1671,1397,1647,1381,1609,1454,1598,1482,1604,1509,1607,1547,1636,1505,1646,1477,1645,1448,1638
2718,h,1,1,1236,1176,1771,1711,90.6,1199,1367,1192,1435,1192,1502,1200,1569,1223,1634,1268,1687,1324,1727,1380,1762,1442,1781,1500,1777,1549,1745,1593,1703,1627,1650,1652,1596,1674,1542,1688,1488,1693,1433,1297,1316,1340,1291,1391,1288,1443,1299,1491,1320,1552,1336,1594,1335,1636,1339,1672,1353,1690,1387,1513,1372,1512,1405,1511,1437,1510,1473,1436,1512,1465,1522,1494,1534,1521,1533,1548,1530,1342,1354,1373,1339,1407,1344,1431,1375,1399,1372,1367,1365,1563,1400,1592,1380,1623,1384,1645,1409,1620,1412,1589,1407,1368,1605,1411,1577,1461,1569,1489,1580,1515,1578,1546,1597,1563,1637,1534,1667,1501,1679,1472,1677,1441,1669,1400,1645,1384,1606,1456,1596,1485,1602,1510,1605,1549,1633,1506,1645,1479,1643,1450,1637
2719,h,1,1,1236,1176,1771,1711,90.63333333333334,1200,1364,1194,1432,1194,1500,1201,1567,1224,1633,1267,1685,1322,1726,1377,1762,1441,1781,1500,1779,1548,1747,1593,1705,1628,1653,1655,1599,1677,1544,1691,1487,1695,1431,1298,1314,1341,1289,1392,1287,1444,1298,1492,1319,1553,1336,1594,1334,1636,1337,1672,1351,1692,1383,1515,1371,1513,1404,1513,1436,1512,1472,1437,1512,1466,1522,1494,1534,1522,1533,1548,1530,1343,1353,1374,1337,1409,1342,1434,1374,1402,1371,1368,1364,1563,1399,1592,1378,1624,1383,1646,1409,1621,1412,1590,1407,1366,1605,1411,1576,1460,1567,1487,1579,1515,1576,1546,1597,1563,1639,1533,1666,1499,1677,1470,1674,1439,1667,1399,1644,1383,1606,1454,1596,1483,1603,1509,1606,1548,1634,1506,1642,1478,1639,1449,1634
2720,h,1,1,1236,1176,1771,1711,90.66666666666667,1200,1364,1194,1432,1194,1500,1201,1567,1224,1633,1267,1685,1322,1726,1377,1762,1441,1781,1500,1779,1548,1747,1593,1705,1628,1653,1655,1599,1677,1544,1691,1487,1695,1431,1298,1314,1341,1289,1392,1287,1444,1298,1492,1319,1553,1336,1594,1334,1636,1337,1672,1351,1692,1383,1515,1371,1513,1404,1513,1436,1512,1472,1437,1512,1466,1522,1494,1534,1522,1533,1548,1530,1343,1353,1374,1337,1409,1342,1434,1374,1402,1371,1368,1364,1563,1399,1592,1378,1624,1383,1646,1409,1621,1412,1590,1407,1366,1605,1411,1576,1460,1567,1487,1579,1515,1576,1546,1597,1563,1639,1533,1666,1499,1677,1470,1674,1439,1667,1399,1644,1383,1606,1454,1596,1483,1603,1509,1606,1548,1634,1506,1642,1478,1639,1449,1634
2721,h,1,1,1236,1176,1771,1711,90.7,1202,1360,1196,1428,1195,1496,1202,1563,1227,1626,1271,1679,1325,1719,1379,1755,1441,1774,1499,1772,1548,1740,1593,1700,1627,1649,1652,1596,1675,1543,1689,1487,1694,1433,1301,1315,1343,1290,1393,1286,1444,1298,1491,1318,1555,1336,1595,1335,1637,1338,1673,1352,1693,1385,1513,1370,1512,1404,1511,1436,1510,1471,1438,1511,1466,1521,1494,1532,1522,1532,1548,1528,1346,1352,1376,1337,1410,1343,1435,1374,1403,1370,1370,1363,1565,1399,1593,1379,1624,1383,1646,1408,1622,1411,1591,1407,1369,1601,1411,1574,1459,1567,1487,1578,1515,1575,1546,1594,1563,1634,1535,1661,1500,1673,1471,1671,1439,1663,1400,1640,1385,1603,1453,1594,1483,1601,1510,1603,1548,1630,1507,1639,1478,1638,1448,1631
2722,h,1,1,1236,1176,1771,1711,90.73333333333333,1201,1368,1196,1435,1196,1502,1204,1569,1228,1632,1273,1682,1328,1720,1384,1752,1448,1770,1506,1767,1554,1736,1599,1696,1631,1646,1655,1592,1677,1540,1693,1486,1698,1433,1296,1320,1338,1292,1390,1288,1442,1300,1491,1321,1553,1337,1597,1335,1642,1339,1681,1355,1699,1393,1514,1370,1513,1404,1512,1436,1511,1472,1439,1512,1467,1522,1495,1532,1522,1531,1548,1529,1344,1354,1374,1337,1409,1342,1434,1375,1402,1372,1369,1365,1563,1400,1592,1377,1624,1381,1647,1408,1622,1411,1590,1406,1369,1600,1413,1575,1461,1567,1488,1578,1515,1576,1547,1594,1565,1632,1536,1655,1503,1663,1474,1660,1443,1652,1403,1632,1385,1601,1456,1594,1485,1600,1511,1603,1551,1628,1508,1631,1481,1628,1452,1622
2723,h,1,1,1236,1176,1771,1711,90.76666666666667,1204,1363,1198,1431,1198,1497,1205,1562,1230,1624,1274,1674,1328,1711,1383,1744,1444,1764,1502,1762,1552,1732,1596,1695,1630,1647,1656,1595,1678,1543,1692,1488,1698,1433,1299,1317,1342,1291,1392,1287,1443,1298,1490,1317,1556,1335,1599,1333,1641,1337,1679,1354,1698,1390,1515,1371,1513,1405,1513,1438,1511,1473,1439,1512,1467,1522,1496,1533,1523,1532,1550,1530,1345,1353,1376,1338,1410,1344,1435,1376,1403,1372,1370,1365,1565,1401,1593,1380,1625,1384,1647,1409,1623,1412,1592,1408,1372,1598,1416,1574,1463,1568,1490,1579,1517,1576,1547,1593,1565,1630,1536,1652,1503,1660,1475,1658,1445,1650,1405,1629,1388,1599,1458,1594,1486,1600,1512,1603,1551,1626,1509,1628,1482,1626,1453,1620
2724,h,1,1,1236,1176,1771,1711,90.8,1204,1363,1198,1431,1198,1497,1205,1562,1230,1624,1274,1674,1328,1711,1383,1744,1444,1764,1502,1762,1552,1732,1596,1695,1630,1647,1656,1595,1678,1543,1692,1488,1698,1433,1299,1317,1342,1291,1392,1287,1443,1298,1490,1317,1556,1335,1599,1333,1641,1337,1679,1354,1698,1390,1515,1371,1513,1405,1513,1438,1511,1473,1439,1512,1467,1522,1496,1533,1523,1532,1550,1530,1345,1353,1376,1338,1410,1344,1435,1376,1403,1372,1370,1365,1565,1401,1593,1380,1625,1384,1647,1409,1623,1412,1592,1408,1372,1598,1416,1574,1463,1568,1490,1579,1517,1576,1547,1593,1565,1630,1536,1652,1503,1660,1475,1658,1445,1650,1405,1629,1388,1599,1458,1594,1486,1600,1512,1603,1551,1626,1509,1628,1482,1626,1453,1620
2725,h,1,1,1236,1176,1771,1711,90.83333333333333,1203,1367,1196,1433,1194,1500,1202,1565,1226,1629,1269,1678,1325,1715,1381,1746,1443,1764,1500,1761,1550,1731,1596,1694,1630,1645,1656,1593,1678,1540,1690,1485,1694,1433,1300,1316,1342,1292,1393,1289,1444,1300,1491,1320,1558,1337,1598,1335,1637,1338,1673,1351,1690,1384,1516,1371,1514,1406,1514,1439,1513,1474,1440,1512,1468,1522,1496,1534,1523,1533,1549,1530,1347,1354,1378,1340,1411,1345,1435,1376,1404,1372,1372,1365,1564,1400,1592,1380,1623,1383,1645,1408,1621,1411,1591,1408,1373,1599,1417,1575,1464,1568,1490,1579,1516,1576,1546,1594,1565,1631,1535,1650,1502,1657,1474,1655,1446,1648,1407,1629,1389,1600,1459,1594,1486,1601,1512,1603,1551,1627,1508,1626,1482,1624,1454,1618
2726,h,1,1,1236,1176,1771,1711,90.86666666666666,1206,1370,1198,1437,1196,1504,1205,1570,1230,1633,1276,1682,1332,1718,1386,1749,1445,1766,1501,1764,1549,1735,1593,1698,1628,1650,1654,1597,1676,1544,1688,1489,1692,1437,1305,1314,1347,1290,1396,1288,1447,1301,1492,1321,1558,1339,1597,1336,1636,1338,1671,1351,1688,1383,1516,1372,1514,1406,1513,1438,1512,1474,1440,1513,1468,1523,1496,1534,1522,1533,1547,1530,1348,1353,1378,1339,1412,1345,1435,1376,1404,1372,1372,1365,1565,1400,1593,1380,1623,1384,1644,1409,1621,1412,1591,1408,1374,1600,1417,1574,1463,1567,1490,1579,1517,1576,1547,1594,1565,1632,1535,1649,1503,1656,1475,1654,1445,1647,1407,1628,1389,1601,1458,1595,1486,1601,1513,1604,1551,1627,1509,1625,1482,1623,1454,1617
2727,h,1,1,1236,1176,1771,1711,90.9,1205,1367,1198,1433,1195,1501,1203,1567,1227,1631,1271,1681,1326,1719,1383,1751,1444,1769,1503,1766,1552,1736,1597,1697,1631,1647,1657,1595,1679,1542,1691,1486,1696,1433,1304,1314,1346,1291,1397,1289,1447,1302,1493,1322,1558,1340,1597,1338,1636,1340,1671,1353,1688,1385,1518,1373,1516,1407,1515,1439,1514,1474,1441,1513,1469,1523,1497,1534,1524,1533,1550,1531,1349,1353,1380,1340,1413,1345,1437,1376,1405,1372,1373,1364,1566,1401,1594,1381,1624,1385,1645,1410,1621,1413,1592,1408,1374,1600,1418,1574,1465,1568,1491,1579,1518,1576,1548,1595,1567,1632,1536,1650,1504,1658,1475,1655,1447,1648,1408,1629,1390,1601,1460,1596,1487,1602,1513,1605,1553,1628,1510,1626,1483,1624,1455,1618
2728,h,1,1,1236,1176,1771,1711,90.93333333333334,1205,1367,1198,1433,1195,1501,1203,1567,1227,1631,1271,1681,1326,1719,1383,1751,1444,1769,1503,1766,1552,1736,1597,1697,1631,1647,1657,1595,1679,1542,1691,1486,1696,1433,1304,1314,1346,1291,1397,1289,1447,1302,1493,1322,1558,1340,1597,1338,1636,1340,1671,1353,1688,1385,1518,1373,1516,1407,1515,1439,1514,1474,1441,1513,1469,1523,1497,1534,1524,1533,1550,1531,1349,1353,1380,1340,1413,1345,1437,1376,1405,1372,1373,1364,1566,1401,1594,1381,1624,1385,1645,1410,1621,1413,1592,1408,1374,1600,1418,1574,1465,1568,1491,1579,1518,1576,1548,1595,1567,1632,1536,1650,1504,1658,1475,1655,1447,1648,1408,1629,1390,1601,1460,1596,1487,1602,1513,1605,1553,1628,1510,1626,1483,1624,1455,1618
2729,h,1,1,1236,1176,1771,1711,90.96666666666667,1204,1366,1197,1434,1195,1503,1203,1569,1228,1632,1273,1681,1328,1718,1384,1750,1445,1768,1502,1766,1552,1736,1596,1698,1630,1648,1656,1594,1677,1540,1689,1484,1692,1431,1303,1313,1347,1291,1397,1289,1448,1302,1494,1322,1557,1340,1595,1338,1634,1339,1669,1351,1687,1382,1517,1372,1516,1406,1515,1438,1514,1473,1441,1513,1469,1523,1497,1534,1524,1533,1549,1531,1348,1353,1379,1339,1413,1345,1436,1376,1404,1373,1372,1365,1565,1401,1593,1380,1625,1384,1646,1408,1622,1413,1592,1409,1374,1598,1419,1574,1465,1567,1491,1578,1518,1575,1548,1594,1567,1632,1536,1652,1504,1659,1475,1657,1446,1649,1407,1631,1391,1599,1460,1594,1487,1600,1514,1603,1552,1627,1510,1627,1483,1625,1455,1618
2730,h,1,1,1236,1176,1771,1711,91.0,1207,1365,1198,1433,1196,1503,1204,1570,1230,1633,1276,1683,1331,1720,1386,1752,1447,1770,1504,1767,1554,1736,1598,1697,1632,1647,1656,1593,1677,1539,1690,1483,1693,1430,1306,1314,1348,1291,1398,1289,1449,1301,1495,1320,1557,1337,1597,1336,1636,1339,1671,1352,1688,1385,1518,1371,1517,1406,1516,1438,1515,1474,1442,1513,1470,1522,1499,1533,1526,1533,1551,1531,1352,1352,1382,1339,1414,1345,1438,1374,1407,1370,1376,1363,1566,1398,1594,1380,1624,1384,1645,1408,1622,1411,1592,1406,1376,1599,1419,1573,1465,1568,1492,1580,1520,1576,1550,1594,1567,1632,1538,1649,1506,1657,1477,1655,1447,1647,1408,1628,1392,1599,1460,1594,1488,1601,1515,1603,1554,1627,1512,1625,1484,1623,1456,1617
2731,h,1,1,1236,1176,1771,1711,91.03333333333333,1207,1365,1198,1433,1196,1503,1204,1570,1230,1633,1276,1683,1331,1720,1386,1752,1447,1770,1504,1767,1554,1736,1598,1697,1632,1647,1656,1593,1677,1539,1690,1483,1693,1430,1306,1314,1348,1291,1398,1289,1449,1301,1495,1320,1557,1337,1597,1336,1636,1339,1671,1352,1688,1385,1518,1371,1517,1406,1516,1438,1515,1474,1442,1513,1470,1522,1499,1533,1526,1533,1551,1531,1352,1352,1382,1339,1414,1345,1438,1374,1407,1370,1376,1363,1566,1398,1594,1380,1624,1384,1645,1408,1622,1411,1592,1406,1376,1599,1419,1573,1465,1568,1492,1580,1520,1576,1550,1594,1567,1632,1538,1649,1506,1657,1477,1655,1447,1647,1408,1628,1392,1599,1460,1594,1488,1601,1515,1603,1554,1627,1512,1625,1484,1623,1456,1617
2732,h,1,1,1236,1176,1771,1711,91.06666666666666,1207,1367,1199,1434,1197,1502,1204,1568,1231,1630,1277,1678,1332,1714,1386,1746,1448,1764,1505,1761,1552,1731,1596,1694,1632,1646,1659,1594,1680,1541,1693,1485,1697,1432,1308,1312,1351,1290,1401,1288,1451,1301,1496,1322,1559,1341,1597,1338,1636,1341,1671,1354,1689,1385,1520,1373,1518,1406,1518,1438,1517,1473,1443,1512,1471,1522,1500,1533,1526,1532,1551,1529,1352,1352,1382,1337,1415,1343,1439,1374,1408,1371,1376,1363,1568,1399,1595,1379,1626,1384,1647,1409,1623,1412,1594,1407,1376,1599,1420,1574,1467,1567,1493,1579,1520,1576,1549,1594,1567,1630,1538,1651,1506,1658,1478,1656,1449,1649,1410,1630,1392,1600,1462,1592,1489,1599,1515,1602,1553,1626,1512,1627,1485,1625,1458,1618
2733,h,1,1,1236,1176,1771,1711,91.1,1206,1367,1199,1434,1196,1501,1204,1567,1228,1630,1273,1680,1328,1718,1384,1751,1445,1771,1503,1767,1550,1736,1595,1698,1631,1649,1658,1597,1680,1543,1693,1488,1697,1435,1308,1313,1352,1290,1402,1289,1452,1301,1497,1321,1559,1340,1597,1337,1636,1339,1671,1352,1689,1384,1520,1374,1519,1407,1518,1439,1517,1474,1442,1512,1471,1522,1499,1534,1526,1533,1552,1530,1352,1353,1382,1339,1415,1345,1438,1375,1408,1372,1376,1364,1568,1399,1595,1380,1626,1385,1647,1409,1623,1412,1594,1408,1377,1599,1419,1573,1465,1567,1492,1578,1520,1576,1550,1594,1568,1632,1538,1651,1506,1659,1477,1657,1447,1649,1409,1630,1393,1600,1461,1593,1488,1600,1515,1603,1554,1627,1512,1627,1484,1625,1456,1618
2734,h,1,1,1236,1176,1771,1711,91.13333333333334,1203,1367,1197,1434,1196,1502,1203,1568,1227,1631,1272,1681,1328,1719,1386,1751,1449,1769,1507,1766,1556,1735,1601,1696,1635,1646,1659,1593,1680,1539,1692,1484,1695,1431,1307,1311,1350,1290,1399,1288,1449,1300,1495,1320,1561,1336,1599,1335,1637,1337,1671,1348,1690,1376,1520,1371,1519,1406,1518,1439,1518,1474,1445,1513,1473,1523,1501,1534,1528,1533,1553,1530,1352,1352,1382,1337,1415,1343,1438,1373,1408,1370,1376,1363,1569,1397,1596,1378,1627,1382,1647,1407,1624,1410,1595,1405,1377,1599,1420,1574,1467,1568,1494,1579,1522,1577,1551,1594,1570,1630,1540,1649,1508,1657,1479,1654,1449,1647,1410,1629,1392,1600,1462,1594,1490,1600,1517,1603,1556,1626,1514,1626,1486,1623,1458,1617
2735,h,1,1,1236,1176,1771,1711,91.16666666666667,1203,1367,1197,1434,1196,1502,1203,1568,1227,1631,1272,1681,1328,1719,1386,1751,1449,1769,1507,1766,1556,1735,1601,1696,1635,1646,1659,1593,1680,1539,1692,1484,1695,1431,1307,1311,1350,1290,1399,1288,1449,1300,1495,1320,1561,1336,1599,1335,1637,1337,1671,1348,1690,1376,1520,1371,1519,1406,1518,1439,1518,1474,1445,1513,1473,1523,1501,1534,1528,1533,1553,1530,1352,1352,1382,1337,1415,1343,1438,1373,1408,1370,1376,1363,1569,1397,1596,1378,1627,1382,1647,1407,1624,1410,1595,1405,1377,1599,1420,1574,1467,1568,1494,1579,1522,1577,1551,1594,1570,1630,1540,1649,1508,1657,1479,1654,1449,1647,1410,1629,1392,1600,1462,1594,1490,1600,1517,1603,1556,1626,1514,1626,1486,1623,1458,1617
2736,h,1,1,1236,1176,1771,1711,91.2,1209,1367,1201,1436,1199,1505,1207,1571,1232,1632,1278,1680,1333,1716,1387,1748,1448,1766,1505,1764,1553,1735,1599,1697,1636,1648,1662,1595,1683,1541,1695,1485,1699,1432,1309,1312,1352,1290,1401,1290,1450,1302,1496,1321,1561,1339,1600,1337,1639,1340,1674,1353,1692,1384,1520,1373,1518,1406,1517,1439,1516,1473,1444,1512,1472,1522,1500,1533,1528,1532,1554,1529,1352,1353,1382,1338,1416,1344,1439,1375,1408,1372,1376,1364,1568,1400,1595,1379,1626,1383,1648,1409,1624,1411,1594,1407,1379,1599,1422,1574,1468,1568,1494,1579,1521,1576,1551,1594,1570,1630,1540,1649,1508,1657,1480,1655,1450,1647,1412,1628,1394,1600,1463,1593,1490,1599,1516,1602,1556,1626,1514,1627,1487,1624,1459,1617
2737,h,1,1,1236,1176,1771,1711,91.23333333333333,1208,1369,1201,1436,1199,1504,1207,1570,1233,1631,1279,1680,1334,1717,1389,1750,1450,1767,1506,1765,1553,1736,1598,1699,1633,1650,1659,1598,1680,1545,1693,1489,1697,1435,1311,1316,1353,1292,1404,1290,1454,1302,1499,1322,1558,1339,1598,1337,1638,1340,1673,1354,1691,1387,1520,1374,1519,1408,1518,1440,1518,1475,1445,1515,1473,1525,1501,1536,1528,1534,1554,1531,1354,1355,1383,1339,1417,1345,1441,1377,1409,1374,1377,1367,1568,1401,1595,1380,1626,1384,1647,1410,1624,1413,1594,1409,1381,1601,1422,1575,1468,1569,1495,1580,1523,1578,1552,1595,1571,1631,1541,1650,1510,1657,1481,1654,1451,1647,1413,1629,1396,1601,1464,1595,1491,1601,1518,1604,1557,1627,1516,1626,1488,1623,1460,1617
2738,h,1,1,1236,1176,1771,1711,91.26666666666667,1208,1373,1201,1440,1200,1507,1208,1572,1233,1634,1279,1682,1333,1719,1388,1752,1449,1769,1504,1767,1552,1737,1598,1699,1633,1651,1660,1598,1681,1545,1693,1489,1697,1437,1310,1315,1354,1293,1405,1292,1456,1305,1502,1325,1561,1342,1601,1340,1641,1343,1675,1356,1693,1389,1523,1376,1522,1410,1521,1442,1521,1477,1447,1516,1475,1526,1503,1537,1530,1536,1555,1534,1355,1356,1385,1341,1418,1347,1442,1378,1410,1375,1378,1367,1570,1403,1597,1382,1628,1387,1649,1412,1625,1415,1596,1410,1380,1601,1424,1577,1471,1570,1497,1582,1525,1579,1554,1597,1572,1633,1542,1652,1511,1658,1482,1656,1453,1648,1414,1630,1396,1602,1466,1597,1493,1604,1520,1606,1559,1629,1517,1627,1489,1624,1461,1618
2739,h,1,1,1236,1176,1771,1711,91.3,1208,1373,1201,1440,1200,1507,1208,1572,1233,1634,1279,1682,1333,1719,1388,1752,1449,1769,1504,1767,1552,1737,1598,1699,1633,1651,1660,1598,1681,1545,1693,1489,1697,1437,1310,1315,1354,1293,1405,1292,1456,1305,1502,1325,1561,1342,1601,1340,1641,1343,1675,1356,1693,1389,1523,1376,1522,1410,1521,1442,1521,1477,1447,1516,1475,1526,1503,1537,1530,1536,1555,1534,1355,1356,1385,1341,1418,1347,1442,1378,1410,1375,1378,1367,1570,1403,1597,1382,1628,1387,1649,1412,1625,1415,1596,1410,1380,1601,1424,1577,1471,1570,1497,1582,1525,1579,1554,1597,1572,1633,1542,1652,1511,1658,1482,1656,1453,1648,1414,1630,1396,1602,1466,1597,1493,1604,1520,1606,1559,1629,1517,1627,1489,1624,1461,1618
2740,h,1,1,1236,1176,1771,1711,91.33333333333333,1210,1373,1203,1440,1200,1507,1207,1572,1233,1633,1279,1681,1335,1717,1390,1749,1451,1768,1508,1766,1555,1737,1599,1700,1633,1651,1659,1599,1680,1546,1693,1491,1697,1438,1312,1317,1355,1294,1405,1292,1455,1304,1500,1325,1563,1343,1602,1342,1641,1345,1675,1359,1692,1391,1525,1377,1523,1411,1523,1443,1522,1479,1448,1517,1476,1527,1504,1538,1531,1537,1557,1535,1357,1356,1387,1341,1420,1347,1443,1379,1412,1375,1381,1368,1571,1404,1598,1384,1629,1388,1649,1413,1626,1417,1597,1412,1382,1602,1425,1577,1470,1572,1497,1584,1525,1581,1553,1599,1571,1634,1543,1652,1512,1658,1483,1655,1453,1648,1415,1630,1398,1602,1466,1597,1493,1604,1520,1607,1558,1629,1517,1628,1490,1625,1462,1618
2741,h,1,1,1236,1176,1771,1711,91.36666666666666,1211,1373,1204,1441,1203,1508,1210,1575,1236,1635,1282,1682,1337,1717,1392,1748,1451,1767,1507,1767,1555,1738,1600,1702,1635,1654,1661,1602,1681,1548,1694,1493,1698,1440,1313,1319,1355,1295,1405,1293,1455,1306,1500,1326,1564,1346,1604,1343,1643,1345,1678,1359,1696,1392,1524,1379,1523,1413,1522,1445,1521,1479,1447,1518,1475,1529,1504,1540,1531,1539,1557,1536,1357,1358,1387,1342,1420,1349,1443,1382,1412,1378,1380,1371,1571,1407,1599,1385,1629,1389,1650,1415,1628,1419,1597,1414,1381,1603,1425,1579,1471,1573,1497,1585,1525,1582,1554,1600,1573,1635,1543,1653,1511,1659,1482,1656,1453,1649,1415,1631,1396,1604,1466,1600,1493,1606,1520,1609,1559,1630,1517,1628,1490,1625,1462,1618
2742,h,1,1,1236,1176,1771,1711,91.4,1212,1371,1202,1439,1200,1507,1207,1573,1232,1635,1277,1684,1332,1720,1388,1751,1449,1769,1505,1768,1552,1740,1597,1705,1633,1658,1661,1607,1683,1554,1696,1498,1701,1445,1314,1320,1358,1297,1408,1295,1459,1308,1505,1327,1566,1346,1606,1345,1645,1347,1680,1360,1697,1391,1527,1380,1526,1413,1525,1445,1524,1480,1449,1520,1477,1530,1505,1541,1532,1541,1558,1539,1359,1359,1390,1343,1424,1350,1447,1384,1415,1380,1382,1372,1573,1409,1602,1386,1633,1390,1653,1417,1631,1421,1601,1417,1382,1604,1425,1580,1471,1574,1498,1587,1527,1584,1555,1602,1572,1637,1543,1653,1512,1659,1482,1657,1452,1649,1414,1632,1398,1605,1466,1601,1494,1608,1522,1611,1559,1633,1519,1628,1490,1626,1461,1620
2743,h,1,1,1236,1176,1771,1711,91.43333333333334,1212,1371,1202,1439,1200,1507,1207,1573,1232,1635,1277,1684,1332,1720,1388,1751,1449,1769,1505,1768,1552,1740,1597,1705,1633,1658,1661,1607,1683,1554,1696,1498,1701,1445,1314,1320,1358,1297,1408,1295,1459,1308,1505,1327,1566,1346,1606,1345,1645,1347,1680,1360,1697,1391,1527,1380,1526,1413,1525,1445,1524,1480,1449,1520,1477,1530,1505,1541,1532,1541,1558,1539,1359,1359,1390,1343,1424,1350,1447,1384,1415,1380,1382,1372,1573,1409,1602,1386,1633,1390,1653,1417,1631,1421,1601,1417,1382,1604,1425,1580,1471,1574,1498,1587,1527,1584,1555,1602,1572,1637,1543,1653,1512,1659,1482,1657,1452,1649,1414,1632,1398,1605,1466,1601,1494,1608,1522,1611,1559,1633,1519,1628,1490,1626,1461,1620
2744,h,1,1,1236,1176,1771,1711,91.46666666666667,1212,1374,1204,1441,1201,1509,1209,1575,1233,1636,1278,1683,1334,1719,1390,1750,1450,1769,1506,1768,1555,1740,1599,1704,1635,1656,1662,1604,1684,1551,1696,1496,1701,1443,1316,1321,1359,1298,1409,1295,1459,1307,1505,1327,1568,1346,1607,1343,1647,1346,1681,1359,1698,1391,1528,1381,1526,1415,1525,1448,1524,1483,1449,1521,1477,1531,1506,1542,1533,1542,1558,1540,1360,1359,1391,1345,1424,1352,1446,1383,1416,1379,1384,1371,1575,1409,1603,1389,1633,1392,1653,1417,1631,1421,1602,1416,1383,1605,1426,1581,1472,1575,1499,1587,1528,1585,1556,1604,1574,1639,1545,1655,1513,1661,1483,1658,1453,1650,1415,1632,1399,1606,1466,1602,1494,1609,1523,1612,1561,1634,1520,1630,1491,1627,1462,1620
2745,h,1,1,1236,1176,1771,1711,91.5,1210,1370,1203,1438,1200,1506,1207,1572,1232,1632,1276,1681,1332,1718,1387,1752,1449,1773,1506,1771,1556,1742,1602,1705,1638,1656,1664,1604,1685,1549,1698,1494,1702,1441,1316,1322,1359,1298,1409,1295,1460,1306,1506,1325,1566,1344,1606,1343,1645,1347,1679,1362,1696,1396,1527,1381,1525,1415,1524,1448,1524,1483,1449,1521,1477,1531,1506,1542,1532,1542,1558,1539,1362,1359,1392,1344,1425,1350,1446,1382,1417,1378,1385,1371,1574,1408,1602,1388,1632,1392,1651,1418,1629,1421,1600,1416,1382,1606,1425,1582,1471,1576,1499,1588,1527,1585,1556,1603,1574,1639,1544,1655,1513,1660,1483,1658,1453,1650,1415,1632,1398,1607,1466,1602,1494,1609,1522,1612,1561,1634,1519,1630,1491,1627,1462,1620
2746,h,1,1,1236,1176,1771,1711,91.53333333333333,1210,1370,1203,1438,1200,1506,1207,1572,1232,1632,1276,1681,1332,1718,1387,1752,1449,1773,1506,1771,1556,1742,1602,1705,1638,1656,1664,1604,1685,1549,1698,1494,1702,1441,1316,1322,1359,1298,1409,1295,1460,1306,1506,1325,1566,1344,1606,1343,1645,1347,1679,1362,1696,1396,1527,1381,1525,1415,1524,1448,1524,1483,1449,1521,1477,1531,1506,1542,1532,1542,1558,1539,1362,1359,1392,1344,1425,1350,1446,1382,1417,1378,1385,1371,1574,1408,1602,1388,1632,1392,1651,1418,1629,1421,1600,1416,1382,1606,1425,1582,1471,1576,1499,1588,1527,1585,1556,1603,1574,1639,1544,1655,1513,1660,1483,1658,1453,1650,1415,1632,1398,1607,1466,1602,1494,1609,1522,1612,1561,1634,1519,1630,1491,1627,1462,1620
2747,h,1,1,1236,1176,1771,1711,91.56666666666666,1215,1371,1206,1437,1202,1504,1209,1570,1234,1630,1280,1679,1336,1715,1391,1747,1452,1766,1509,1766,1558,1738,1603,1702,1639,1654,1666,1603,1687,1549,1699,1495,1704,1443,1316,1320,1360,1299,1409,1297,1460,1310,1505,1329,1568,1347,1608,1345,1647,1348,1682,1362,1700,1394,1528,1383,1526,1417,1525,1449,1524,1484,1449,1523,1477,1533,1506,1545,1533,1544,1559,1542,1360,1361,1391,1347,1424,1354,1447,1386,1416,1381,1384,1373,1575,1411,1604,1391,1635,1395,1654,1420,1632,1423,1602,1418,1384,1606,1427,1583,1472,1577,1499,1590,1526,1587,1555,1605,1574,1639,1544,1655,1513,1660,1484,1658,1455,1650,1417,1633,1400,1607,1467,1603,1495,1610,1522,1613,1560,1634,1519,1631,1491,1628,1463,1621
2748,h,1,1,1236,1176,1771,1711,91.6,1213,1375,1204,1440,1201,1506,1209,1572,1233,1633,1277,1682,1332,1718,1386,1752,1446,1772,1502,1772,1551,1743,1597,1707,1634,1659,1661,1607,1684,1554,1698,1500,1702,1448,1315,1322,1359,1299,1410,1297,1460,1310,1506,1331,1570,1350,1609,1348,1648,1351,1681,1366,1697,1398,1529,1384,1527,1418,1526,1451,1525,1486,1450,1524,1478,1534,1506,1546,1534,1545,1559,1543,1360,1361,1391,1347,1424,1353,1447,1384,1416,1381,1384,1373,1576,1410,1605,1390,1635,1395,1655,1421,1632,1424,1603,1418,1382,1607,1425,1584,1472,1579,1499,1591,1528,1588,1557,1606,1575,1641,1545,1657,1513,1663,1482,1660,1453,1652,1415,1635,1397,1609,1466,1605,1495,1613,1523,1615,1562,1636,1520,1631,1491,1629,1462,1622
2749,h,1,1,1236,1176,1771,1711,91.63333333333334,1212,1377,1203,1442,1201,1509,1208,1574,1233,1635,1279,1684,1335,1720,1391,1753,1450,1772,1505,1771,1553,1743,1598,1707,1635,1660,1662,1609,1685,1556,1699,1502,1704,1451,1316,1323,1359,1300,1409,1300,1459,1314,1505,1333,1568,1350,1608,1349,1647,1353,1681,1367,1698,1398,1529,1384,1528,1418,1527,1451,1526,1487,1452,1526,1480,1536,1508,1547,1534,1546,1559,1544,1360,1361,1392,1347,1425,1354,1448,1386,1417,1382,1385,1374,1576,1411,1605,1391,1635,1396,1655,1422,1632,1425,1603,1419,1382,1607,1426,1585,1473,1580,1500,1592,1528,1589,1557,1607,1575,1641,1545,1656,1513,1662,1484,1660,1455,1653,1415,1635,1397,1609,1468,1605,1496,1612,1523,1615,1562,1636,1520,1631,1492,1629,1464,1623
2750,h,1,1,1236,1176,1771,1711,91.66666666666667,1212,1377,1203,1442,1201,1509,1208,1574,1233,1635,1279,1684,1335,1720,1391,1753,1450,1772,1505,1771,1553,1743,1598,1707,1635,1660,1662,1609,1685,1556,1699,1502,1704,1451,1316,1323,1359,1300,1409,1300,1459,1314,1505,1333,1568,1350,1608,1349,1647,1353,1681,1367,1698,1398,1529,1384,1528,1418,1527,1451,1526,1487,1452,1526,1480,1536,1508,1547,1534,1546,1559,1544,1360,1361,1392,1347,1425,1354,1448,1386,1417,1382,1385,1374,1576,1411,1605,1391,1635,1396,1655,1422,1632,1425,1603,1419,1382,1607,1426,1585,1473,1580,1500,1592,1528,1589,1557,1607,1575,1641,1545,1656,1513,1662,1484,1660,1455,1653,1415,1635,1397,1609,1468,1605,1496,1612,1523,1615,1562,1636,1520,1631,1492,1629,1464,1623
2751,h,1,1,1236,1176,1771,1711,91.7,1214,1374,1205,1441,1202,1509,1210,1575,1234,1637,1279,1687,1335,1723,1391,1755,1452,1773,1509,1773,1558,1744,1602,1709,1636,1661,1662,1609,1685,1555,1699,1501,1705,1448,1317,1323,1360,1301,1412,1300,1462,1313,1508,1334,1569,1353,1609,1351,1648,1353,1682,1368,1699,1399,1530,1385,1529,1419,1528,1451,1526,1486,1453,1526,1480,1536,1508,1548,1534,1547,1558,1545,1361,1362,1392,1349,1426,1355,1449,1387,1417,1383,1385,1375,1577,1413,1606,1393,1636,1398,1656,1423,1633,1426,1604,1421,1384,1607,1427,1584,1473,1579,1500,1592,1527,1589,1557,1607,1576,1642,1545,1658,1513,1663,1484,1661,1455,1653,1416,1635,1399,1609,1468,1606,1495,1612,1522,1616,1562,1637,1520,1633,1492,1630,1464,1623
2752,h,1,1,1236,1176,1771,1711,91.73333333333333,1211,1365,1203,1433,1201,1502,1208,1569,1233,1631,1278,1680,1334,1719,1389,1754,1451,1774,1508,1773,1557,1744,1602,1708,1638,1660,1666,1607,1687,1552,1700,1495,1704,1441,1316,1322,1360,1300,1410,1300,1460,1314,1506,1332,1568,1351,1608,1350,1647,1352,1682,1366,1699,1398,1529,1384,1527,1419,1527,1452,1526,1487,1451,1525,1479,1536,1508,1547,1535,1546,1562,1544,1361,1362,1392,1348,1425,1354,1448,1386,1417,1383,1385,1375,1577,1411,1605,1392,1635,1397,1656,1422,1633,1425,1603,1420,1386,1608,1430,1585,1475,1580,1502,1592,1531,1589,1559,1607,1579,1642,1548,1658,1516,1663,1487,1661,1458,1653,1419,1636,1403,1609,1470,1607,1498,1613,1526,1616,1564,1636,1523,1631,1495,1628,1466,1622
2753,h,1,1,1236,1176,1771,1711,91.76666666666667,1216,1365,1206,1433,1201,1503,1209,1570,1235,1632,1281,1683,1336,1722,1389,1757,1450,1777,1505,1777,1554,1748,1599,1712,1637,1662,1665,1609,1687,1553,1700,1496,1705,1441,1320,1322,1363,1300,1412,1300,1461,1314,1506,1333,1571,1353,1610,1351,1648,1353,1682,1367,1699,1399,1530,1385,1528,1420,1527,1453,1525,1488,1453,1525,1480,1536,1508,1547,1535,1547,1560,1545,1364,1362,1395,1350,1427,1355,1450,1386,1420,1383,1388,1375,1578,1411,1606,1393,1636,1397,1656,1422,1633,1425,1604,1420,1388,1605,1431,1584,1475,1580,1502,1591,1529,1589,1557,1605,1577,1638,1546,1657,1515,1664,1486,1661,1458,1654,1420,1635,1404,1606,1471,1606,1498,1612,1524,1615,1563,1634,1521,1632,1494,1629,1466,1623
2754,h,1,1,1236,1176,1771,1711,91.8,1216,1365,1206,1433,1201,1503,1209,1570,1235,1632,1281,1683,1336,1722,1389,1757,1450,1777,1505,1777,1554,1748,1599,1712,1637,1662,1665,1609,1687,1553,1700,1496,1705,1441,1320,1322,1363,1300,1412,1300,1461,1314,1506,1333,1571,1353,1610,1351,1648,1353,1682,1367,1699,1399,1530,1385,1528,1420,1527,1453,1525,1488,1453,1525,1480,1536,1508,1547,1535,1547,1560,1545,1364,1362,1395,1350,1427,1355,1450,1386,1420,1383,1388,1375,1578,1411,1606,1393,1636,1397,1656,1422,1633,1425,1604,1420,1388,1605,1431,1584,1475,1580,1502,1591,1529,1589,1557,1605,1577,1638,1546,1657,1515,1664,1486,1661,1458,1654,1420,1635,1404,1606,1471,1606,1498,1612,1524,1615,1563,1634,1521,1632,1494,1629,1466,1623
2755,h,1,1,1236,1176,1771,1711,91.83333333333333,1217,1368,1206,1437,1203,1507,1210,1575,1235,1636,1280,1686,1335,1723,1390,1757,1452,1777,1509,1776,1558,1748,1602,1712,1639,1664,1666,1612,1689,1558,1702,1503,1706,1450,1322,1321,1365,1299,1414,1299,1463,1314,1507,1335,1572,1354,1610,1351,1648,1352,1683,1366,1700,1398,1532,1387,1530,1421,1530,1454,1529,1489,1455,1527,1483,1537,1510,1548,1537,1548,1562,1546,1365,1362,1395,1349,1428,1356,1450,1387,1419,1383,1388,1374,1579,1412,1607,1393,1637,1398,1657,1423,1634,1425,1605,1420,1387,1609,1432,1585,1477,1580,1504,1592,1531,1589,1560,1607,1578,1642,1547,1658,1516,1665,1487,1663,1458,1655,1420,1637,1403,1610,1471,1607,1499,1613,1526,1616,1565,1637,1523,1632,1495,1629,1467,1623
2756,h,1,1,1236,1176,1771,1711,91.86666666666666,1218,1371,1208,1438,1203,1507,1209,1573,1235,1635,1279,1685,1335,1722,1390,1756,1451,1775,1508,1774,1556,1746,1601,1710,1639,1662,1666,1610,1688,1556,1701,1500,1705,1446,1324,1321,1368,1300,1418,1300,1468,1315,1512,1336,1572,1355,1611,1352,1649,1353,1684,1366,1701,1398,1535,1388,1533,1422,1532,1455,1531,1490,1457,1528,1485,1538,1512,1550,1539,1549,1563,1547,1365,1363,1396,1350,1429,1357,1451,1389,1421,1385,1389,1376,1580,1414,1609,1394,1639,1398,1659,1423,1637,1427,1607,1422,1390,1609,1434,1586,1479,1580,1505,1592,1532,1590,1560,1609,1579,1644,1548,1660,1516,1665,1487,1663,1459,1656,1422,1638,1406,1609,1474,1608,1500,1615,1527,1618,1565,1639,1523,1633,1495,1630,1468,1623
2757,h,1,1,1236,1176,1771,1711,91.9,1220,1365,1210,1434,1206,1504,1212,1571,1236,1634,1280,1685,1337,1723,1392,1758,1454,1777,1511,1776,1559,1746,1605,1708,1641,1659,1667,1606,1689,1551,1702,1495,1706,1442,1323,1322,1366,1299,1416,1299,1466,1313,1512,1334,1574,1353,1613,1352,1652,1353,1686,1366,1703,1398,1534,1388,1533,1422,1531,1454,1530,1489,1455,1526,1484,1537,1512,1549,1539,1548,1565,1546,1366,1362,1396,1350,1429,1356,1453,1386,1422,1383,1390,1375,1581,1412,1610,1394,1639,1399,1659,1423,1637,1426,1608,1421,1392,1609,1435,1586,1479,1581,1505,1593,1534,1590,1562,1609,1580,1644,1549,1659,1517,1664,1487,1661,1459,1653,1423,1636,1408,1609,1473,1607,1501,1615,1528,1618,1566,1639,1524,1633,1496,1630,1468,1622
2758,h,1,1,1236,1176,1771,1711,91.93333333333334,1220,1365,1210,1434,1206,1504,1212,1571,1236,1634,1280,1685,1337,1723,1392,1758,1454,1777,1511,1776,1559,1746,1605,1708,1641,1659,1667,1606,1689,1551,1702,1495,1706,1442,1323,1322,1366,1299,1416,1299,1466,1313,1512,1334,1574,1353,1613,1352,1652,1353,1686,1366,1703,1398,1534,1388,1533,1422,1531,1454,1530,1489,1455,1526,1484,1537,1512,1549,1539,1548,1565,1546,1366,1362,1396,1350,1429,1356,1453,1386,1422,1383,1390,1375,1581,1412,1610,1394,1639,1399,1659,1423,1637,1426,1608,1421,1392,1609,1435,1586,1479,1581,1505,1593,1534,1590,1562,1609,1580,1644,1549,1659,1517,1664,1487,1661,1459,1653,1423,1636,1408,1609,1473,1607,1501,1615,1528,1618,1566,1639,1524,1633,1496,1630,1468,1622
2759,h,1,1,1236,1176,1771,1711,91.96666666666667,1219,1370,1209,1438,1205,1507,1213,1575,1239,1636,1284,1685,1338,1723,1392,1758,1452,1779,1507,1778,1555,1747,1600,1710,1639,1662,1668,1611,1691,1557,1704,1501,1708,1449,1325,1323,1368,1302,1418,1302,1467,1316,1511,1337,1575,1356,1614,1353,1652,1355,1686,1369,1702,1400,1535,1388,1534,1422,1533,1454,1531,1490,1457,1526,1484,1538,1512,1549,1539,1549,1565,1547,1369,1363,1400,1350,1432,1357,1455,1387,1425,1383,1393,1376,1582,1413,1611,1395,1640,1400,1660,1424,1637,1426,1609,1421,1394,1609,1438,1587,1482,1582,1507,1594,1534,1592,1562,1610,1581,1644,1549,1659,1518,1665,1489,1662,1462,1655,1426,1637,1410,1610,1477,1608,1502,1615,1528,1618,1567,1639,1524,1633,1497,1630,1471,1623
2760,h,1,1,1236,1176,1771,1711,92.0,1222,1364,1212,1430,1207,1498,1212,1565,1237,1628,1283,1679,1338,1717,1393,1751,1452,1770,1505,1769,1555,1742,1601,1706,1640,1659,1670,1607,1691,1552,1704,1495,1709,1442,1325,1321,1369,1300,1419,1301,1468,1315,1513,1335,1577,1354,1616,1352,1654,1354,1688,1366,1706,1395,1536,1385,1534,1420,1533,1453,1532,1489,1458,1526,1485,1536,1513,1547,1540,1547,1566,1546,1371,1362,1402,1351,1434,1358,1457,1386,1426,1382,1395,1375,1583,1411,1612,1395,1641,1400,1661,1423,1638,1425,1610,1420,1392,1602,1437,1585,1481,1582,1507,1593,1534,1591,1563,1608,1581,1638,1550,1657,1518,1664,1489,1661,1461,1653,1425,1634,1408,1605,1476,1607,1502,1614,1529,1616,1568,1635,1525,1633,1498,1629,1471,1623
2761,h,1,1,1236,1176,1771,1711,92.03333333333333,1222,1364,1212,1430,1207,1498,1212,1565,1237,1628,1283,1679,1338,1717,1393,1751,1452,1770,1505,1769,1555,1742,1601,1706,1640,1659,1670,1607,1691,1552,1704,1495,1709,1442,1325,1321,1369,1300,1419,1301,1468,1315,1513,1335,1577,1354,1616,1352,1654,1354,1688,1366,1706,1395,1536,1385,1534,1420,1533,1453,1532,1489,1458,1526,1485,1536,1513,1547,1540,1547,1566,1546,1371,1362,1402,1351,1434,1358,1457,1386,1426,1382,1395,1375,1583,1411,1612,1395,1641,1400,1661,1423,1638,1425,1610,1420,1392,1602,1437,1585,1481,1582,1507,1593,1534,1591,1563,1608,1581,1638,1550,1657,1518,1664,1489,1661,1461,1653,1425,1634,1408,1605,1476,1607,1502,1614,1529,1616,1568,1635,1525,1633,1498,1629,1471,1623
2762,h,1,1,1236,1176,1771,1711,92.06666666666666,1218,1370,1207,1440,1204,1511,1212,1579,1239,1641,1286,1691,1342,1729,1399,1760,1460,1779,1517,1777,1564,1747,1609,1710,1646,1661,1672,1607,1693,1552,1706,1497,1710,1444,1324,1321,1368,1299,1418,1299,1468,1314,1513,1335,1576,1353,1615,1352,1653,1354,1687,1366,1705,1396,1537,1386,1535,1421,1534,1454,1533,1489,1459,1526,1487,1537,1515,1548,1541,1548,1566,1546,1369,1362,1399,1350,1431,1356,1454,1384,1424,1381,1393,1373,1583,1411,1612,1394,1641,1399,1660,1422,1638,1424,1609,1419,1393,1606,1437,1585,1481,1580,1508,1592,1536,1590,1564,1607,1582,1638,1552,1653,1520,1659,1491,1656,1462,1649,1425,1632,1408,1607,1476,1606,1503,1613,1530,1616,1569,1633,1527,1628,1499,1625,1471,1619
2763,h,1,1,1236,1176,1771,1711,92.1,1228,1366,1217,1433,1212,1501,1216,1569,1239,1633,1285,1684,1341,1721,1397,1756,1458,1774,1515,1772,1562,1744,1606,1707,1642,1659,1668,1606,1689,1551,1701,1498,1706,1446,1333,1322,1375,1300,1424,1299,1473,1313,1517,1333,1577,1352,1616,1350,1654,1354,1686,1370,1701,1402,1539,1385,1537,1420,1536,1453,1535,1489,1460,1525,1488,1537,1517,1549,1544,1548,1569,1545,1378,1361,1408,1349,1440,1355,1462,1383,1432,1380,1402,1373,1582,1409,1611,1394,1639,1399,1658,1422,1636,1424,1608,1418,1394,1604,1438,1583,1483,1580,1509,1592,1539,1590,1567,1607,1586,1638,1554,1652,1522,1657,1491,1654,1463,1646,1426,1629,1410,1605,1477,1605,1505,1612,1533,1615,1573,1633,1529,1626,1500,1622,1472,1616
2764,h,1,1,1236,1176,1771,1711,92.13333333333334,1223,1369,1213,1438,1207,1507,1213,1574,1237,1638,1284,1687,1341,1723,1397,1757,1460,1774,1517,1772,1564,1743,1608,1706,1643,1657,1667,1604,1687,1550,1700,1496,1706,1445,1327,1328,1369,1302,1420,1301,1472,1314,1518,1335,1578,1354,1618,1352,1656,1355,1689,1370,1704,1402,1540,1387,1538,1421,1537,1453,1536,1488,1462,1525,1489,1536,1517,1548,1544,1547,1569,1544,1376,1364,1407,1353,1439,1359,1461,1386,1431,1383,1401,1376,1583,1413,1612,1398,1640,1404,1659,1425,1637,1428,1610,1423,1397,1601,1442,1583,1485,1580,1511,1592,1539,1590,1566,1607,1584,1636,1555,1652,1523,1656,1494,1653,1466,1645,1430,1628,1413,1602,1480,1604,1506,1612,1533,1615,1571,1632,1530,1626,1502,1622,1475,1615
2765,h,1,1,1236,1176,1771,1711,92.16666666666667,1223,1369,1213,1438,1207,1507,1213,1574,1237,1638,1284,1687,1341,1723,1397,1757,1460,1774,1517,1772,1564,1743,1608,1706,1643,1657,1667,1604,1687,1550,1700,1496,1706,1445,1327,1328,1369,1302,1420,1301,1472,1314,1518,1335,1578,1354,1618,1352,1656,1355,1689,1370,1704,1402,1540,1387,1538,1421,1537,1453,1536,1488,1462,1525,1489,1536,1517,1548,1544,1547,1569,1544,1376,1364,1407,1353,1439,1359,1461,1386,1431,1383,1401,1376,1583,1413,1612,1398,1640,1404,1659,1425,1637,1428,1610,1423,1397,1601,1442,1583,1485,1580,1511,1592,1539,1590,1566,1607,1584,1636,1555,1652,1523,1656,1494,1653,1466,1645,1430,1628,1413,1602,1480,1604,1506,1612,1533,1615,1571,1632,1530,1626,1502,1622,1475,1615
2766,h,1,1,1236,1176,1771,1711,92.2,1234,1366,1222,1433,1215,1501,1219,1569,1243,1633,1288,1683,1342,1721,1396,1756,1457,1775,1514,1773,1561,1744,1606,1707,1643,1660,1670,1608,1692,1553,1705,1499,1709,1447,1337,1324,1379,1301,1427,1301,1476,1315,1519,1336,1577,1355,1616,1353,1654,1357,1687,1372,1702,1405,1540,1385,1538,1420,1536,1453,1534,1489,1461,1525,1488,1537,1516,1549,1544,1548,1568,1545,1379,1361,1410,1351,1441,1357,1463,1383,1434,1380,1403,1373,1584,1410,1613,1397,1641,1403,1660,1425,1637,1427,1609,1421,1396,1601,1441,1584,1484,1580,1510,1592,1539,1590,1567,1607,1586,1638,1555,1654,1522,1659,1493,1655,1464,1647,1429,1630,1412,1603,1479,1605,1506,1612,1533,1615,1573,1633,1530,1626,1501,1623,1474,1615
2767,h,1,1,1236,1176,1771,1711,92.23333333333333,1224,1371,1214,1439,1209,1508,1216,1576,1242,1638,1289,1686,1346,1722,1400,1756,1459,1775,1514,1774,1561,1746,1607,1711,1645,1663,1673,1611,1693,1556,1706,1502,1710,1450,1331,1322,1374,1300,1425,1301,1474,1315,1519,1337,1578,1356,1618,1353,1656,1355,1690,1370,1706,1402,1541,1386,1539,1421,1538,1453,1537,1489,1462,1526,1490,1537,1518,1549,1545,1548,1570,1546,1374,1363,1405,1353,1437,1359,1460,1386,1429,1382,1399,1375,1586,1412,1615,1398,1643,1404,1663,1425,1640,1427,1612,1421,1395,1606,1440,1585,1484,1581,1511,1593,1540,1591,1568,1609,1586,1641,1556,1656,1524,1661,1494,1657,1465,1649,1428,1631,1411,1606,1479,1607,1506,1614,1534,1617,1573,1636,1530,1630,1502,1627,1474,1619
2768,h,1,1,1236,1176,1771,1711,92.26666666666667,1227,1363,1215,1432,1210,1502,1216,1570,1241,1634,1287,1685,1343,1723,1397,1760,1458,1781,1515,1781,1562,1750,1608,1711,1646,1662,1673,1609,1694,1554,1707,1498,1711,1445,1334,1323,1376,1301,1425,1301,1473,1316,1518,1337,1580,1356,1619,1354,1656,1356,1690,1371,1706,1401,1541,1387,1540,1421,1539,1454,1538,1489,1464,1526,1491,1537,1519,1548,1545,1548,1569,1546,1378,1360,1408,1350,1439,1356,1461,1384,1431,1380,1401,1372,1587,1411,1616,1396,1644,1401,1663,1424,1640,1425,1613,1419,1394,1607,1439,1584,1485,1580,1511,1593,1540,1590,1568,1608,1586,1642,1556,1660,1524,1667,1494,1664,1465,1655,1427,1636,1410,1608,1480,1606,1507,1613,1534,1617,1572,1637,1530,1636,1503,1632,1475,1625
2769,h,1,1,1236,1176,1771,1711,92.3,1227,1363,1215,1432,1210,1502,1216,1570,1241,1634,1287,1685,1343,1723,1397,1760,1458,1781,1515,1781,1562,1750,1608,1711,1646,1662,1673,1609,1694,1554,1707,1498,1711,1445,1334,1323,1376,1301,1425,1301,1473,1316,1518,1337,1580,1356,1619,1354,1656,1356,1690,1371,1706,1401,1541,1387,1540,1421,1539,1454,1538,1489,1464,1526,1491,1537,1519,1548,1545,1548,1569,1546,1378,1360,1408,1350,1439,1356,1461,1384,1431,1380,1401,1372,1587,1411,1616,1396,1644,1401,1663,1424,1640,1425,1613,1419,1394,1607,1439,1584,1485,1580,1511,1593,1540,1590,1568,1608,1586,1642,1556,1660,1524,1667,1494,1664,1465,1655,1427,1636,1410,1608,1480,1606,1507,1613,1534,1617,1572,1637,1530,1636,1503,1632,1475,1625
2770,h,1,1,1236,1176,1771,1711,92.33333333333333,1223,1372,1214,1440,1210,1510,1217,1578,1242,1641,1289,1691,1346,1728,1401,1763,1460,1784,1515,1783,1561,1752,1607,1715,1645,1666,1673,1613,1695,1558,1709,1502,1715,1448,1329,1324,1371,1301,1422,1300,1472,1316,1518,1338,1582,1357,1620,1354,1659,1356,1693,1370,1710,1399,1543,1387,1541,1421,1541,1454,1540,1489,1463,1527,1492,1537,1520,1549,1546,1549,1571,1548,1374,1362,1406,1352,1437,1358,1461,1386,1430,1382,1399,1374,1588,1413,1617,1397,1646,1403,1666,1426,1643,1427,1614,1422,1394,1607,1439,1585,1486,1580,1511,1593,1540,1591,1570,1610,1587,1645,1557,1664,1524,1671,1493,1668,1465,1659,1427,1639,1410,1609,1480,1607,1507,1614,1534,1618,1572,1640,1530,1638,1501,1635,1474,1627
2771,h,1,1,1236,1176,1771,1711,92.36666666666666,1224,1372,1214,1441,1209,1511,1217,1579,1243,1644,1289,1696,1344,1736,1398,1774,1457,1796,1513,1793,1559,1758,1604,1718,1642,1668,1670,1614,1695,1558,1709,1501,1715,1447,1331,1323,1373,1300,1423,1300,1473,1314,1518,1336,1582,1354,1620,1351,1658,1354,1693,1366,1711,1395,1543,1386,1542,1421,1541,1454,1539,1490,1463,1525,1491,1537,1519,1549,1546,1548,1571,1546,1376,1362,1408,1351,1439,1357,1461,1384,1432,1381,1401,1373,1589,1410,1617,1395,1646,1400,1665,1422,1643,1425,1614,1419,1396,1609,1439,1585,1485,1581,1511,1592,1539,1591,1568,1609,1584,1646,1555,1671,1521,1681,1492,1678,1463,1669,1425,1646,1411,1611,1480,1605,1506,1611,1533,1615,1570,1642,1529,1649,1500,1646,1473,1639
2772,h,1,1,1236,1176,1771,1711,92.4,1224,1374,1214,1443,1211,1513,1219,1582,1245,1648,1292,1699,1348,1740,1400,1777,1459,1798,1516,1794,1562,1758,1609,1718,1645,1667,1674,1613,1698,1557,1712,1500,1717,1447,1328,1323,1370,1300,1421,1298,1472,1312,1518,1334,1581,1352,1621,1350,1661,1353,1696,1365,1714,1396,1542,1386,1541,1420,1540,1454,1539,1490,1464,1527,1492,1537,1520,1549,1546,1548,1572,1545,1374,1362,1405,1349,1438,1355,1461,1384,1431,1380,1399,1373,1590,1411,1618,1393,1648,1398,1668,1423,1645,1425,1616,1419,1398,1614,1439,1588,1486,1581,1512,1593,1540,1591,1569,1611,1583,1649,1556,1676,1523,1687,1493,1685,1464,1676,1426,1653,1413,1616,1481,1607,1508,1614,1534,1618,1570,1645,1529,1655,1502,1652,1474,1645
2773,h,1,1,1236,1176,1771,1711,92.43333333333334,1224,1374,1214,1443,1211,1513,1219,1582,1245,1648,1292,1699,1348,1740,1400,1777,1459,1798,1516,1794,1562,1758,1609,1718,1645,1667,1674,1613,1698,1557,1712,1500,1717,1447,1328,1323,1370,1300,1421,1298,1472,1312,1518,1334,1581,1352,1621,1350,1661,1353,1696,1365,1714,1396,1542,1386,1541,1420,1540,1454,1539,1490,1464,1527,1492,1537,1520,1549,1546,1548,1572,1545,1374,1362,1405,1349,1438,1355,1461,1384,1431,1380,1399,1373,1590,1411,1618,1393,1648,1398,1668,1423,1645,1425,1616,1419,1398,1614,1439,1588,1486,1581,1512,1593,1540,1591,1569,1611,1583,1649,1556,1676,1523,1687,1493,1685,1464,1676,1426,1653,1413,1616,1481,1607,1508,1614,1534,1618,1570,1645,1529,1655,1502,1652,1474,1645
2774,h,1,1,1236,1176,1771,1711,92.46666666666667,1225,1371,1215,1440,1210,1511,1216,1579,1241,1645,1287,1697,1342,1737,1397,1775,1457,1795,1515,1791,1562,1757,1607,1716,1643,1665,1670,1611,1694,1556,1709,1500,1715,1446,1330,1323,1373,1300,1424,1298,1475,1312,1520,1333,1582,1352,1622,1350,1660,1353,1695,1364,1712,1393,1545,1384,1543,1419,1543,1453,1542,1489,1465,1526,1493,1537,1521,1549,1547,1548,1573,1546,1376,1362,1407,1351,1440,1356,1462,1384,1432,1381,1401,1374,1590,1409,1618,1393,1648,1398,1666,1422,1644,1424,1616,1419,1396,1615,1439,1587,1486,1582,1512,1594,1541,1592,1570,1611,1583,1651,1557,1677,1523,1688,1493,1685,1463,1676,1425,1653,1412,1617,1481,1608,1508,1615,1536,1618,1570,1646,1531,1655,1502,1653,1474,1645
2775,h,1,1,1236,1176,1771,1711,92.5,1224,1370,1212,1439,1209,1510,1217,1578,1243,1644,1291,1697,1346,1739,1401,1776,1460,1797,1517,1793,1564,1757,1610,1715,1647,1663,1674,1609,1698,1554,1712,1497,1717,1443,1332,1325,1373,1302,1423,1300,1474,1314,1519,1335,1584,1355,1622,1352,1660,1355,1693,1368,1710,1396,1544,1387,1543,1421,1542,1454,1541,1490,1466,1527,1494,1538,1521,1550,1547,1549,1572,1547,1375,1362,1407,1350,1440,1356,1461,1385,1432,1382,1400,1374,1591,1412,1619,1394,1649,1400,1667,1424,1645,1426,1616,1421,1395,1615,1439,1588,1487,1582,1513,1594,1542,1592,1570,1612,1584,1651,1556,1678,1524,1689,1494,1686,1464,1678,1426,1653,1411,1617,1481,1610,1508,1616,1536,1620,1571,1646,1532,1655,1503,1653,1475,1645
2776,h,1,1,1236,1176,1771,1711,92.53333333333333,1224,1370,1212,1439,1209,1510,1217,1578,1243,1644,1291,1697,1346,1739,1401,1776,1460,1797,1517,1793,1564,1757,1610,1715,1647,1663,1674,1609,1698,1554,1712,1497,1717,1443,1332,1325,1373,1302,1423,1300,1474,1314,1519,1335,1584,1355,1622,1352,1660,1355,1693,1368,1710,1396,1544,1387,1543,1421,1542,1454,1541,1490,1466,1527,1494,1538,1521,1550,1547,1549,1572,1547,1375,1362,1407,1350,1440,1356,1461,1385,1432,1382,1400,1374,1591,1412,1619,1394,1649,1400,1667,1424,1645,1426,1616,1421,1395,1615,1439,1588,1487,1582,1513,1594,1542,1592,1570,1612,1584,1651,1556,1678,1524,1689,1494,1686,1464,1678,1426,1653,1411,1617,1481,1610,1508,1616,1536,1620,1571,1646,1532,1655,1503,1653,1475,1645
2777,h,1,1,1236,1176,1771,1711,92.56666666666666,1221,1371,1211,1440,1208,1510,1216,1578,1240,1643,1287,1695,1343,1736,1398,1772,1459,1793,1516,1789,1562,1754,1608,1713,1644,1662,1672,1608,1695,1552,1708,1496,1713,1442,1328,1328,1371,1303,1423,1301,1474,1314,1520,1336,1585,1355,1623,1352,1660,1354,1693,1366,1709,1395,1544,1386,1543,1421,1543,1455,1542,1491,1465,1526,1494,1538,1522,1550,1549,1548,1573,1546,1373,1363,1405,1349,1438,1355,1460,1385,1431,1381,1399,1374,1591,1410,1619,1392,1649,1397,1667,1422,1646,1425,1618,1419,1395,1613,1439,1587,1487,1582,1513,1594,1542,1592,1570,1612,1583,1650,1556,1676,1523,1687,1493,1684,1463,1676,1425,1652,1411,1615,1481,1609,1508,1616,1536,1619,1570,1646,1531,1654,1502,1651,1474,1644
2778,h,1,1,1236,1176,1771,1711,92.6,1221,1369,1211,1438,1209,1508,1217,1576,1240,1641,1285,1694,1341,1736,1395,1774,1456,1796,1514,1792,1561,1757,1608,1715,1644,1663,1672,1610,1696,1555,1711,1500,1716,1448,1329,1324,1372,1300,1423,1298,1474,1312,1520,1334,1584,1353,1624,1350,1662,1353,1697,1365,1714,1394,1543,1386,1541,1421,1540,1454,1539,1491,1463,1526,1491,1538,1520,1550,1546,1548,1572,1546,1373,1362,1405,1349,1439,1355,1461,1385,1431,1381,1399,1373,1590,1411,1619,1393,1649,1398,1668,1423,1646,1425,1617,1420,1394,1613,1438,1588,1486,1583,1512,1594,1541,1592,1570,1611,1584,1650,1557,1677,1523,1688,1493,1686,1463,1677,1425,1654,1410,1615,1480,1609,1508,1616,1535,1619,1571,1646,1531,1654,1502,1652,1474,1645
2779,h,1,1,1236,1176,1771,1711,92.63333333333334,1224,1369,1213,1438,1209,1509,1217,1578,1244,1643,1290,1696,1346,1738,1400,1775,1459,1796,1516,1792,1561,1757,1606,1716,1643,1664,1671,1611,1696,1556,1710,1500,1715,1445,1330,1325,1373,1301,1424,1300,1475,1315,1521,1337,1581,1356,1620,1352,1658,1354,1691,1366,1707,1395,1544,1387,1543,1421,1543,1454,1542,1490,1465,1527,1494,1538,1522,1550,1548,1549,1573,1546,1374,1364,1406,1351,1439,1357,1461,1387,1431,1384,1399,1376,1590,1412,1618,1394,1648,1399,1667,1423,1645,1426,1616,1421,1394,1615,1438,1588,1486,1582,1512,1594,1540,1592,1569,1611,1583,1649,1556,1676,1524,1688,1493,1686,1464,1678,1425,1655,1410,1616,1480,1610,1507,1616,1535,1619,1569,1645,1530,1653,1502,1652,1474,1645
2780,h,1,1,1236,1176,1771,1711,92.66666666666667,1224,1369,1213,1438,1209,1509,1217,1578,1244,1643,1290,1696,1346,1738,1400,1775,1459,1796,1516,1792,1561,1757,1606,1716,1643,1664,1671,1611,1696,1556,1710,1500,1715,1445,1330,1325,1373,1301,1424,1300,1475,1315,1521,1337,1581,1356,1620,1352,1658,1354,1691,1366,1707,1395,1544,1387,1543,1421,1543,1454,1542,1490,1465,1527,1494,1538,1522,1550,1548,1549,1573,1546,1374,1364,1406,1351,1439,1357,1461,1387,1431,1384,1399,1376,1590,1412,1618,1394,1648,1399,1667,1423,1645,1426,1616,1421,1394,1615,1438,1588,1486,1582,1512,1594,1540,1592,1569,1611,1583,1649,1556,1676,1524,1688,1493,1686,1464,1678,1425,1655,1410,1616,1480,1610,1507,1616,1535,1619,1569,1645,1530,1653,1502,1652,1474,1645
2781,h,1,1,1236,1176,1771,1711,92.7,1222,1369,1211,1438,1208,1509,1216,1577,1243,1642,1290,1694,1345,1737,1399,1774,1460,1795,1517,1792,1564,1756,1610,1714,1646,1662,1673,1607,1697,1552,1712,1496,1716,1443,1331,1322,1374,1301,1424,1300,1474,1313,1520,1335,1582,1353,1621,1351,1659,1353,1692,1365,1710,1393,1544,1387,1543,1421,1542,1454,1541,1490,1465,1527,1494,1539,1521,1551,1547,1549,1573,1547,1375,1363,1406,1350,1440,1356,1462,1385,1432,1383,1400,1375,1589,1412,1618,1394,1648,1399,1667,1424,1645,1426,1616,1421,1394,1615,1438,1588,1486,1582,1512,1595,1541,1593,1569,1612,1584,1649,1556,1675,1524,1685,1493,1683,1463,1675,1425,1652,1410,1616,1480,1610,1508,1617,1535,1620,1570,1645,1531,1651,1502,1649,1474,1641
2782,h,1,1,1236,1176,1771,1711,92.73333333333333,1223,1371,1212,1440,1209,1511,1218,1580,1245,1644,1292,1696,1348,1738,1401,1776,1461,1797,1518,1793,1563,1757,1608,1715,1645,1664,1674,1611,1698,1556,1712,1498,1715,1445,1332,1323,1375,1301,1426,1301,1476,1316,1522,1338,1582,1356,1621,1354,1658,1356,1692,1367,1709,1397,1544,1387,1543,1422,1542,1455,1541,1491,1464,1528,1493,1539,1521,1551,1548,1550,1573,1548,1375,1363,1406,1350,1439,1356,1461,1385,1431,1382,1400,1374,1589,1412,1618,1394,1647,1400,1667,1425,1644,1426,1615,1421,1393,1613,1439,1588,1487,1583,1512,1595,1540,1593,1569,1612,1584,1650,1556,1674,1523,1683,1494,1681,1464,1673,1426,1650,1409,1616,1481,1611,1508,1618,1535,1621,1570,1645,1530,1649,1502,1646,1475,1640
2783,h,1,1,1236,1176,1771,1711,92.76666666666667,1226,1374,1215,1442,1211,1513,1218,1581,1244,1645,1293,1695,1349,1733,1403,1768,1461,1788,1516,1784,1560,1752,1606,1713,1643,1664,1673,1612,1697,1558,1711,1503,1716,1450,1333,1323,1377,1301,1427,1301,1476,1315,1521,1337,1582,1356,1620,1353,1658,1356,1692,1369,1709,1397,1544,1386,1543,1421,1543,1455,1542,1491,1464,1527,1493,1538,1521,1550,1548,1550,1573,1547,1375,1362,1407,1350,1439,1356,1461,1386,1432,1382,1400,1374,1590,1412,1618,1394,1648,1400,1667,1424,1644,1425,1616,1420,1395,1611,1439,1587,1486,1582,1512,1594,1540,1592,1569,1611,1584,1646,1556,1669,1524,1679,1494,1676,1465,1667,1427,1646,1411,1613,1480,1608,1507,1615,1535,1618,1571,1642,1531,1647,1502,1644,1475,1637
2784,h,1,1,1236,1176,1771,1711,92.8,1226,1374,1215,1442,1211,1513,1218,1581,1244,1645,1293,1695,1349,1733,1403,1768,1461,1788,1516,1784,1560,1752,1606,1713,1643,1664,1673,1612,1697,1558,1711,1503,1716,1450,1333,1323,1377,1301,1427,1301,1476,1315,1521,1337,1582,1356,1620,1353,1658,1356,1692,1369,1709,1397,1544,1386,1543,1421,1543,1455,1542,1491,1464,1527,1493,1538,1521,1550,1548,1550,1573,1547,1375,1362,1407,1350,1439,1356,1461,1386,1432,1382,1400,1374,1590,1412,1618,1394,1648,1400,1667,1424,1644,1425,1616,1420,1395,1611,1439,1587,1486,1582,1512,1594,1540,1592,1569,1611,1584,1646,1556,1669,1524,1679,1494,1676,1465,1667,1427,1646,1411,1613,1480,1608,1507,1615,1535,1618,1571,1642,1531,1647,1502,1644,1475,1637
2785,h,1,1,1236,1176,1771,1711,92.83333333333333,1228,1372,1216,1440,1212,1511,1220,1579,1245,1642,1292,1693,1347,1731,1401,1767,1460,1787,1516,1784,1562,1753,1608,1715,1644,1666,1672,1613,1695,1558,1708,1502,1714,1449,1335,1321,1378,1301,1427,1302,1475,1316,1519,1338,1585,1358,1622,1354,1659,1356,1691,1368,1708,1395,1544,1387,1543,1421,1542,1455,1541,1491,1465,1527,1493,1539,1521,1550,1547,1550,1572,1547,1377,1362,1409,1350,1441,1356,1462,1385,1433,1382,1402,1374,1590,1412,1617,1395,1647,1400,1665,1423,1644,1426,1615,1420,1397,1609,1441,1586,1486,1582,1512,1594,1540,1593,1568,1610,1585,1644,1555,1666,1524,1673,1494,1670,1465,1662,1428,1642,1413,1611,1481,1608,1507,1615,1535,1618,1571,1641,1531,1641,1502,1638,1475,1631
2786,h,1,1,1236,1176,1771,1711,92.86666666666666,1224,1373,1214,1442,1211,1512,1218,1580,1244,1644,1291,1693,1348,1730,1403,1764,1463,1784,1519,1781,1566,1749,1612,1710,1647,1660,1673,1607,1695,1553,1709,1497,1713,1444,1330,1327,1372,1302,1424,1301,1475,1315,1521,1337,1581,1356,1620,1353,1658,1355,1692,1368,1708,1399,1544,1387,1543,1421,1543,1454,1542,1490,1465,1526,1494,1538,1521,1550,1548,1549,1573,1547,1375,1363,1406,1350,1439,1356,1461,1386,1431,1382,1400,1374,1588,1412,1617,1395,1647,1400,1666,1424,1644,1426,1615,1421,1396,1608,1442,1586,1487,1582,1513,1593,1541,1592,1570,1610,1586,1645,1556,1664,1524,1671,1495,1668,1466,1660,1429,1640,1413,1610,1482,1607,1509,1614,1536,1617,1572,1640,1531,1640,1503,1637,1476,1631
2787,h,1,1,1236,1176,1771,1711,92.9,1222,1372,1212,1441,1209,1512,1217,1579,1243,1643,1290,1693,1347,1731,1402,1764,1461,1784,1518,1781,1564,1748,1610,1708,1645,1658,1672,1606,1695,1553,1709,1498,1713,1446,1326,1327,1369,1302,1421,1301,1473,1314,1521,1335,1580,1355,1619,1352,1659,1355,1693,1368,1710,1399,1544,1387,1543,1422,1542,1455,1541,1491,1465,1528,1493,1539,1521,1550,1547,1550,1572,1548,1372,1363,1404,1350,1438,1356,1460,1386,1430,1383,1398,1376,1588,1413,1616,1394,1647,1399,1666,1424,1644,1427,1614,1422,1395,1609,1440,1586,1487,1582,1513,1594,1541,1592,1569,1610,1586,1644,1555,1663,1524,1670,1494,1668,1465,1660,1427,1640,1412,1610,1481,1608,1508,1614,1536,1618,1572,1640,1531,1639,1503,1636,1475,1630
2788,h,1,1,1236,1176,1771,1711,92.93333333333334,1222,1372,1212,1441,1209,1512,1217,1579,1243,1643,1290,1693,1347,1731,1402,1764,1461,1784,1518,1781,1564,1748,1610,1708,1645,1658,1672,1606,1695,1553,1709,1498,1713,1446,1326,1327,1369,1302,1421,1301,1473,1314,1521,1335,1580,1355,1619,1352,1659,1355,1693,1368,1710,1399,1544,1387,1543,1422,1542,1455,1541,1491,1465,1528,1493,1539,1521,1550,1547,1550,1572,1548,1372,1363,1404,1350,1438,1356,1460,1386,1430,1383,1398,1376,1588,1413,1616,1394,1647,1399,1666,1424,1644,1427,1614,1422,1395,1609,1440,1586,1487,1582,1513,1594,1541,1592,1569,1610,1586,1644,1555,1663,1524,1670,1494,1668,1465,1660,1427,1640,1412,1610,1481,1608,1508,1614,1536,1618,1572,1640,1531,1639,1503,1636,1475,1630
2789,h,1,1,1236,1176,1771,1711,92.96666666666667,1222,1373,1213,1441,1210,1511,1217,1579,1243,1641,1290,1689,1347,1726,1401,1759,1460,1778,1515,1776,1562,1746,1609,1708,1645,1659,1672,1607,1695,1553,1709,1498,1715,1445,1326,1327,1368,1302,1420,1300,1472,1313,1519,1334,1580,1353,1620,1351,1659,1354,1693,1368,1710,1399,1542,1386,1541,1421,1540,1454,1539,1490,1465,1528,1493,1538,1520,1550,1547,1549,1572,1547,1373,1363,1405,1350,1438,1356,1460,1386,1430,1383,1398,1375,1587,1412,1616,1394,1646,1399,1665,1423,1643,1426,1613,1421,1395,1608,1440,1586,1486,1582,1512,1594,1540,1591,1569,1610,1586,1644,1556,1661,1524,1668,1495,1665,1466,1657,1427,1637,1411,1609,1480,1609,1508,1616,1535,1618,1572,1639,1531,1636,1503,1634,1475,1627
2790,h,1,1,1236,1176,1771,1711,93.0,1223,1374,1213,1441,1210,1510,1217,1577,1243,1640,1290,1688,1347,1725,1400,1757,1457,1776,1511,1776,1559,1749,1606,1713,1643,1665,1672,1613,1695,1559,1709,1502,1714,1449,1330,1323,1374,1300,1424,1300,1474,1314,1518,1335,1581,1354,1620,1352,1658,1355,1692,1368,1709,1397,1541,1387,1540,1421,1540,1454,1539,1490,1464,1528,1492,1538,1519,1549,1545,1549,1570,1547,1373,1362,1405,1350,1437,1356,1460,1386,1429,1383,1397,1375,1587,1411,1615,1394,1645,1399,1665,1423,1642,1426,1613,1421,1396,1606,1440,1585,1486,1582,1511,1594,1539,1591,1567,1609,1584,1642,1554,1661,1523,1666,1493,1663,1465,1655,1428,1636,1411,1608,1480,1607,1507,1613,1534,1617,1571,1638,1530,1636,1502,1633,1475,1626
2791,h,1,1,1236,1176,1771,1711,93.03333333333333,1223,1374,1213,1441,1210,1510,1217,1577,1243,1640,1290,1688,1347,1725,1400,1757,1457,1776,1511,1776,1559,1749,1606,1713,1643,1665,1672,1613,1695,1559,1709,1502,1714,1449,1330,1323,1374,1300,1424,1300,1474,1314,1518,1335,1581,1354,1620,1352,1658,1355,1692,1368,1709,1397,1541,1387,1540,1421,1540,1454,1539,1490,1464,1528,1492,1538,1519,1549,1545,1549,1570,1547,1373,1362,1405,1350,1437,1356,1460,1386,1429,1383,1397,1375,1587,1411,1615,1394,1645,1399,1665,1423,1642,1426,1613,1421,1396,1606,1440,1585,1486,1582,1511,1594,1539,1591,1567,1609,1584,1642,1554,1661,1523,1666,1493,1663,1465,1655,1428,1636,1411,1608,1480,1607,1507,1613,1534,1617,1571,1638,1530,1636,1502,1633,1475,1626
2792,h,1,1,1236,1176,1771,1711,93.06666666666666,1225,1371,1214,1438,1210,1506,1216,1573,1240,1634,1286,1684,1342,1722,1398,1756,1459,1775,1515,1773,1562,1744,1608,1707,1645,1660,1673,1607,1695,1553,1708,1499,1713,1446,1329,1322,1373,1300,1424,1299,1475,1313,1519,1335,1579,1354,1619,1353,1657,1357,1690,1369,1707,1398,1541,1387,1539,1421,1538,1454,1537,1490,1461,1527,1489,1537,1517,1549,1544,1549,1569,1547,1373,1362,1404,1349,1437,1355,1459,1386,1429,1383,1398,1375,1586,1412,1614,1394,1644,1399,1664,1423,1641,1427,1612,1421,1393,1610,1437,1586,1483,1581,1510,1593,1538,1591,1567,1609,1584,1643,1554,1660,1522,1666,1492,1663,1462,1655,1425,1637,1409,1611,1478,1608,1505,1614,1533,1618,1571,1639,1529,1635,1500,1632,1472,1625
2793,h,1,1,1236,1176,1771,1711,93.1,1221,1366,1211,1435,1207,1505,1213,1572,1238,1635,1284,1684,1340,1722,1394,1759,1454,1780,1510,1779,1558,1749,1606,1712,1644,1665,1673,1613,1695,1558,1709,1503,1714,1449,1325,1323,1369,1299,1419,1299,1470,1314,1516,1335,1578,1354,1618,1351,1658,1354,1693,1367,1712,1398,1539,1387,1538,1422,1536,1455,1535,1490,1460,1527,1488,1538,1516,1550,1543,1549,1569,1546,1372,1363,1403,1350,1436,1357,1458,1387,1428,1384,1396,1376,1586,1413,1614,1395,1645,1400,1665,1425,1642,1428,1612,1423,1392,1609,1436,1587,1482,1581,1509,1594,1537,1591,1567,1610,1585,1644,1554,1659,1521,1665,1491,1662,1462,1654,1425,1637,1408,1610,1476,1608,1504,1615,1532,1618,1571,1639,1528,1633,1500,1630,1472,1624
2794,h,1,1,1236,1176,1771,1711,93.13333333333334,1226,1370,1216,1437,1212,1505,1217,1572,1242,1634,1288,1683,1342,1721,1395,1755,1453,1775,1509,1774,1557,1746,1604,1709,1643,1663,1672,1610,1694,1555,1706,1500,1711,1447,1328,1323,1371,1300,1421,1299,1471,1313,1516,1335,1577,1354,1617,1352,1656,1355,1690,1369,1708,1399,1539,1387,1537,1421,1536,1454,1534,1490,1459,1526,1487,1537,1515,1549,1542,1548,1568,1546,1372,1363,1403,1350,1436,1356,1458,1385,1428,1382,1397,1375,1586,1412,1614,1395,1644,1400,1664,1424,1641,1426,1612,1421,1393,1607,1436,1585,1481,1580,1508,1593,1537,1590,1566,1609,1584,1642,1553,1658,1520,1663,1489,1660,1460,1652,1424,1634,1408,1608,1475,1606,1503,1614,1531,1617,1571,1637,1527,1633,1498,1629,1469,1622
2795,h,1,1,1236,1176,1771,1711,93.16666666666667,1226,1370,1216,1437,1212,1505,1217,1572,1242,1634,1288,1683,1342,1721,1395,1755,1453,1775,1509,1774,1557,1746,1604,1709,1643,1663,1672,1610,1694,1555,1706,1500,1711,1447,1328,1323,1371,1300,1421,1299,1471,1313,1516,1335,1577,1354,1617,1352,1656,1355,1690,1369,1708,1399,1539,1387,1537,1421,1536,1454,1534,1490,1459,1526,1487,1537,1515,1549,1542,1548,1568,1546,1372,1363,1403,1350,1436,1356,1458,1385,1428,1382,1397,1375,1586,1412,1614,1395,1644,1400,1664,1424,1641,1426,1612,1421,1393,1607,1436,1585,1481,1580,1508,1593,1537,1590,1566,1609,1584,1642,1553,1658,1520,1663,1489,1660,1460,1652,1424,1634,1408,1608,1475,1606,1503,1614,1531,1617,1571,1637,1527,1633,1498,1629,1469,1622
2796,h,1,1,1236,1176,1771,1711,93.2,1223,1367,1213,1435,1210,1504,1217,1572,1242,1634,1289,1682,1344,1719,1398,1752,1457,1772,1513,1771,1561,1742,1607,1704,1644,1658,1673,1605,1695,1551,1709,1496,1714,1442,1324,1322,1368,1300,1418,1299,1468,1313,1514,1333,1576,1353,1616,1352,1656,1355,1691,1367,1709,1398,1537,1387,1535,1420,1534,1453,1533,1489,1458,1526,1487,1536,1514,1548,1541,1547,1567,1546,1369,1363,1400,1350,1433,1356,1456,1386,1426,1383,1394,1376,1584,1413,1613,1395,1643,1399,1664,1424,1641,1427,1611,1422,1393,1607,1437,1586,1481,1581,1508,1593,1536,1591,1564,1609,1583,1642,1552,1657,1521,1663,1491,1660,1462,1652,1426,1634,1409,1609,1476,1607,1503,1614,1531,1617,1569,1637,1527,1632,1499,1628,1471,1622
2797,h,1,1,1236,1176,1771,1711,93.23333333333333,1222,1369,1212,1437,1209,1507,1216,1575,1243,1636,1289,1685,1344,1723,1397,1756,1457,1776,1511,1776,1560,1746,1606,1709,1645,1661,1674,1608,1695,1553,1707,1496,1710,1443,1324,1322,1369,1300,1418,1300,1468,1314,1512,1335,1576,1352,1616,1351,1654,1353,1688,1366,1706,1397,1536,1387,1535,1421,1534,1453,1532,1489,1458,1526,1486,1536,1514,1547,1541,1547,1566,1546,1370,1362,1400,1350,1433,1356,1456,1385,1426,1383,1394,1375,1584,1412,1612,1394,1642,1399,1662,1423,1639,1426,1610,1421,1392,1607,1436,1585,1480,1580,1507,1592,1535,1590,1564,1608,1583,1640,1552,1657,1520,1663,1490,1660,1461,1652,1425,1634,1408,1608,1475,1607,1502,1614,1530,1617,1569,1636,1526,1631,1498,1628,1470,1622
2798,h,1,1,1236,1176,1771,1711,93.26666666666667,1222,1365,1211,1435,1207,1504,1214,1572,1240,1634,1285,1684,1339,1721,1394,1755,1455,1775,1512,1774,1562,1745,1608,1707,1645,1657,1672,1605,1693,1551,1706,1495,1710,1441,1325,1323,1368,1300,1418,1299,1468,1313,1514,1334,1574,1352,1613,1350,1653,1352,1688,1364,1706,1395,1536,1384,1534,1419,1533,1453,1531,1489,1456,1525,1484,1536,1513,1548,1540,1547,1566,1545,1370,1361,1400,1350,1432,1355,1456,1383,1425,1380,1394,1373,1582,1409,1611,1393,1641,1398,1660,1421,1637,1424,1608,1418,1391,1606,1434,1584,1479,1580,1506,1592,1534,1590,1563,1608,1582,1641,1551,1657,1519,1661,1489,1658,1460,1650,1423,1633,1407,1607,1474,1605,1501,1613,1529,1616,1569,1636,1525,1631,1497,1628,1469,1621
2799,h,1,1,1236,1176,1771,1711,93.3,1222,1365,1211,1435,1207,1504,1214,1572,1240,1634,1285,1684,1339,1721,1394,1755,1455,1775,1512,1774,1562,1745,1608,1707,1645,1657,1672,1605,1693,1551,1706,1495,1710,1441,1325,1323,1368,1300,1418,1299,1468,1313,1514,1334,1574,1352,1613,1350,1653,1352,1688,1364,1706,1395,1536,1384,1534,1419,1533,1453,1531,1489,1456,1525,1484,1536,1513,1548,1540,1547,1566,1545,1370,1361,1400,1350,1432,1355,1456,1383,1425,1380,1394,1373,1582,1409,1611,1393,1641,1398,1660,1421,1637,1424,1608,1418,1391,1606,1434,1584,1479,1580,1506,1592,1534,1590,1563,1608,1582,1641,1551,1657,1519,1661,1489,1658,1460,1650,1423,1633,1407,1607,1474,1605,1501,1613,1529,1616,1569,1636,1525,1631,1497,1628,1469,1621
2800,h,1,1,1236,1176,1771,1711,93.33333333333333,1220,1371,1212,1439,1209,1508,1217,1577,1244,1637,1291,1685,1346,1721,1399,1755,1459,1773,1513,1771,1560,1742,1604,1706,1640,1659,1668,1607,1690,1553,1704,1497,1710,1444,1321,1324,1365,1300,1416,1300,1466,1313,1512,1334,1570,1351,1611,1350,1652,1353,1687,1367,1706,1399,1534,1384,1532,1419,1532,1452,1531,1488,1455,1525,1484,1536,1512,1548,1540,1547,1565,1545,1368,1362,1398,1351,1431,1356,1454,1385,1424,1383,1392,1376,1580,1410,1609,1393,1639,1399,1660,1422,1637,1425,1607,1420,1391,1607,1435,1585,1479,1580,1505,1593,1533,1590,1562,1609,1581,1640,1551,1656,1519,1661,1489,1658,1461,1650,1424,1632,1407,1608,1474,1606,1501,1613,1528,1616,1567,1636,1525,1630,1497,1628,1469,1621
2801,h,1,1,1236,1176,1771,1711,93.36666666666666,1220,1365,1210,1432,1207,1500,1213,1568,1237,1630,1282,1681,1337,1718,1392,1753,1453,1772,1510,1772,1559,1744,1604,1708,1639,1661,1667,1609,1689,1556,1703,1501,1709,1448,1320,1321,1364,1299,1414,1299,1464,1313,1509,1334,1574,1353,1614,1351,1653,1355,1688,1367,1707,1397,1534,1384,1532,1419,1531,1452,1529,1487,1456,1525,1483,1536,1511,1547,1538,1546,1563,1544,1366,1362,1397,1350,1430,1356,1454,1384,1423,1382,1391,1374,1581,1410,1609,1394,1639,1400,1660,1423,1636,1426,1607,1420,1390,1604,1434,1584,1478,1581,1504,1592,1531,1590,1558,1607,1577,1638,1547,1653,1516,1658,1488,1655,1460,1647,1423,1630,1406,1605,1473,1606,1500,1612,1526,1615,1563,1633,1523,1627,1496,1624,1469,1617
2802,h,1,1,1236,1176,1771,1711,93.4,1219,1366,1208,1432,1204,1499,1211,1565,1234,1626,1280,1675,1336,1712,1390,1744,1450,1764,1506,1764,1555,1739,1600,1704,1637,1657,1665,1606,1687,1552,1700,1497,1706,1444,1318,1321,1362,1299,1412,1298,1462,1312,1508,1332,1573,1351,1611,1350,1650,1354,1683,1369,1700,1399,1531,1385,1529,1419,1528,1451,1526,1486,1452,1524,1481,1535,1509,1546,1535,1545,1561,1544,1363,1361,1395,1350,1428,1356,1451,1384,1420,1382,1388,1374,1577,1410,1607,1395,1636,1400,1657,1423,1633,1425,1604,1420,1389,1599,1435,1584,1477,1580,1503,1591,1530,1589,1558,1606,1579,1634,1547,1645,1516,1649,1488,1646,1460,1638,1424,1622,1405,1601,1472,1604,1499,1612,1525,1614,1566,1630,1522,1618,1495,1615,1468,1608
2803,h,1,1,1236,1176,1771,1711,93.43333333333334,1219,1366,1208,1432,1204,1499,1211,1565,1234,1626,1280,1675,1336,1712,1390,1744,1450,1764,1506,1764,1555,1739,1600,1704,1637,1657,1665,1606,1687,1552,1700,1497,1706,1444,1318,1321,1362,1299,1412,1298,1462,1312,1508,1332,1573,1351,1611,1350,1650,1354,1683,1369,1700,1399,1531,1385,1529,1419,1528,1451,1526,1486,1452,1524,1481,1535,1509,1546,1535,1545,1561,1544,1363,1361,1395,1350,1428,1356,1451,1384,1420,1382,1388,1374,1577,1410,1607,1395,1636,1400,1657,1423,1633,1425,1604,1420,1389,1599,1435,1584,1477,1580,1503,1591,1530,1589,1558,1606,1579,1634,1547,1645,1516,1649,1488,1646,1460,1638,1424,1622,1405,1601,1472,1604,1499,1612,1525,1614,1566,1630,1522,1618,1495,1615,1468,1608
2804,h,1,1,1236,1176,1771,1711,93.46666666666667,1216,1365,1206,1431,1201,1498,1208,1564,1233,1625,1278,1674,1334,1712,1389,1744,1449,1763,1504,1761,1553,1733,1598,1699,1635,1653,1663,1603,1686,1551,1699,1498,1705,1447,1316,1320,1361,1298,1412,1297,1463,1310,1509,1331,1572,1350,1612,1349,1652,1353,1687,1366,1705,1399,1531,1383,1529,1417,1528,1449,1526,1484,1453,1522,1481,1532,1509,1544,1535,1543,1559,1541,1364,1361,1395,1348,1428,1354,1452,1383,1420,1381,1388,1374,1576,1409,1606,1391,1636,1396,1657,1421,1633,1424,1603,1418,1390,1599,1436,1583,1479,1578,1503,1590,1527,1587,1554,1603,1574,1631,1543,1642,1513,1646,1487,1644,1461,1636,1426,1621,1406,1600,1474,1601,1499,1608,1522,1610,1561,1627,1519,1613,1495,1611,1470,1604
2805,h,1,1,1236,1176,1771,1711,93.5,1214,1366,1205,1431,1201,1499,1209,1566,1235,1627,1283,1676,1338,1713,1393,1745,1453,1764,1508,1762,1554,1734,1598,1699,1634,1653,1662,1602,1685,1551,1699,1498,1704,1446,1315,1321,1359,1298,1411,1297,1462,1311,1508,1332,1568,1352,1607,1350,1647,1353,1683,1367,1701,1398,1529,1383,1527,1417,1526,1450,1524,1485,1451,1523,1479,1532,1507,1544,1534,1543,1559,1541,1362,1361,1393,1349,1426,1354,1450,1383,1419,1381,1387,1374,1575,1409,1605,1391,1634,1397,1655,1421,1631,1424,1601,1418,1392,1599,1436,1583,1478,1578,1503,1590,1528,1587,1555,1604,1574,1632,1544,1645,1514,1650,1488,1647,1461,1640,1425,1622,1408,1601,1473,1603,1499,1610,1523,1613,1561,1627,1521,1616,1496,1613,1469,1606
2806,h,1,1,1236,1176,1771,1711,93.53333333333333,1215,1367,1204,1434,1200,1502,1206,1570,1230,1633,1274,1684,1329,1722,1385,1755,1446,1774,1503,1772,1552,1744,1596,1706,1632,1657,1659,1606,1681,1553,1694,1499,1699,1447,1316,1322,1360,1300,1412,1299,1462,1312,1508,1333,1568,1353,1607,1351,1646,1354,1680,1368,1697,1398,1530,1383,1528,1417,1527,1450,1525,1486,1451,1525,1479,1535,1507,1546,1534,1545,1558,1542,1362,1360,1393,1349,1426,1354,1450,1383,1418,1381,1387,1373,1575,1408,1604,1391,1633,1396,1653,1420,1630,1423,1601,1417,1387,1605,1431,1585,1475,1581,1501,1594,1527,1590,1554,1606,1571,1637,1541,1649,1512,1655,1484,1653,1456,1645,1420,1629,1403,1606,1469,1607,1496,1614,1522,1616,1558,1632,1518,1623,1492,1621,1465,1615
2807,h,1,1,1236,1176,1771,1711,93.56666666666666,1215,1367,1204,1434,1200,1502,1206,1570,1230,1633,1274,1684,1329,1722,1385,1755,1446,1774,1503,1772,1552,1744,1596,1706,1632,1657,1659,1606,1681,1553,1694,1499,1699,1447,1316,1322,1360,1300,1412,1299,1462,1312,1508,1333,1568,1353,1607,1351,1646,1354,1680,1368,1697,1398,1530,1383,1528,1417,1527,1450,1525,1486,1451,1525,1479,1535,1507,1546,1534,1545,1558,1542,1362,1360,1393,1349,1426,1354,1450,1383,1418,1381,1387,1373,1575,1408,1604,1391,1633,1396,1653,1420,1630,1423,1601,1417,1387,1605,1431,1585,1475,1581,1501,1594,1527,1590,1554,1606,1571,1637,1541,1649,1512,1655,1484,1653,1456,1645,1420,1629,1403,1606,1469,1607,1496,1614,1522,1616,1558,1632,1518,1623,1492,1621,1465,1615
2808,h,1,1,1236,1176,1771,1711,93.6,1216,1365,1205,1433,1201,1503,1208,1572,1234,1636,1279,1689,1335,1729,1391,1763,1452,1781,1508,1778,1555,1747,1598,1708,1634,1658,1662,1606,1685,1552,1698,1498,1703,1446,1316,1325,1359,1301,1410,1299,1460,1311,1507,1333,1568,1352,1607,1349,1646,1353,1682,1367,1700,1397,1529,1381,1527,1417,1526,1451,1525,1488,1450,1525,1478,1536,1506,1547,1534,1546,1560,1542,1362,1361,1393,1349,1425,1354,1449,1382,1418,1380,1387,1373,1575,1407,1604,1390,1633,1396,1653,1419,1630,1421,1601,1416,1388,1610,1429,1587,1472,1582,1499,1594,1526,1591,1555,1608,1572,1640,1543,1658,1512,1666,1482,1664,1453,1657,1418,1637,1403,1610,1467,1607,1495,1613,1521,1616,1559,1636,1518,1634,1490,1633,1463,1626
2809,h,1,1,1236,1176,1771,1711,93.63333333333334,1213,1366,1203,1433,1199,1502,1206,1570,1231,1632,1275,1684,1331,1723,1386,1756,1446,1776,1503,1773,1550,1743,1594,1705,1630,1656,1658,1604,1680,1550,1693,1495,1698,1442,1316,1322,1359,1300,1410,1299,1461,1312,1505,1333,1567,1352,1606,1350,1644,1353,1679,1365,1696,1394,1529,1383,1527,1418,1526,1451,1525,1487,1449,1524,1477,1535,1506,1547,1533,1545,1559,1541,1359,1362,1390,1349,1424,1354,1447,1384,1416,1381,1384,1374,1576,1408,1604,1391,1634,1396,1653,1420,1631,1423,1602,1417,1383,1611,1427,1587,1472,1581,1499,1593,1526,1590,1554,1608,1568,1644,1541,1663,1510,1672,1481,1670,1452,1662,1414,1643,1399,1612,1467,1607,1494,1614,1521,1616,1555,1639,1517,1640,1489,1638,1461,1631
2810,h,1,1,1236,1176,1771,1711,93.66666666666667,1213,1366,1203,1433,1199,1502,1206,1570,1231,1632,1275,1684,1331,1723,1386,1756,1446,1776,1503,1773,1550,1743,1594,1705,1630,1656,1658,1604,1680,1550,1693,1495,1698,1442,1316,1322,1359,1300,1410,1299,1461,1312,1505,1333,1567,1352,1606,1350,1644,1353,1679,1365,1696,1394,1529,1383,1527,1418,1526,1451,1525,1487,1449,1524,1477,1535,1506,1547,1533,1545,1559,1541,1359,1362,1390,1349,1424,1354,1447,1384,1416,1381,1384,1374,1576,1408,1604,1391,1634,1396,1653,1420,1631,1423,1602,1417,1383,1611,1427,1587,1472,1581,1499,1593,1526,1590,1554,1608,1568,1644,1541,1663,1510,1672,1481,1670,1452,1662,1414,1643,1399,1612,1467,1607,1494,1614,1521,1616,1555,1639,1517,1640,1489,1638,1461,1631
2811,h,1,1,1236,1176,1771,1711,93.7,1213,1365,1202,1433,1198,1502,1206,1571,1232,1633,1278,1684,1334,1722,1388,1756,1448,1775,1504,1772,1550,1741,1593,1704,1630,1655,1660,1604,1682,1550,1695,1495,1699,1443,1316,1321,1359,1298,1409,1297,1459,1311,1505,1332,1568,1350,1606,1349,1644,1351,1677,1364,1694,1393,1528,1384,1526,1418,1525,1451,1524,1487,1449,1523,1477,1534,1505,1546,1533,1545,1559,1542,1360,1360,1390,1348,1423,1353,1447,1382,1416,1380,1384,1373,1575,1407,1603,1390,1633,1395,1652,1418,1630,1422,1601,1416,1387,1610,1429,1586,1474,1580,1499,1592,1526,1589,1554,1606,1570,1641,1542,1660,1510,1668,1482,1666,1454,1659,1417,1640,1403,1610,1469,1607,1495,1613,1521,1616,1556,1636,1517,1635,1490,1633,1464,1626
2812,h,1,1,1236,1176,1771,1711,93.73333333333333,1218,1366,1208,1433,1204,1501,1211,1569,1236,1631,1281,1681,1334,1720,1387,1753,1448,1772,1505,1772,1553,1744,1598,1708,1634,1660,1662,1607,1685,1553,1698,1499,1703,1446,1315,1321,1358,1298,1408,1297,1458,1310,1504,1330,1567,1349,1608,1347,1648,1351,1682,1364,1700,1395,1526,1383,1525,1417,1523,1450,1522,1486,1448,1525,1476,1536,1504,1547,1532,1546,1558,1544,1359,1361,1390,1349,1423,1355,1447,1383,1415,1381,1383,1373,1575,1408,1604,1392,1633,1397,1654,1420,1630,1422,1601,1417,1385,1607,1429,1586,1474,1580,1500,1592,1527,1589,1556,1607,1575,1639,1544,1654,1512,1660,1484,1657,1455,1650,1418,1634,1402,1608,1468,1608,1495,1614,1521,1617,1561,1634,1519,1627,1492,1624,1464,1618
2813,h,1,1,1236,1176,1771,1711,93.76666666666667,1216,1365,1206,1431,1201,1499,1208,1567,1234,1628,1279,1679,1334,1718,1388,1751,1449,1770,1505,1768,1554,1739,1597,1703,1633,1656,1661,1605,1684,1553,1697,1499,1701,1446,1315,1319,1359,1296,1410,1295,1460,1308,1505,1329,1568,1348,1607,1346,1646,1350,1680,1364,1698,1395,1527,1382,1525,1417,1524,1450,1523,1486,1450,1523,1477,1534,1505,1546,1532,1545,1558,1542,1360,1360,1391,1348,1424,1354,1448,1382,1416,1380,1384,1373,1574,1407,1604,1392,1633,1397,1653,1420,1630,1423,1601,1417,1388,1603,1430,1585,1473,1580,1499,1593,1526,1589,1554,1606,1572,1637,1542,1650,1512,1655,1483,1653,1455,1645,1419,1628,1404,1604,1468,1607,1495,1614,1521,1617,1559,1632,1518,1622,1491,1620,1464,1613
2814,h,1,1,1236,1176,1771,1711,93.8,1216,1365,1206,1431,1201,1499,1208,1567,1234,1628,1279,1679,1334,1718,1388,1751,1449,1770,1505,1768,1554,1739,1597,1703,1633,1656,1661,1605,1684,1553,1697,1499,1701,1446,1315,1319,1359,1296,1410,1295,1460,1308,1505,1329,1568,1348,1607,1346,1646,1350,1680,1364,1698,1395,1527,1382,1525,1417,1524,1450,1523,1486,1450,1523,1477,1534,1505,1546,1532,1545,1558,1542,1360,1360,1391,1348,1424,1354,1448,1382,1416,1380,1384,1373,1574,1407,1604,1392,1633,1397,1653,1420,1630,1423,1601,1417,1388,1603,1430,1585,1473,1580,1499,1593,1526,1589,1554,1606,1572,1637,1542,1650,1512,1655,1483,1653,1455,1645,1419,1628,1404,1604,1468,1607,1495,1614,1521,1617,1559,1632,1518,1622,1491,1620,1464,1613
2815,h,1,1,1236,1176,1771,1711,93.83333333333333,1215,1365,1205,1432,1201,1501,1208,1568,1233,1630,1279,1680,1334,1718,1388,1750,1447,1769,1502,1767,1550,1739,1595,1704,1632,1657,1661,1605,1684,1552,1697,1497,1702,1444,1316,1320,1359,1297,1410,1296,1460,1309,1505,1329,1566,1347,1605,1346,1644,1349,1678,1364,1695,1396,1527,1384,1525,1418,1524,1451,1523,1486,1449,1526,1477,1536,1505,1547,1532,1546,1557,1543,1359,1360,1390,1348,1423,1354,1447,1383,1415,1381,1383,1373,1573,1409,1602,1391,1631,1396,1652,1420,1629,1423,1599,1418,1386,1603,1429,1585,1473,1580,1498,1592,1525,1589,1553,1605,1572,1636,1542,1650,1511,1656,1483,1654,1455,1646,1418,1629,1402,1605,1467,1607,1494,1613,1520,1616,1559,1632,1517,1623,1491,1621,1463,1614
2816,h,1,1,1236,1176,1771,1711,93.86666666666666,1212,1365,1202,1431,1198,1499,1204,1566,1229,1627,1275,1678,1331,1716,1386,1751,1447,1770,1504,1769,1553,1740,1598,1703,1634,1655,1662,1604,1684,1550,1696,1495,1700,1444,1313,1320,1357,1297,1408,1295,1458,1309,1503,1330,1567,1348,1606,1346,1645,1349,1679,1363,1697,1394,1526,1383,1524,1417,1524,1450,1523,1486,1450,1525,1477,1535,1505,1546,1532,1545,1557,1542,1358,1361,1389,1349,1422,1354,1446,1383,1414,1381,1382,1373,1574,1408,1602,1392,1632,1397,1652,1420,1629,1423,1600,1417,1387,1603,1430,1585,1474,1581,1499,1592,1525,1589,1553,1606,1572,1637,1542,1651,1511,1657,1483,1655,1455,1647,1420,1629,1403,1604,1468,1607,1494,1614,1519,1616,1559,1632,1517,1625,1491,1622,1465,1615
2817,h,1,1,1236,1176,1771,1711,93.9,1211,1367,1201,1433,1198,1501,1204,1569,1230,1630,1277,1680,1335,1717,1390,1749,1450,1768,1506,1766,1554,1738,1597,1701,1634,1654,1661,1601,1682,1548,1694,1494,1698,1442,1311,1320,1355,1298,1406,1298,1456,1311,1502,1332,1562,1351,1601,1348,1641,1351,1675,1365,1693,1395,1524,1385,1523,1419,1523,1451,1522,1487,1448,1524,1476,1535,1504,1546,1531,1545,1557,1541,1356,1360,1387,1348,1420,1354,1443,1383,1412,1381,1380,1373,1571,1408,1600,1391,1629,1396,1650,1419,1627,1422,1597,1417,1384,1603,1427,1584,1471,1580,1497,1592,1524,1589,1551,1605,1570,1635,1540,1650,1511,1656,1482,1653,1454,1646,1417,1629,1400,1604,1466,1607,1493,1614,1519,1616,1557,1631,1517,1624,1490,1622,1462,1615
2818,h,1,1,1236,1176,1771,1711,93.93333333333334,1211,1367,1201,1433,1198,1501,1204,1569,1230,1630,1277,1680,1335,1717,1390,1749,1450,1768,1506,1766,1554,1738,1597,1701,1634,1654,1661,1601,1682,1548,1694,1494,1698,1442,1311,1320,1355,1298,1406,1298,1456,1311,1502,1332,1562,1351,1601,1348,1641,1351,1675,1365,1693,1395,1524,1385,1523,1419,1523,1451,1522,1487,1448,1524,1476,1535,1504,1546,1531,1545,1557,1541,1356,1360,1387,1348,1420,1354,1443,1383,1412,1381,1380,1373,1571,1408,1600,1391,1629,1396,1650,1419,1627,1422,1597,1417,1384,1603,1427,1584,1471,1580,1497,1592,1524,1589,1551,1605,1570,1635,1540,1650,1511,1656,1482,1653,1454,1646,1417,1629,1400,1604,1466,1607,1493,1614,1519,1616,1557,1631,1517,1624,1490,1622,1462,1615
2819,h,1,1,1236,1176,1771,1711,93.96666666666667,1214,1362,1204,1429,1200,1496,1205,1563,1230,1626,1275,1677,1331,1715,1385,1749,1446,1768,1504,1766,1553,1737,1598,1701,1634,1653,1662,1601,1683,1547,1696,1492,1700,1438,1313,1319,1356,1297,1405,1295,1455,1309,1501,1328,1564,1347,1603,1345,1643,1347,1677,1361,1695,1393,1523,1382,1521,1416,1520,1450,1518,1485,1446,1523,1473,1534,1502,1545,1530,1544,1555,1540,1358,1360,1387,1348,1420,1353,1444,1382,1412,1380,1381,1372,1571,1407,1599,1389,1629,1393,1649,1417,1626,1420,1597,1415,1382,1602,1424,1583,1468,1580,1496,1592,1523,1589,1550,1605,1569,1636,1539,1648,1508,1654,1479,1651,1450,1643,1414,1626,1397,1603,1463,1604,1491,1612,1518,1614,1556,1631,1515,1624,1487,1621,1459,1614
2820,h,1,1,1236,1176,1771,1711,94.0,1208,1369,1199,1437,1196,1505,1204,1572,1229,1634,1274,1683,1330,1720,1385,1751,1446,1771,1502,1768,1551,1742,1596,1707,1631,1659,1659,1606,1681,1552,1693,1495,1697,1442,1310,1321,1352,1297,1402,1295,1452,1307,1497,1327,1563,1346,1601,1344,1641,1346,1676,1360,1694,1392,1523,1381,1522,1415,1521,1448,1520,1483,1445,1522,1473,1533,1502,1544,1529,1543,1554,1541,1354,1359,1385,1347,1418,1352,1442,1381,1410,1378,1378,1371,1570,1407,1599,1389,1629,1394,1650,1417,1627,1420,1597,1415,1381,1601,1424,1583,1468,1579,1495,1591,1522,1588,1549,1604,1569,1635,1538,1647,1508,1652,1479,1650,1450,1642,1414,1625,1397,1602,1462,1604,1490,1611,1517,1613,1556,1630,1514,1622,1487,1619,1459,1613
2821,h,1,1,1236,1176,1771,1711,94.03333333333333,1208,1370,1199,1437,1197,1504,1203,1571,1228,1632,1273,1680,1330,1715,1384,1745,1444,1764,1501,1763,1552,1737,1598,1701,1634,1653,1660,1600,1680,1546,1692,1491,1696,1438,1305,1321,1348,1296,1398,1294,1449,1306,1495,1326,1561,1343,1601,1340,1642,1344,1678,1359,1695,1393,1520,1380,1519,1414,1519,1447,1518,1482,1444,1521,1472,1531,1500,1542,1527,1541,1552,1539,1350,1359,1382,1345,1416,1351,1440,1382,1408,1379,1375,1371,1568,1407,1596,1387,1627,1391,1648,1416,1625,1420,1595,1415,1379,1601,1423,1582,1467,1578,1493,1590,1520,1587,1547,1603,1567,1634,1536,1647,1506,1651,1478,1648,1449,1641,1413,1624,1395,1602,1462,1602,1489,1609,1515,1612,1553,1629,1512,1622,1485,1619,1458,1612
2822,h,1,1,1236,1176,1771,1711,94.06666666666666,1208,1370,1199,1437,1197,1504,1203,1571,1228,1632,1273,1680,1330,1715,1384,1745,1444,1764,1501,1763,1552,1737,1598,1701,1634,1653,1660,1600,1680,1546,1692,1491,1696,1438,1305,1321,1348,1296,1398,1294,1449,1306,1495,1326,1561,1343,1601,1340,1642,1344,1678,1359,1695,1393,1520,1380,1519,1414,1519,1447,1518,1482,1444,1521,1472,1531,1500,1542,1527,1541,1552,1539,1350,1359,1382,1345,1416,1351,1440,1382,1408,1379,1375,1371,1568,1407,1596,1387,1627,1391,1648,1416,1625,1420,1595,1415,1379,1601,1423,1582,1467,1578,1493,1590,1520,1587,1547,1603,1567,1634,1536,1647,1506,1651,1478,1648,1449,1641,1413,1624,1395,1602,1462,1602,1489,1609,1515,1612,1553,1629,1512,1622,1485,1619,1458,1612
2823,h,1,1,1236,1176,1771,1711,94.1,1206,1372,1198,1439,1196,1507,1204,1572,1229,1633,1274,1679,1329,1713,1384,1743,1442,1760,1498,1760,1546,1735,1593,1702,1629,1656,1657,1604,1679,1551,1693,1496,1698,1442,1308,1317,1351,1297,1401,1296,1451,1309,1497,1329,1560,1348,1600,1345,1639,1349,1674,1362,1694,1392,1519,1382,1518,1416,1517,1448,1516,1482,1443,1521,1470,1531,1498,1542,1525,1542,1550,1540,1351,1359,1382,1346,1415,1351,1440,1382,1407,1379,1375,1372,1566,1407,1594,1388,1625,1392,1647,1416,1623,1420,1592,1415,1377,1602,1422,1581,1465,1576,1492,1588,1519,1585,1548,1601,1566,1634,1537,1648,1505,1654,1477,1652,1448,1644,1411,1627,1394,1603,1460,1602,1488,1608,1514,1611,1553,1629,1511,1623,1484,1620,1456,1614
2824,h,1,1,1236,1176,1771,1711,94.13333333333334,1207,1369,1198,1436,1195,1504,1202,1572,1229,1633,1275,1681,1330,1716,1385,1748,1445,1767,1501,1766,1549,1737,1594,1702,1630,1655,1657,1602,1679,1549,1692,1493,1697,1438,1309,1319,1351,1297,1401,1295,1451,1308,1497,1328,1558,1347,1598,1344,1638,1347,1674,1361,1693,1393,1518,1380,1517,1414,1516,1446,1515,1481,1442,1520,1470,1531,1498,1542,1526,1541,1552,1538,1352,1358,1382,1345,1415,1350,1439,1381,1407,1378,1376,1371,1566,1406,1594,1387,1624,1392,1645,1416,1622,1419,1592,1414,1377,1603,1420,1581,1464,1576,1492,1588,1519,1585,1547,1601,1566,1634,1536,1650,1505,1656,1477,1654,1447,1646,1410,1627,1393,1603,1459,1601,1488,1608,1514,1610,1552,1630,1511,1626,1485,1623,1455,1616
2825,h,1,1,1236,1176,1771,1711,94.16666666666667,1207,1369,1198,1436,1195,1504,1202,1572,1229,1633,1275,1681,1330,1716,1385,1748,1445,1767,1501,1766,1549,1737,1594,1702,1630,1655,1657,1602,1679,1549,1692,1493,1697,1438,1309,1319,1351,1297,1401,1295,1451,1308,1497,1328,1558,1347,1598,1344,1638,1347,1674,1361,1693,1393,1518,1380,1517,1414,1516,1446,1515,1481,1442,1520,1470,1531,1498,1542,1526,1541,1552,1538,1352,1358,1382,1345,1415,1350,1439,1381,1407,1378,1376,1371,1566,1406,1594,1387,1624,1392,1645,1416,1622,1419,1592,1414,1377,1603,1420,1581,1464,1576,1492,1588,1519,1585,1547,1601,1566,1634,1536,1650,1505,1656,1477,1654,1447,1646,1410,1627,1393,1603,1459,1601,1488,1608,1514,1610,1552,1630,1511,1626,1485,1623,1455,1616
2826,h,1,1,1236,1176,1771,1711,94.2,1203,1371,1196,1439,1195,1507,1202,1574,1227,1635,1272,1683,1328,1719,1383,1749,1444,1767,1501,1765,1550,1737,1595,1701,1631,1654,1657,1602,1677,1548,1691,1493,1696,1438,1300,1326,1342,1299,1394,1296,1446,1308,1493,1329,1555,1347,1596,1344,1637,1348,1674,1362,1694,1396,1516,1381,1515,1415,1515,1448,1513,1483,1440,1521,1468,1532,1496,1543,1523,1542,1549,1539,1348,1360,1379,1346,1412,1351,1437,1382,1404,1379,1372,1372,1564,1407,1592,1388,1623,1392,1644,1417,1620,1420,1590,1415,1375,1603,1418,1582,1463,1577,1490,1589,1517,1587,1545,1603,1563,1635,1534,1652,1503,1658,1474,1656,1444,1648,1407,1629,1392,1604,1458,1601,1486,1608,1512,1610,1549,1631,1509,1629,1482,1626,1453,1620
2827,h,1,1,1236,1176,1771,1711,94.23333333333333,1204,1370,1195,1439,1193,1508,1201,1576,1228,1636,1276,1684,1331,1719,1386,1751,1446,1769,1502,1766,1549,1735,1593,1700,1630,1652,1658,1601,1679,1547,1692,1492,1697,1437,1302,1323,1345,1300,1396,1299,1446,1312,1493,1332,1556,1350,1595,1347,1635,1349,1670,1362,1689,1392,1516,1384,1515,1418,1515,1451,1514,1486,1440,1523,1468,1534,1496,1545,1524,1544,1550,1541,1348,1363,1379,1349,1412,1355,1436,1385,1404,1383,1372,1375,1564,1409,1592,1390,1623,1394,1644,1418,1621,1422,1591,1417,1377,1606,1420,1585,1464,1580,1489,1592,1516,1589,1544,1606,1563,1638,1534,1656,1502,1663,1474,1660,1446,1653,1409,1634,1393,1607,1459,1605,1485,1612,1511,1615,1550,1633,1508,1631,1481,1628,1455,1622
2828,h,1,1,1236,1176,1771,1711,94.26666666666667,1207,1372,1197,1439,1195,1506,1203,1574,1229,1634,1274,1683,1328,1721,1381,1754,1441,1772,1497,1770,1545,1740,1591,1704,1629,1657,1656,1604,1677,1551,1690,1495,1695,1441,1306,1324,1348,1301,1398,1299,1447,1312,1492,1332,1557,1351,1596,1347,1636,1350,1672,1363,1690,1394,1516,1384,1515,1418,1514,1451,1513,1487,1440,1524,1467,1535,1495,1546,1522,1545,1548,1542,1349,1362,1380,1348,1413,1354,1437,1385,1405,1382,1372,1374,1564,1410,1591,1390,1622,1394,1643,1419,1619,1422,1589,1418,1374,1607,1416,1586,1461,1581,1488,1593,1515,1590,1544,1606,1563,1639,1532,1657,1501,1665,1472,1663,1443,1656,1405,1636,1390,1609,1456,1606,1484,1612,1510,1615,1549,1635,1507,1633,1480,1631,1452,1625
2829,h,1,1,1236,1176,1771,1711,94.3,1207,1372,1197,1439,1195,1506,1203,1574,1229,1634,1274,1683,1328,1721,1381,1754,1441,1772,1497,1770,1545,1740,1591,1704,1629,1657,1656,1604,1677,1551,1690,1495,1695,1441,1306,1324,1348,1301,1398,1299,1447,1312,1492,1332,1557,1351,1596,1347,1636,1350,1672,1363,1690,1394,1516,1384,1515,1418,1514,1451,1513,1487,1440,1524,1467,1535,1495,1546,1522,1545,1548,1542,1349,1362,1380,1348,1413,1354,1437,1385,1405,1382,1372,1374,1564,1410,1591,1390,1622,1394,1643,1419,1619,1422,1589,1418,1374,1607,1416,1586,1461,1581,1488,1593,1515,1590,1544,1606,1563,1639,1532,1657,1501,1665,1472,1663,1443,1656,1405,1636,1390,1609,1456,1606,1484,1612,1510,1615,1549,1635,1507,1633,1480,1631,1452,1625
2830,h,1,1,1236,1176,1771,1711,94.33333333333333,1206,1366,1197,1435,1195,1504,1203,1571,1231,1632,1276,1682,1330,1718,1381,1751,1438,1770,1493,1769,1540,1741,1585,1707,1624,1660,1653,1608,1675,1553,1689,1496,1695,1440,1303,1326,1345,1302,1397,1301,1447,1315,1493,1335,1554,1354,1593,1352,1634,1354,1670,1368,1687,1401,1515,1385,1513,1420,1513,1453,1511,1488,1439,1525,1466,1536,1494,1547,1522,1546,1548,1543,1348,1364,1379,1350,1412,1357,1436,1387,1404,1384,1371,1377,1563,1411,1590,1393,1621,1398,1643,1422,1618,1425,1588,1420,1377,1608,1418,1587,1461,1583,1488,1595,1515,1592,1542,1608,1560,1640,1531,1658,1501,1666,1472,1664,1443,1656,1407,1638,1392,1609,1456,1606,1484,1613,1510,1615,1547,1636,1507,1635,1480,1633,1451,1626
2831,h,1,1,1236,1176,1771,1711,94.36666666666666,1207,1371,1199,1439,1196,1508,1202,1576,1228,1637,1274,1686,1327,1723,1381,1755,1440,1773,1497,1772,1547,1744,1592,1708,1629,1660,1656,1608,1677,1554,1691,1498,1697,1444,1303,1327,1344,1304,1395,1302,1445,1315,1492,1335,1555,1353,1595,1351,1635,1354,1671,1367,1690,1399,1516,1387,1514,1421,1513,1454,1511,1490,1439,1527,1466,1537,1494,1549,1522,1548,1548,1545,1349,1366,1379,1353,1412,1360,1436,1389,1404,1386,1372,1379,1564,1413,1592,1395,1622,1399,1644,1423,1620,1426,1590,1421,1376,1610,1418,1588,1461,1584,1488,1596,1515,1593,1543,1609,1562,1642,1532,1660,1501,1667,1472,1665,1443,1657,1407,1638,1392,1611,1456,1609,1484,1615,1511,1617,1548,1638,1508,1636,1480,1634,1451,1627
2832,h,1,1,1176,1236,1711,1771,94.4,1205,1374,1199,1443,1197,1514,1203,1582,1227,1645,1270,1694,1325,1730,1380,1760,1442,1777,1500,1773,1549,1746,1595,1711,1629,1665,1655,1613,1676,1558,1689,1503,1696,1449,1299,1330,1341,1303,1392,1301,1443,1316,1489,1336,1554,1352,1596,1350,1637,1352,1674,1367,1692,1400,1516,1389,1514,1423,1512,1456,1511,1491,1435,1527,1464,1539,1492,1549,1521,1549,1548,1546,1344,1367,1376,1355,1409,1362,1432,1390,1403,1387,1370,1380,1563,1415,1594,1397,1624,1402,1646,1425,1622,1427,1592,1423,1372,1610,1418,1589,1462,1584,1485,1596,1514,1593,1543,1610,1562,1642,1532,1658,1500,1665,1469,1662,1443,1655,1406,1638,1387,1611,1457,1608,1481,1615,1510,1617,1549,1638,1505,1636,1476,1634,1451,1628
2833,h,1,1,1176,1236,1711,1771,94.43333333333334,1205,1374,1199,1443,1197,1514,1203,1582,1227,1645,1270,1694,1325,1730,1380,1760,1442,1777,1500,1773,1549,1746,1595,1711,1629,1665,1655,1613,1676,1558,1689,1503,1696,1449,1299,1330,1341,1303,1392,1301,1443,1316,1489,1336,1554,1352,1596,1350,1637,1352,1674,1367,1692,1400,1516,1389,1514,1423,1512,1456,1511,1491,1435,1527,1464,1539,1492,1549,1521,1549,1548,1546,1344,1367,1376,1355,1409,1362,1432,1390,1403,1387,1370,1380,1563,1415,1594,1397,1624,1402,1646,1425,1622,1427,1592,1423,1372,1610,1418,1589,1462,1584,1485,1596,1514,1593,1543,1610,1562,1642,1532,1658,1500,1665,1469,1662,1443,1655,1406,1638,1387,1611,1457,1608,1481,1615,1510,1617,1549,1638,1505,1636,1476,1634,1451,1628
2834,h,1,1,1176,1236,1711,1771,94.46666666666667,1208,1369,1202,1440,1201,1511,1208,1580,1233,1642,1277,1690,1329,1726,1383,1756,1442,1773,1498,1770,1547,1742,1591,1707,1625,1661,1651,1608,1672,1554,1686,1499,1694,1445,1298,1329,1342,1303,1392,1301,1442,1314,1487,1334,1553,1348,1595,1348,1636,1351,1672,1366,1689,1401,1514,1389,1512,1423,1510,1455,1509,1491,1433,1529,1463,1538,1492,1548,1520,1548,1546,1546,1343,1368,1374,1356,1407,1363,1431,1391,1401,1388,1369,1381,1561,1416,1591,1397,1622,1402,1643,1424,1620,1426,1590,1423,1370,1610,1416,1589,1459,1585,1484,1596,1514,1594,1543,1611,1562,1643,1532,1657,1500,1664,1470,1661,1441,1654,1404,1637,1385,1610,1454,1607,1480,1614,1509,1616,1548,1637,1505,1636,1476,1633,1449,1627
2835,h,1,1,1176,1236,1711,1771,94.5,1205,1370,1198,1440,1196,1510,1201,1578,1223,1643,1265,1693,1319,1731,1375,1763,1437,1781,1497,1777,1548,1748,1594,1709,1629,1660,1654,1606,1674,1552,1687,1497,1694,1444,1299,1327,1343,1302,1394,1299,1445,1312,1490,1333,1552,1349,1595,1349,1635,1351,1672,1366,1689,1399,1515,1389,1513,1423,1511,1455,1509,1491,1433,1528,1463,1538,1492,1549,1520,1548,1546,1546,1344,1367,1376,1355,1408,1362,1432,1390,1402,1386,1370,1379,1562,1414,1592,1396,1622,1401,1643,1423,1620,1426,1590,1422,1368,1608,1415,1589,1460,1584,1484,1595,1513,1593,1542,1609,1561,1641,1531,1658,1499,1664,1468,1661,1441,1655,1403,1637,1383,1609,1455,1609,1480,1616,1508,1618,1548,1637,1504,1635,1475,1632,1449,1627
2836,h,1,1,1176,1236,1711,1771,94.53333333333333,1206,1370,1198,1441,1196,1512,1201,1581,1224,1644,1268,1694,1323,1731,1380,1762,1442,1780,1501,1775,1551,1747,1596,1709,1630,1661,1655,1607,1675,1553,1689,1498,1696,1445,1301,1324,1345,1301,1394,1301,1443,1316,1487,1337,1554,1355,1594,1352,1634,1353,1670,1365,1690,1395,1514,1391,1512,1424,1511,1456,1509,1492,1433,1528,1463,1539,1491,1551,1520,1550,1546,1547,1343,1367,1375,1355,1407,1362,1430,1390,1400,1386,1369,1379,1562,1415,1592,1397,1622,1402,1643,1423,1620,1426,1590,1423,1368,1608,1414,1589,1458,1585,1483,1596,1514,1594,1542,1611,1562,1642,1532,1660,1500,1666,1469,1663,1441,1655,1402,1638,1383,1609,1454,1610,1479,1616,1509,1619,1548,1639,1505,1636,1475,1633,1448,1627
2837,h,1,1,1176,1236,1711,1771,94.56666666666666,1206,1370,1198,1441,1196,1512,1201,1581,1224,1644,1268,1694,1323,1731,1380,1762,1442,1780,1501,1775,1551,1747,1596,1709,1630,1661,1655,1607,1675,1553,1689,1498,1696,1445,1301,1324,1345,1301,1394,1301,1443,1316,1487,1337,1554,1355,1594,1352,1634,1353,1670,1365,1690,1395,1514,1391,1512,1424,1511,1456,1509,1492,1433,1528,1463,1539,1491,1551,1520,1550,1546,1547,1343,1367,1375,1355,1407,1362,1430,1390,1400,1386,1369,1379,1562,1415,1592,1397,1622,1402,1643,1423,1620,1426,1590,1423,1368,1608,1414,1589,1458,1585,1483,1596,1514,1594,1542,1611,1562,1642,1532,1660,1500,1666,1469,1663,1441,1655,1402,1638,1383,1609,1454,1610,1479,1616,1509,1619,1548,1639,1505,1636,1475,1633,1448,1627
2838,h,1,1,1176,1236,1711,1771,94.6,1209,1369,1202,1440,1201,1512,1207,1580,1229,1643,1273,1693,1326,1729,1380,1760,1441,1779,1499,1775,1548,1746,1594,1710,1629,1663,1654,1609,1674,1554,1688,1499,1696,1445,1297,1330,1340,1304,1391,1303,1441,1317,1487,1337,1552,1355,1596,1353,1637,1355,1675,1369,1695,1403,1513,1390,1511,1425,1509,1457,1508,1493,1433,1529,1462,1539,1490,1550,1519,1549,1546,1547,1342,1368,1374,1355,1407,1362,1430,1391,1401,1387,1368,1380,1562,1416,1591,1397,1622,1402,1644,1424,1621,1427,1591,1423,1368,1610,1413,1589,1457,1585,1483,1596,1514,1594,1543,1611,1563,1643,1533,1659,1500,1666,1468,1663,1438,1656,1401,1638,1384,1611,1452,1609,1479,1616,1509,1618,1549,1639,1505,1636,1475,1634,1447,1627
2839,h,1,1,1176,1236,1711,1771,94.63333333333334,1209,1368,1201,1439,1198,1511,1204,1580,1227,1642,1271,1691,1323,1728,1377,1759,1437,1777,1495,1773,1545,1746,1591,1710,1627,1662,1653,1608,1673,1553,1686,1496,1693,1441,1299,1327,1341,1304,1392,1303,1442,1318,1486,1339,1553,1356,1594,1352,1635,1353,1672,1367,1691,1399,1513,1392,1511,1426,1510,1458,1508,1494,1432,1530,1462,1541,1491,1552,1519,1551,1544,1548,1342,1368,1374,1357,1406,1364,1430,1392,1400,1388,1368,1381,1561,1416,1589,1398,1620,1403,1641,1424,1619,1427,1589,1423,1368,1612,1413,1591,1457,1587,1482,1598,1512,1596,1541,1613,1561,1645,1531,1659,1498,1665,1467,1662,1438,1655,1402,1638,1383,1613,1452,1612,1478,1618,1508,1621,1547,1640,1504,1635,1473,1633,1447,1627
2840,h,1,1,1176,1236,1711,1771,94.66666666666667,1209,1368,1201,1439,1198,1511,1204,1580,1227,1642,1271,1691,1323,1728,1377,1759,1437,1777,1495,1773,1545,1746,1591,1710,1627,1662,1653,1608,1673,1553,1686,1496,1693,1441,1299,1327,1341,1304,1392,1303,1442,1318,1486,1339,1553,1356,1594,1352,1635,1353,1672,1367,1691,1399,1513,1392,1511,1426,1510,1458,1508,1494,1432,1530,1462,1541,1491,1552,1519,1551,1544,1548,1342,1368,1374,1357,1406,1364,1430,1392,1400,1388,1368,1381,1561,1416,1589,1398,1620,1403,1641,1424,1619,1427,1589,1423,1368,1612,1413,1591,1457,1587,1482,1598,1512,1596,1541,1613,1561,1645,1531,1659,1498,1665,1467,1662,1438,1655,1402,1638,1383,1613,1452,1612,1478,1618,1508,1621,1547,1640,1504,1635,1473,1633,1447,1627
2841,h,1,1,1176,1236,1711,1771,94.7,1208,1364,1198,1435,1194,1507,1198,1577,1222,1641,1266,1692,1319,1732,1375,1765,1436,1783,1495,1780,1545,1751,1591,1714,1627,1664,1654,1609,1673,1553,1686,1496,1692,1441,1300,1328,1342,1305,1392,1304,1441,1319,1485,1339,1550,1357,1591,1354,1631,1355,1668,1368,1687,1399,1511,1392,1508,1427,1506,1460,1505,1496,1430,1532,1459,1543,1488,1554,1517,1553,1543,1550,1344,1368,1375,1359,1406,1366,1430,1392,1400,1388,1368,1381,1559,1416,1589,1399,1619,1404,1640,1424,1617,1427,1587,1423,1368,1610,1412,1591,1455,1588,1481,1599,1511,1597,1541,1613,1560,1644,1530,1659,1497,1665,1465,1663,1437,1655,1401,1638,1383,1611,1450,1612,1477,1619,1507,1621,1546,1639,1503,1636,1472,1633,1445,1627
2842,h,1,1,1176,1236,1711,1771,94.73333333333333,1209,1371,1201,1441,1199,1512,1204,1579,1229,1642,1271,1691,1322,1730,1375,1761,1434,1778,1491,1776,1542,1751,1588,1715,1625,1668,1652,1615,1673,1560,1686,1504,1693,1450,1300,1327,1342,1305,1392,1305,1440,1319,1484,1339,1551,1357,1592,1353,1631,1354,1668,1368,1687,1398,1510,1392,1508,1427,1507,1460,1505,1497,1429,1532,1459,1542,1487,1554,1516,1553,1542,1551,1343,1370,1374,1359,1406,1366,1430,1394,1400,1390,1368,1383,1558,1418,1589,1400,1619,1405,1640,1426,1617,1429,1587,1426,1366,1611,1411,1592,1453,1589,1479,1599,1510,1598,1539,1613,1560,1643,1528,1657,1495,1663,1463,1660,1435,1653,1399,1637,1381,1612,1448,1612,1475,1618,1505,1621,1546,1639,1501,1636,1470,1633,1443,1627
2843,h,1,1,1176,1236,1711,1771,94.76666666666667,1206,1372,1200,1442,1199,1513,1203,1581,1226,1645,1268,1694,1321,1731,1375,1761,1435,1779,1492,1777,1543,1752,1590,1716,1625,1667,1651,1613,1672,1558,1686,1502,1693,1448,1293,1328,1337,1304,1388,1304,1438,1318,1483,1338,1548,1356,1589,1353,1631,1354,1669,1367,1689,1400,1508,1391,1506,1426,1504,1459,1502,1495,1429,1532,1458,1542,1486,1552,1514,1552,1540,1551,1339,1370,1371,1359,1403,1366,1427,1393,1397,1389,1365,1382,1557,1417,1587,1399,1618,1405,1640,1426,1616,1429,1586,1425,1366,1610,1411,1592,1453,1588,1479,1600,1509,1597,1539,1613,1559,1644,1528,1659,1495,1664,1464,1661,1436,1654,1399,1637,1381,1612,1449,1611,1475,1618,1505,1620,1545,1639,1501,1636,1471,1634,1444,1627
2844,h,1,1,1176,1236,1711,1771,94.8,1206,1372,1200,1442,1199,1513,1203,1581,1226,1645,1268,1694,1321,1731,1375,1761,1435,1779,1492,1777,1543,1752,1590,1716,1625,1667,1651,1613,1672,1558,1686,1502,1693,1448,1293,1328,1337,1304,1388,1304,1438,1318,1483,1338,1548,1356,1589,1353,1631,1354,1669,1367,1689,1400,1508,1391,1506,1426,1504,1459,1502,1495,1429,1532,1458,1542,1486,1552,1514,1552,1540,1551,1339,1370,1371,1359,1403,1366,1427,1393,1397,1389,1365,1382,1557,1417,1587,1399,1618,1405,1640,1426,1616,1429,1586,1425,1366,1610,1411,1592,1453,1588,1479,1600,1509,1597,1539,1613,1559,1644,1528,1659,1495,1664,1464,1661,1436,1654,1399,1637,1381,1612,1449,1611,1475,1618,1505,1620,1545,1639,1501,1636,1471,1634,1444,1627
2845,h,1,1,1176,1236,1711,1771,94.83333333333333,1202,1375,1196,1444,1194,1514,1199,1582,1221,1645,1264,1696,1317,1734,1374,1765,1435,1784,1494,1779,1544,1751,1591,1713,1625,1665,1650,1611,1671,1556,1686,1501,1694,1448,1292,1329,1335,1304,1386,1303,1437,1316,1483,1336,1548,1353,1591,1351,1632,1353,1670,1368,1689,1401,1509,1391,1507,1425,1506,1458,1505,1493,1429,1532,1459,1542,1488,1553,1516,1552,1542,1550,1337,1369,1368,1357,1401,1364,1425,1393,1395,1389,1363,1382,1557,1417,1587,1397,1618,1402,1640,1425,1616,1428,1586,1424,1364,1612,1411,1591,1454,1587,1479,1599,1509,1597,1539,1614,1559,1645,1528,1661,1495,1668,1464,1665,1436,1657,1399,1640,1379,1613,1449,1611,1475,1618,1505,1621,1545,1640,1501,1639,1470,1636,1444,1630
2846,h,1,1,1176,1236,1711,1771,94.86666666666666,1202,1369,1193,1440,1191,1512,1197,1581,1221,1646,1264,1699,1318,1740,1373,1774,1435,1792,1495,1786,1543,1754,1588,1714,1622,1663,1649,1608,1671,1553,1686,1497,1692,1443,1292,1330,1335,1304,1386,1303,1437,1317,1483,1337,1546,1354,1589,1352,1631,1354,1668,1368,1687,1400,1509,1389,1506,1424,1505,1456,1504,1492,1428,1531,1457,1542,1486,1552,1514,1551,1541,1549,1337,1368,1368,1356,1401,1363,1425,1391,1395,1387,1363,1381,1557,1415,1587,1396,1618,1401,1640,1423,1616,1426,1586,1422,1365,1617,1409,1592,1453,1587,1478,1598,1508,1595,1537,1613,1554,1648,1526,1669,1494,1679,1463,1678,1435,1670,1397,1650,1380,1618,1448,1612,1474,1618,1504,1620,1541,1644,1500,1648,1469,1647,1443,1641
2847,h,1,1,1176,1236,1711,1771,94.9,1202,1377,1194,1446,1193,1517,1201,1586,1224,1650,1267,1703,1320,1744,1374,1779,1437,1796,1496,1791,1544,1758,1588,1717,1622,1665,1648,1609,1671,1554,1684,1498,1691,1444,1293,1329,1335,1304,1385,1302,1435,1315,1479,1337,1546,1352,1587,1349,1628,1350,1665,1364,1683,1395,1507,1389,1506,1424,1504,1457,1503,1493,1428,1531,1458,1541,1486,1553,1514,1551,1540,1548,1337,1368,1368,1356,1401,1363,1424,1391,1394,1387,1362,1381,1557,1414,1587,1395,1617,1400,1638,1422,1616,1426,1586,1422,1366,1619,1409,1593,1454,1587,1478,1599,1508,1596,1538,1614,1554,1649,1526,1673,1493,1685,1462,1683,1435,1676,1397,1655,1381,1620,1449,1613,1474,1620,1503,1622,1540,1645,1499,1654,1469,1653,1443,1646
2848,h,1,1,1176,1236,1711,1771,94.93333333333334,1202,1377,1194,1446,1193,1517,1201,1586,1224,1650,1267,1703,1320,1744,1374,1779,1437,1796,1496,1791,1544,1758,1588,1717,1622,1665,1648,1609,1671,1554,1684,1498,1691,1444,1293,1329,1335,1304,1385,1302,1435,1315,1479,1337,1546,1352,1587,1349,1628,1350,1665,1364,1683,1395,1507,1389,1506,1424,1504,1457,1503,1493,1428,1531,1458,1541,1486,1553,1514,1551,1540,1548,1337,1368,1368,1356,1401,1363,1424,1391,1394,1387,1362,1381,1557,1414,1587,1395,1617,1400,1638,1422,1616,1426,1586,1422,1366,1619,1409,1593,1454,1587,1478,1599,1508,1596,1538,1614,1554,1649,1526,1673,1493,1685,1462,1683,1435,1676,1397,1655,1381,1620,1449,1613,1474,1620,1503,1622,1540,1645,1499,1654,1469,1653,1443,1646
2849,h,1,1,1176,1236,1711,1771,94.96666666666667,1197,1371,1190,1442,1189,1514,1196,1583,1220,1648,1263,1700,1316,1742,1370,1777,1434,1796,1493,1790,1541,1758,1587,1715,1623,1664,1649,1609,1673,1553,1687,1497,1695,1441,1289,1328,1334,1303,1385,1302,1436,1315,1482,1337,1545,1352,1588,1349,1629,1351,1667,1364,1687,1396,1506,1388,1504,1423,1503,1456,1501,1493,1427,1531,1456,1541,1484,1552,1512,1551,1538,1549,1334,1369,1366,1355,1399,1362,1423,1390,1393,1387,1360,1381,1556,1414,1587,1395,1617,1399,1638,1422,1616,1426,1585,1422,1365,1619,1408,1592,1452,1586,1477,1598,1508,1596,1538,1613,1555,1650,1527,1673,1493,1685,1462,1683,1434,1675,1396,1654,1380,1620,1448,1612,1474,1618,1503,1620,1541,1645,1499,1653,1469,1651,1442,1645
2850,h,1,1,1176,1236,1711,1771,95.0,1200,1373,1193,1444,1190,1515,1196,1585,1219,1649,1262,1701,1315,1741,1370,1776,1433,1795,1494,1790,1542,1757,1589,1715,1624,1664,1650,1609,1673,1553,1687,1497,1694,1443,1292,1327,1335,1303,1384,1302,1435,1315,1479,1337,1545,1353,1587,1349,1629,1351,1666,1365,1686,1397,1505,1387,1503,1423,1501,1457,1499,1494,1427,1530,1455,1541,1483,1552,1511,1551,1537,1548,1334,1369,1366,1355,1399,1362,1423,1390,1393,1387,1361,1380,1555,1414,1586,1395,1617,1400,1638,1422,1615,1426,1584,1421,1362,1615,1406,1591,1451,1586,1477,1598,1508,1596,1538,1612,1557,1647,1527,1669,1493,1678,1461,1676,1433,1669,1394,1650,1377,1616,1447,1612,1473,1619,1503,1621,1543,1642,1499,1648,1468,1646,1441,1640
2851,h,1,1,1176,1236,1711,1771,95.03333333333333,1200,1373,1193,1444,1190,1515,1196,1585,1219,1649,1262,1701,1315,1741,1370,1776,1433,1795,1494,1790,1542,1757,1589,1715,1624,1664,1650,1609,1673,1553,1687,1497,1694,1443,1292,1327,1335,1303,1384,1302,1435,1315,1479,1337,1545,1353,1587,1349,1629,1351,1666,1365,1686,1397,1505,1387,1503,1423,1501,1457,1499,1494,1427,1530,1455,1541,1483,1552,1511,1551,1537,1548,1334,1369,1366,1355,1399,1362,1423,1390,1393,1387,1361,1380,1555,1414,1586,1395,1617,1400,1638,1422,1615,1426,1584,1421,1362,1615,1406,1591,1451,1586,1477,1598,1508,1596,1538,1612,1557,1647,1527,1669,1493,1678,1461,1676,1433,1669,1394,1650,1377,1616,1447,1612,1473,1619,1503,1621,1543,1642,1499,1648,1468,1646,1441,1640
2852,h,1,1,1176,1236,1711,1771,95.06666666666666,1201,1373,1194,1442,1193,1512,1199,1579,1220,1643,1260,1695,1312,1735,1368,1767,1430,1786,1490,1783,1541,1754,1588,1715,1623,1664,1648,1609,1670,1553,1685,1497,1693,1444,1291,1328,1334,1303,1385,1303,1435,1316,1480,1336,1546,1354,1588,1350,1629,1352,1666,1364,1685,1395,1507,1389,1505,1423,1504,1456,1502,1492,1428,1530,1457,1540,1485,1551,1513,1551,1539,1548,1336,1368,1368,1356,1401,1363,1425,1391,1394,1387,1362,1381,1556,1415,1587,1396,1618,1401,1639,1423,1616,1427,1586,1423,1364,1611,1409,1591,1453,1587,1477,1599,1507,1596,1536,1612,1555,1643,1525,1662,1492,1668,1462,1666,1434,1658,1397,1641,1379,1612,1448,1613,1473,1619,1503,1621,1542,1639,1498,1639,1468,1636,1443,1630
2853,h,1,1,1176,1236,1711,1771,95.1,1197,1369,1190,1440,1188,1512,1194,1580,1216,1645,1259,1696,1314,1734,1371,1765,1435,1783,1496,1777,1547,1749,1593,1710,1628,1661,1652,1606,1671,1551,1683,1495,1691,1443,1288,1331,1331,1304,1383,1301,1435,1314,1482,1336,1545,1351,1588,1348,1630,1351,1668,1365,1686,1398,1506,1386,1504,1422,1503,1456,1502,1493,1426,1529,1456,1540,1484,1551,1513,1550,1540,1547,1336,1366,1367,1354,1399,1361,1423,1390,1393,1385,1361,1378,1555,1413,1585,1394,1615,1399,1637,1421,1613,1424,1584,1420,1361,1609,1407,1589,1451,1585,1476,1597,1506,1594,1537,1612,1560,1643,1526,1661,1492,1666,1460,1663,1432,1656,1395,1637,1377,1610,1447,1609,1472,1616,1502,1618,1545,1639,1498,1637,1467,1634,1441,1628
2854,h,1,1,1176,1236,1711,1771,95.13333333333334,1198,1369,1191,1440,1190,1511,1196,1580,1218,1643,1261,1693,1315,1730,1371,1761,1433,1778,1492,1774,1543,1746,1589,1710,1623,1661,1648,1608,1668,1552,1681,1496,1689,1441,1287,1330,1331,1303,1383,1300,1435,1313,1481,1335,1544,1351,1586,1348,1628,1350,1665,1365,1683,1398,1506,1385,1504,1421,1503,1454,1502,1491,1427,1527,1457,1538,1485,1549,1513,1547,1539,1544,1335,1365,1367,1353,1399,1360,1423,1388,1393,1384,1361,1377,1555,1411,1585,1393,1614,1398,1636,1420,1613,1423,1584,1419,1362,1609,1409,1588,1453,1583,1478,1595,1508,1592,1538,1610,1558,1642,1526,1659,1493,1665,1462,1662,1435,1655,1398,1637,1378,1610,1449,1608,1474,1614,1504,1617,1544,1638,1499,1635,1469,1632,1443,1626
2855,h,1,1,1176,1236,1711,1771,95.16666666666667,1198,1369,1191,1440,1190,1511,1196,1580,1218,1643,1261,1693,1315,1730,1371,1761,1433,1778,1492,1774,1543,1746,1589,1710,1623,1661,1648,1608,1668,1552,1681,1496,1689,1441,1287,1330,1331,1303,1383,1300,1435,1313,1481,1335,1544,1351,1586,1348,1628,1350,1665,1365,1683,1398,1506,1385,1504,1421,1503,1454,1502,1491,1427,1527,1457,1538,1485,1549,1513,1547,1539,1544,1335,1365,1367,1353,1399,1360,1423,1388,1393,1384,1361,1377,1555,1411,1585,1393,1614,1398,1636,1420,1613,1423,1584,1419,1362,1609,1409,1588,1453,1583,1478,1595,1508,1592,1538,1610,1558,1642,1526,1659,1493,1665,1462,1662,1435,1655,1398,1637,1378,1610,1449,1608,1474,1614,1504,1617,1544,1638,1499,1635,1469,1632,1443,1626
2856,h,1,1,1176,1236,1711,1771,95.2,1198,1369,1191,1440,1190,1510,1196,1579,1218,1643,1263,1693,1318,1732,1374,1764,1438,1781,1497,1776,1547,1747,1593,1709,1627,1659,1651,1604,1671,1549,1683,1493,1689,1439,1288,1329,1331,1302,1382,1299,1434,1312,1480,1333,1543,1349,1586,1347,1628,1350,1665,1363,1686,1395,1505,1385,1503,1420,1502,1453,1501,1490,1426,1527,1456,1538,1484,1549,1513,1547,1539,1545,1334,1365,1366,1354,1399,1360,1423,1388,1393,1383,1361,1377,1555,1412,1585,1394,1616,1399,1637,1420,1614,1423,1584,1418,1363,1606,1407,1586,1451,1582,1476,1594,1505,1592,1536,1609,1558,1640,1525,1658,1492,1663,1461,1660,1433,1652,1396,1635,1378,1607,1446,1607,1472,1614,1501,1616,1544,1636,1497,1634,1468,1631,1441,1624
2857,h,1,1,1176,1236,1711,1771,95.23333333333333,1200,1368,1192,1437,1191,1508,1195,1576,1216,1642,1257,1695,1309,1736,1364,1769,1428,1788,1489,1787,1540,1758,1586,1718,1621,1666,1647,1611,1668,1554,1681,1496,1688,1441,1289,1328,1332,1303,1383,1300,1434,1313,1481,1333,1545,1350,1588,1347,1629,1350,1666,1365,1685,1398,1506,1385,1504,1420,1502,1454,1501,1491,1425,1526,1454,1538,1484,1549,1512,1548,1539,1545,1336,1366,1367,1355,1399,1361,1423,1387,1393,1383,1362,1377,1555,1411,1585,1395,1615,1400,1636,1421,1613,1424,1584,1419,1358,1605,1405,1585,1450,1582,1475,1594,1505,1592,1536,1608,1559,1640,1525,1657,1491,1663,1459,1660,1431,1652,1393,1634,1374,1606,1445,1607,1471,1615,1502,1617,1545,1636,1497,1632,1466,1630,1439,1623
2858,h,1,1,1176,1236,1711,1771,95.26666666666667,1196,1371,1189,1441,1187,1511,1194,1579,1216,1643,1260,1695,1316,1736,1373,1768,1435,1785,1492,1780,1540,1751,1586,1714,1621,1663,1645,1609,1663,1553,1674,1497,1680,1444,1291,1332,1333,1303,1385,1300,1437,1313,1483,1335,1542,1350,1583,1347,1623,1350,1658,1365,1674,1399,1507,1385,1505,1420,1504,1454,1503,1491,1426,1525,1455,1537,1485,1548,1514,1546,1539,1543,1339,1366,1371,1355,1403,1361,1426,1387,1397,1384,1366,1377,1552,1411,1583,1395,1611,1401,1631,1421,1609,1424,1581,1419,1362,1605,1408,1585,1452,1581,1476,1593,1507,1591,1537,1608,1558,1639,1526,1656,1492,1661,1461,1658,1434,1651,1397,1634,1379,1606,1447,1605,1473,1612,1503,1614,1545,1635,1499,1633,1468,1630,1442,1624
2859,h,1,1,1176,1236,1711,1771,95.3,1196,1371,1189,1441,1187,1511,1194,1579,1216,1643,1260,1695,1316,1736,1373,1768,1435,1785,1492,1780,1540,1751,1586,1714,1621,1663,1645,1609,1663,1553,1674,1497,1680,1444,1291,1332,1333,1303,1385,1300,1437,1313,1483,1335,1542,1350,1583,1347,1623,1350,1658,1365,1674,1399,1507,1385,1505,1420,1504,1454,1503,1491,1426,1525,1455,1537,1485,1548,1514,1546,1539,1543,1339,1366,1371,1355,1403,1361,1426,1387,1397,1384,1366,1377,1552,1411,1583,1395,1611,1401,1631,1421,1609,1424,1581,1419,1362,1605,1408,1585,1452,1581,1476,1593,1507,1591,1537,1608,1558,1639,1526,1656,1492,1661,1461,1658,1434,1651,1397,1634,1379,1606,1447,1605,1473,1612,1503,1614,1545,1635,1499,1633,1468,1630,1442,1624
2860,h,1,1,1176,1236,1711,1771,95.33333333333333,1201,1365,1192,1436,1189,1506,1194,1575,1215,1640,1258,1692,1312,1732,1368,1765,1431,1783,1491,1780,1541,1750,1587,1711,1623,1660,1648,1606,1669,1550,1681,1493,1688,1437,1291,1330,1334,1303,1386,1301,1438,1314,1485,1335,1541,1351,1585,1349,1626,1350,1663,1365,1682,1398,1506,1385,1504,1420,1502,1453,1501,1490,1425,1526,1455,1537,1484,1548,1513,1547,1539,1544,1340,1368,1372,1357,1404,1363,1427,1389,1398,1385,1366,1378,1552,1413,1584,1397,1613,1402,1633,1423,1610,1425,1581,1420,1360,1606,1407,1586,1452,1582,1476,1594,1506,1592,1537,1608,1559,1640,1525,1656,1492,1661,1461,1658,1433,1651,1395,1633,1376,1607,1447,1606,1473,1613,1502,1615,1545,1635,1498,1633,1468,1630,1442,1623
2861,h,1,1,1176,1236,1711,1771,95.36666666666666,1201,1368,1193,1439,1190,1510,1195,1579,1217,1643,1261,1695,1315,1735,1371,1769,1434,1788,1494,1784,1544,1755,1589,1714,1623,1662,1648,1606,1669,1549,1681,1491,1687,1435,1290,1327,1332,1302,1383,1301,1433,1314,1479,1335,1542,1350,1585,1347,1626,1349,1662,1364,1682,1396,1505,1385,1503,1420,1502,1454,1501,1491,1425,1527,1455,1538,1484,1549,1513,1548,1539,1545,1337,1367,1368,1359,1399,1365,1423,1388,1393,1383,1363,1377,1553,1412,1584,1398,1612,1404,1633,1422,1609,1423,1582,1418,1360,1605,1406,1585,1450,1582,1476,1593,1507,1591,1537,1608,1560,1639,1526,1656,1493,1662,1461,1659,1432,1651,1394,1633,1376,1606,1446,1607,1472,1614,1503,1616,1545,1635,1498,1633,1468,1629,1441,1623
2862,h,1,1,1176,1236,1711,1771,95.4,1195,1371,1188,1441,1187,1511,1193,1578,1215,1643,1259,1695,1313,1734,1370,1765,1432,1782,1490,1778,1540,1751,1586,1714,1620,1664,1645,1610,1663,1553,1675,1497,1682,1442,1290,1329,1332,1303,1384,1300,1435,1314,1480,1335,1542,1350,1583,1346,1624,1348,1661,1363,1677,1398,1504,1385,1503,1421,1501,1454,1500,1491,1424,1527,1453,1538,1483,1549,1512,1547,1538,1545,1333,1367,1365,1359,1396,1365,1420,1389,1391,1384,1360,1378,1554,1411,1584,1398,1612,1403,1633,1422,1610,1423,1582,1419,1359,1608,1406,1587,1450,1583,1475,1594,1506,1592,1537,1609,1559,1640,1526,1656,1493,1662,1461,1660,1433,1652,1395,1635,1375,1609,1445,1608,1472,1614,1502,1616,1545,1636,1499,1634,1468,1631,1441,1625
2863,h,1,1,1176,1236,1711,1771,95.43333333333334,1195,1371,1188,1441,1187,1511,1193,1578,1215,1643,1259,1695,1313,1734,1370,1765,1432,1782,1490,1778,1540,1751,1586,1714,1620,1664,1645,1610,1663,1553,1675,1497,1682,1442,1290,1329,1332,1303,1384,1300,1435,1314,1480,1335,1542,1350,1583,1346,1624,1348,1661,1363,1677,1398,1504,1385,1503,1421,1501,1454,1500,1491,1424,1527,1453,1538,1483,1549,1512,1547,1538,1545,1333,1367,1365,1359,1396,1365,1420,1389,1391,1384,1360,1378,1554,1411,1584,1398,1612,1403,1633,1422,1610,1423,1582,1419,1359,1608,1406,1587,1450,1583,1475,1594,1506,1592,1537,1609,1559,1640,1526,1656,1493,1662,1461,1660,1433,1652,1395,1635,1375,1609,1445,1608,1472,1614,1502,1616,1545,1636,1499,1634,1468,1631,1441,1625
2864,h,1,1,1176,1236,1711,1771,95.46666666666667,1199,1370,1191,1441,1189,1511,1194,1580,1215,1644,1258,1696,1312,1735,1369,1767,1432,1786,1492,1782,1541,1752,1586,1715,1621,1665,1645,1611,1664,1555,1677,1500,1684,1445,1289,1330,1332,1304,1382,1302,1433,1316,1478,1338,1544,1354,1585,1350,1626,1352,1663,1365,1681,1398,1504,1386,1502,1421,1500,1455,1499,1492,1423,1528,1453,1539,1482,1550,1510,1549,1537,1546,1334,1367,1366,1358,1397,1364,1420,1388,1391,1384,1361,1377,1554,1411,1585,1397,1613,1402,1634,1421,1610,1423,1582,1418,1359,1609,1403,1587,1447,1583,1473,1595,1505,1592,1535,1609,1558,1641,1525,1657,1492,1662,1459,1660,1430,1653,1393,1635,1374,1610,1442,1609,1469,1616,1501,1618,1544,1636,1497,1633,1466,1630,1438,1624
2865,h,1,1,1176,1236,1711,1771,95.5,1201,1364,1194,1436,1192,1507,1197,1575,1217,1639,1258,1692,1310,1733,1365,1767,1428,1787,1489,1783,1540,1752,1585,1712,1620,1661,1644,1606,1664,1550,1678,1493,1685,1437,1289,1329,1330,1303,1380,1300,1430,1313,1476,1333,1542,1348,1586,1347,1626,1349,1664,1363,1682,1396,1501,1384,1499,1420,1497,1454,1495,1491,1421,1528,1450,1538,1479,1549,1508,1548,1535,1545,1334,1367,1365,1356,1396,1363,1420,1388,1391,1383,1360,1377,1552,1411,1583,1395,1612,1400,1633,1420,1610,1422,1581,1417,1358,1605,1403,1587,1447,1584,1472,1594,1503,1592,1534,1608,1557,1639,1524,1657,1489,1663,1458,1661,1430,1653,1392,1636,1374,1607,1443,1608,1469,1615,1499,1617,1543,1635,1495,1633,1464,1631,1438,1624
2866,h,1,1,1176,1236,1711,1771,95.53333333333333,1200,1366,1192,1437,1190,1509,1195,1578,1218,1642,1262,1693,1315,1732,1370,1765,1433,1783,1491,1778,1541,1748,1587,1709,1622,1661,1648,1607,1668,1550,1680,1493,1686,1437,1286,1330,1328,1305,1378,1303,1428,1317,1473,1339,1541,1352,1582,1349,1623,1350,1660,1363,1679,1395,1501,1386,1499,1422,1497,1455,1496,1492,1422,1528,1451,1539,1480,1551,1509,1549,1535,1546,1332,1368,1363,1358,1395,1364,1419,1390,1390,1385,1358,1379,1552,1412,1581,1396,1611,1401,1633,1421,1609,1423,1580,1419,1359,1607,1404,1587,1448,1584,1473,1595,1504,1593,1534,1609,1557,1641,1524,1659,1491,1665,1459,1663,1431,1655,1393,1638,1375,1609,1444,1609,1470,1615,1500,1618,1542,1637,1496,1634,1466,1632,1439,1625
2867,h,1,1,1176,1236,1711,1771,95.56666666666666,1200,1366,1192,1437,1190,1509,1195,1578,1218,1642,1262,1693,1315,1732,1370,1765,1433,1783,1491,1778,1541,1748,1587,1709,1622,1661,1648,1607,1668,1550,1680,1493,1686,1437,1286,1330,1328,1305,1378,1303,1428,1317,1473,1339,1541,1352,1582,1349,1623,1350,1660,1363,1679,1395,1501,1386,1499,1422,1497,1455,1496,1492,1422,1528,1451,1539,1480,1551,1509,1549,1535,1546,1332,1368,1363,1358,1395,1364,1419,1390,1390,1385,1358,1379,1552,1412,1581,1396,1611,1401,1633,1421,1609,1423,1580,1419,1359,1607,1404,1587,1448,1584,1473,1595,1504,1593,1534,1609,1557,1641,1524,1659,1491,1665,1459,1663,1431,1655,1393,1638,1375,1609,1444,1609,1470,1615,1500,1618,1542,1637,1496,1634,1466,1632,1439,1625
2868,h,1,1,1176,1236,1711,1771,95.6,1199,1364,1189,1435,1187,1505,1192,1575,1215,1639,1257,1689,1311,1728,1367,1760,1430,1778,1489,1774,1538,1746,1584,1710,1620,1663,1646,1610,1668,1554,1681,1496,1688,1440,1286,1327,1330,1302,1381,1300,1431,1314,1477,1333,1540,1349,1583,1347,1625,1349,1663,1363,1682,1395,1503,1387,1500,1421,1498,1454,1496,1489,1420,1528,1450,1538,1480,1549,1508,1548,1535,1546,1331,1367,1363,1357,1396,1363,1421,1390,1390,1386,1358,1379,1551,1413,1581,1396,1612,1401,1633,1421,1610,1424,1580,1420,1358,1609,1401,1588,1446,1584,1471,1594,1501,1592,1532,1609,1556,1640,1523,1656,1489,1662,1458,1660,1429,1653,1391,1636,1374,1610,1441,1608,1467,1615,1497,1617,1542,1636,1495,1632,1464,1629,1437,1623
2869,h,1,1,1176,1236,1711,1771,95.63333333333334,1198,1370,1191,1439,1188,1508,1193,1576,1214,1640,1256,1693,1308,1732,1364,1765,1427,1785,1487,1783,1538,1755,1584,1716,1619,1667,1647,1614,1668,1557,1681,1499,1689,1443,1284,1331,1326,1304,1378,1301,1429,1314,1476,1335,1539,1350,1583,1348,1625,1351,1663,1366,1682,1400,1501,1385,1499,1421,1497,1455,1495,1492,1419,1528,1449,1539,1479,1550,1509,1549,1536,1546,1331,1366,1362,1356,1394,1362,1418,1388,1388,1383,1357,1376,1551,1411,1582,1395,1612,1400,1633,1420,1609,1422,1580,1417,1357,1607,1401,1587,1446,1583,1472,1595,1504,1592,1534,1608,1557,1639,1524,1654,1490,1661,1457,1658,1428,1651,1391,1633,1373,1608,1441,1608,1468,1615,1500,1617,1544,1634,1495,1631,1464,1629,1436,1622
2870,h,1,1,1176,1236,1711,1771,95.66666666666667,1198,1370,1191,1439,1188,1508,1193,1576,1214,1640,1256,1693,1308,1732,1364,1765,1427,1785,1487,1783,1538,1755,1584,1716,1619,1667,1647,1614,1668,1557,1681,1499,1689,1443,1284,1331,1326,1304,1378,1301,1429,1314,1476,1335,1539,1350,1583,1348,1625,1351,1663,1366,1682,1400,1501,1385,1499,1421,1497,1455,1495,1492,1419,1528,1449,1539,1479,1550,1509,1549,1536,1546,1331,1366,1362,1356,1394,1362,1418,1388,1388,1383,1357,1376,1551,1411,1582,1395,1612,1400,1633,1420,1609,1422,1580,1417,1357,1607,1401,1587,1446,1583,1472,1595,1504,1592,1534,1608,1557,1639,1524,1654,1490,1661,1457,1658,1428,1651,1391,1633,1373,1608,1441,1608,1468,1615,1500,1617,1544,1634,1495,1631,1464,1629,1436,1622
2871,h,1,1,1176,1236,1711,1771,95.7,1197,1371,1190,1442,1188,1512,1194,1582,1217,1645,1260,1697,1314,1735,1370,1764,1435,1781,1495,1777,1545,1749,1589,1710,1622,1661,1646,1607,1666,1551,1679,1495,1685,1440,1285,1329,1328,1303,1379,1301,1429,1314,1475,1335,1539,1350,1582,1347,1623,1349,1661,1363,1681,1396,1502,1385,1500,1420,1498,1454,1497,1490,1420,1528,1450,1539,1480,1550,1509,1549,1536,1546,1329,1366,1362,1355,1395,1361,1419,1388,1388,1384,1356,1377,1550,1412,1582,1395,1613,1400,1634,1421,1610,1424,1580,1419,1357,1607,1402,1586,1446,1583,1472,1595,1503,1593,1533,1608,1557,1639,1523,1656,1489,1662,1457,1659,1428,1652,1390,1635,1373,1608,1441,1608,1468,1615,1499,1617,1542,1635,1495,1632,1464,1629,1436,1622
2872,h,1,1,1176,1236,1711,1771,95.73333333333333,1192,1373,1185,1442,1184,1511,1190,1578,1212,1642,1256,1694,1310,1733,1367,1765,1430,1782,1490,1779,1540,1750,1585,1712,1619,1662,1644,1608,1663,1552,1674,1496,1680,1442,1283,1332,1325,1303,1377,1300,1430,1313,1476,1335,1536,1349,1578,1345,1620,1348,1657,1363,1673,1398,1501,1384,1499,1420,1499,1453,1498,1490,1420,1526,1451,1538,1481,1549,1509,1548,1536,1545,1330,1366,1362,1354,1394,1360,1417,1387,1388,1383,1356,1377,1550,1410,1581,1392,1610,1397,1631,1418,1608,1421,1579,1417,1356,1608,1402,1586,1446,1582,1472,1594,1503,1592,1534,1608,1556,1639,1523,1654,1490,1660,1458,1658,1429,1651,1391,1634,1372,1608,1442,1608,1469,1615,1499,1617,1542,1635,1495,1631,1464,1629,1437,1623
2873,h,1,1,1176,1236,1711,1771,95.76666666666667,1199,1372,1191,1441,1188,1510,1194,1577,1214,1640,1257,1692,1310,1731,1366,1763,1428,1780,1488,1777,1538,1750,1584,1713,1619,1664,1644,1611,1663,1554,1675,1498,1683,1444,1285,1331,1327,1303,1378,1300,1430,1313,1475,1334,1539,1350,1580,1345,1622,1347,1659,1361,1678,1395,1501,1385,1500,1420,1498,1453,1497,1490,1421,1526,1451,1538,1480,1548,1509,1547,1536,1544,1331,1365,1363,1353,1395,1359,1419,1387,1389,1383,1357,1376,1552,1410,1583,1392,1612,1396,1633,1418,1610,1421,1581,1417,1356,1608,1402,1587,1446,1583,1472,1594,1504,1592,1534,1608,1555,1640,1523,1655,1490,1661,1457,1659,1428,1651,1391,1634,1373,1608,1441,1608,1468,1615,1500,1617,1542,1635,1496,1632,1464,1630,1437,1623
2874,h,1,1,1176,1236,1711,1771,95.8,1199,1372,1191,1441,1188,1510,1194,1577,1214,1640,1257,1692,1310,1731,1366,1763,1428,1780,1488,1777,1538,1750,1584,1713,1619,1664,1644,1611,1663,1554,1675,1498,1683,1444,1285,1331,1327,1303,1378,1300,1430,1313,1475,1334,1539,1350,1580,1345,1622,1347,1659,1361,1678,1395,1501,1385,1500,1420,1498,1453,1497,1490,1421,1526,1451,1538,1480,1548,1509,1547,1536,1544,1331,1365,1363,1353,1395,1359,1419,1387,1389,1383,1357,1376,1552,1410,1583,1392,1612,1396,1633,1418,1610,1421,1581,1417,1356,1608,1402,1587,1446,1583,1472,1594,1504,1592,1534,1608,1555,1640,1523,1655,1490,1661,1457,1659,1428,1651,1391,1634,1373,1608,1441,1608,1468,1615,1500,1617,1542,1635,1496,1632,1464,1630,1437,1623
2875,h,1,1,1176,1236,1711,1771,95.83333333333333,1192,1372,1186,1443,1185,1513,1191,1580,1214,1643,1257,1694,1312,1732,1368,1762,1430,1779,1489,1776,1541,1749,1588,1711,1623,1662,1647,1607,1665,1550,1677,1494,1684,1440,1283,1331,1325,1303,1377,1299,1429,1312,1475,1333,1536,1347,1580,1344,1623,1347,1661,1363,1680,1397,1499,1383,1498,1419,1497,1453,1496,1489,1421,1526,1450,1536,1480,1547,1508,1546,1535,1544,1330,1365,1362,1353,1394,1359,1418,1387,1388,1383,1356,1376,1551,1410,1581,1392,1611,1396,1632,1419,1609,1421,1579,1417,1355,1608,1401,1587,1446,1583,1472,1594,1503,1592,1534,1609,1557,1641,1524,1655,1489,1661,1457,1658,1429,1651,1391,1634,1371,1608,1442,1608,1468,1615,1499,1617,1544,1636,1495,1632,1464,1629,1436,1622
2876,h,1,1,1176,1236,1711,1771,95.86666666666666,1198,1368,1190,1437,1189,1506,1193,1575,1213,1638,1253,1690,1305,1730,1360,1764,1425,1783,1486,1780,1537,1751,1583,1712,1618,1663,1644,1608,1665,1552,1679,1496,1686,1441,1284,1328,1328,1303,1379,1300,1430,1312,1477,1332,1540,1349,1583,1346,1625,1350,1663,1364,1682,1397,1502,1384,1499,1418,1497,1452,1496,1488,1420,1526,1450,1536,1479,1547,1508,1546,1536,1543,1331,1365,1363,1354,1395,1360,1419,1386,1389,1382,1357,1375,1552,1410,1583,1393,1613,1398,1634,1420,1610,1422,1581,1417,1355,1606,1401,1586,1445,1583,1471,1593,1502,1592,1533,1607,1555,1640,1523,1657,1488,1664,1456,1661,1427,1654,1389,1635,1370,1607,1440,1607,1467,1614,1498,1616,1541,1635,1494,1634,1463,1632,1435,1626
2877,h,1,1,1176,1236,1711,1771,95.9,1195,1370,1188,1441,1188,1511,1195,1579,1217,1641,1260,1691,1314,1728,1369,1760,1432,1779,1491,1775,1541,1746,1586,1708,1620,1659,1646,1606,1667,1551,1680,1496,1688,1442,1285,1328,1328,1301,1378,1298,1429,1311,1475,1332,1540,1348,1582,1345,1624,1348,1662,1363,1682,1394,1501,1384,1500,1419,1498,1452,1497,1489,1421,1526,1451,1537,1480,1548,1509,1546,1536,1543,1331,1366,1362,1354,1395,1361,1419,1387,1389,1383,1357,1377,1552,1410,1583,1393,1613,1398,1634,1420,1610,1422,1581,1417,1359,1609,1405,1587,1448,1583,1473,1594,1502,1592,1533,1608,1554,1640,1523,1657,1490,1664,1459,1662,1431,1655,1394,1637,1375,1610,1444,1607,1469,1614,1498,1616,1540,1636,1495,1635,1465,1633,1439,1627
2878,h,1,1,1176,1236,1711,1771,95.93333333333334,1195,1370,1188,1441,1188,1511,1195,1579,1217,1641,1260,1691,1314,1728,1369,1760,1432,1779,1491,1775,1541,1746,1586,1708,1620,1659,1646,1606,1667,1551,1680,1496,1688,1442,1285,1328,1328,1301,1378,1298,1429,1311,1475,1332,1540,1348,1582,1345,1624,1348,1662,1363,1682,1394,1501,1384,1500,1419,1498,1452,1497,1489,1421,1526,1451,1537,1480,1548,1509,1546,1536,1543,1331,1366,1362,1354,1395,1361,1419,1387,1389,1383,1357,1377,1552,1410,1583,1393,1613,1398,1634,1420,1610,1422,1581,1417,1359,1609,1405,1587,1448,1583,1473,1594,1502,1592,1533,1608,1554,1640,1523,1657,1490,1664,1459,1662,1431,1655,1394,1637,1375,1610,1444,1607,1469,1614,1498,1616,1540,1636,1495,1635,1465,1633,1439,1627
2879,h,1,1,1176,1236,1711,1771,95.96666666666667,1201,1370,1195,1440,1195,1511,1201,1579,1223,1642,1264,1692,1316,1730,1370,1762,1431,1781,1491,1777,1541,1748,1586,1710,1621,1662,1647,1608,1667,1553,1680,1497,1687,1443,1285,1331,1327,1304,1378,1301,1429,1313,1475,1333,1541,1349,1584,1347,1625,1350,1663,1365,1682,1398,1501,1383,1499,1418,1497,1452,1495,1489,1421,1526,1450,1537,1479,1548,1508,1546,1535,1544,1331,1366,1362,1354,1395,1360,1419,1387,1389,1383,1357,1377,1551,1411,1582,1393,1613,1398,1634,1420,1610,1423,1581,1418,1358,1609,1402,1587,1445,1583,1471,1594,1503,1592,1533,1607,1555,1640,1523,1657,1490,1665,1457,1663,1428,1655,1391,1636,1373,1609,1441,1607,1468,1614,1498,1616,1540,1635,1495,1635,1463,1633,1436,1627
2880,h,1,1,1176,1236,1711,1771,96.0,1191,1377,1185,1446,1185,1515,1192,1582,1215,1645,1258,1697,1312,1736,1368,1768,1431,1786,1490,1781,1539,1752,1584,1713,1618,1663,1643,1609,1664,1554,1677,1500,1684,1446,1284,1330,1327,1303,1378,1300,1429,1312,1476,1332,1540,1347,1582,1345,1623,1348,1659,1363,1677,1396,1502,1385,1501,1420,1499,1453,1498,1490,1422,1528,1451,1538,1481,1549,1510,1548,1537,1545,1330,1366,1363,1354,1395,1360,1419,1388,1389,1384,1357,1377,1551,1411,1583,1393,1613,1398,1633,1420,1610,1423,1580,1418,1356,1608,1401,1587,1447,1583,1473,1595,1503,1592,1535,1609,1555,1640,1524,1658,1490,1665,1458,1662,1430,1655,1390,1637,1372,1609,1442,1609,1469,1616,1499,1618,1542,1636,1495,1635,1464,1633,1438,1626
2881,h,1,1,1176,1236,1711,1771,96.03333333333333,1195,1368,1187,1440,1185,1512,1192,1581,1215,1644,1259,1695,1313,1733,1369,1765,1432,1784,1491,1778,1542,1748,1587,1709,1621,1660,1647,1606,1666,1550,1679,1494,1686,1440,1286,1329,1329,1303,1380,1301,1431,1314,1476,1335,1542,1350,1585,1348,1627,1351,1663,1365,1680,1398,1502,1385,1500,1420,1499,1454,1498,1491,1422,1527,1452,1538,1481,1549,1509,1547,1536,1544,1332,1366,1364,1354,1396,1360,1419,1388,1390,1384,1358,1378,1553,1411,1583,1393,1612,1398,1633,1420,1610,1423,1581,1418,1357,1611,1403,1588,1448,1584,1473,1595,1504,1592,1535,1610,1556,1642,1525,1658,1490,1664,1458,1662,1430,1655,1392,1638,1373,1611,1443,1609,1470,1616,1500,1618,1542,1637,1496,1635,1465,1633,1438,1626
2882,h,1,1,1176,1236,1711,1771,96.06666666666666,1195,1368,1187,1440,1185,1512,1192,1581,1215,1644,1259,1695,1313,1733,1369,1765,1432,1784,1491,1778,1542,1748,1587,1709,1621,1660,1647,1606,1666,1550,1679,1494,1686,1440,1286,1329,1329,1303,1380,1301,1431,1314,1476,1335,1542,1350,1585,1348,1627,1351,1663,1365,1680,1398,1502,1385,1500,1420,1499,1454,1498,1491,1422,1527,1452,1538,1481,1549,1509,1547,1536,1544,1332,1366,1364,1354,1396,1360,1419,1388,1390,1384,1358,1378,1553,1411,1583,1393,1612,1398,1633,1420,1610,1423,1581,1418,1357,1611,1403,1588,1448,1584,1473,1595,1504,1592,1535,1610,1556,1642,1525,1658,1490,1664,1458,1662,1430,1655,1392,1638,1373,1611,1443,1609,1470,1616,1500,1618,1542,1637,1496,1635,1465,1633,1438,1626
2883,h,1,1,1176,1236,1711,1771,96.1,1197,1372,1191,1443,1192,1514,1197,1582,1220,1645,1263,1695,1317,1732,1371,1764,1432,1783,1491,1778,1540,1750,1586,1712,1621,1663,1646,1609,1666,1554,1680,1499,1688,1444,1283,1333,1326,1306,1377,1303,1428,1315,1475,1335,1541,1353,1584,1350,1626,1352,1664,1367,1684,1401,1502,1388,1500,1422,1499,1454,1497,1490,1422,1528,1451,1539,1480,1549,1509,1548,1536,1546,1333,1366,1365,1353,1398,1360,1421,1389,1392,1385,1359,1378,1551,1414,1582,1394,1613,1399,1634,1422,1611,1425,1580,1420,1359,1609,1404,1589,1447,1584,1472,1595,1502,1593,1532,1609,1553,1641,1521,1658,1488,1665,1458,1662,1430,1655,1393,1637,1375,1610,1443,1609,1468,1616,1497,1618,1538,1637,1494,1635,1464,1632,1438,1626
2884,h,1,1,1176,1236,1711,1771,96.13333333333334,1200,1370,1192,1442,1190,1514,1195,1582,1218,1645,1260,1695,1314,1732,1370,1764,1432,1782,1492,1777,1541,1748,1588,1709,1623,1660,1648,1606,1667,1551,1680,1495,1686,1441,1288,1329,1330,1304,1380,1301,1429,1314,1474,1335,1542,1352,1583,1349,1623,1352,1660,1366,1680,1398,1502,1388,1500,1422,1498,1455,1496,1491,1420,1528,1450,1539,1479,1550,1508,1549,1534,1546,1334,1366,1365,1354,1398,1362,1421,1390,1391,1386,1359,1378,1551,1414,1582,1395,1612,1400,1633,1423,1610,1426,1580,1421,1359,1608,1405,1588,1447,1584,1471,1595,1501,1593,1530,1609,1552,1640,1520,1658,1488,1664,1457,1662,1430,1655,1393,1638,1375,1609,1442,1610,1468,1617,1497,1619,1537,1636,1493,1634,1464,1632,1437,1626
2885,h,1,1,1176,1236,1711,1771,96.16666666666667,1200,1370,1192,1442,1190,1514,1195,1582,1218,1645,1260,1695,1314,1732,1370,1764,1432,1782,1492,1777,1541,1748,1588,1709,1623,1660,1648,1606,1667,1551,1680,1495,1686,1441,1288,1329,1330,1304,1380,1301,1429,1314,1474,1335,1542,1352,1583,1349,1623,1352,1660,1366,1680,1398,1502,1388,1500,1422,1498,1455,1496,1491,1420,1528,1450,1539,1479,1550,1508,1549,1534,1546,1334,1366,1365,1354,1398,1362,1421,1390,1391,1386,1359,1378,1551,1414,1582,1395,1612,1400,1633,1423,1610,1426,1580,1421,1359,1608,1405,1588,1447,1584,1471,1595,1501,1593,1530,1609,1552,1640,1520,1658,1488,1664,1457,1662,1430,1655,1393,1638,1375,1609,1442,1610,1468,1617,1497,1619,1537,1636,1493,1634,1464,1632,1437,1626
2886,h,1,1,1176,1236,1711,1771,96.2,1198,1371,1189,1442,1187,1514,1193,1583,1216,1646,1259,1696,1312,1733,1368,1763,1429,1781,1488,1777,1538,1749,1584,1713,1619,1665,1644,1611,1665,1555,1679,1498,1687,1443,1285,1330,1329,1305,1379,1303,1429,1316,1475,1336,1539,1353,1581,1350,1622,1353,1660,1367,1680,1400,1501,1389,1498,1423,1497,1456,1495,1491,1419,1529,1448,1540,1477,1551,1506,1550,1533,1548,1330,1368,1362,1356,1396,1362,1419,1392,1389,1388,1356,1381,1550,1416,1580,1396,1612,1400,1633,1423,1610,1427,1579,1423,1356,1611,1402,1590,1444,1584,1470,1596,1500,1594,1530,1610,1553,1643,1520,1659,1487,1665,1456,1663,1427,1655,1390,1638,1373,1612,1440,1611,1466,1618,1496,1620,1538,1638,1492,1634,1462,1632,1435,1625
2887,h,1,1,1176,1236,1711,1771,96.23333333333333,1197,1373,1190,1442,1187,1513,1192,1582,1214,1646,1256,1696,1310,1733,1366,1765,1428,1783,1486,1779,1537,1751,1583,1714,1619,1666,1645,1612,1666,1556,1680,1499,1688,1444,1285,1330,1328,1305,1378,1304,1427,1317,1472,1338,1540,1356,1581,1353,1622,1354,1658,1368,1680,1399,1499,1388,1497,1423,1495,1455,1493,1491,1419,1530,1448,1540,1476,1551,1504,1550,1531,1548,1329,1368,1362,1355,1396,1362,1419,1392,1389,1388,1356,1381,1548,1416,1580,1395,1611,1400,1633,1424,1609,1427,1578,1422,1355,1611,1399,1589,1442,1584,1468,1596,1498,1593,1528,1610,1551,1643,1518,1657,1486,1665,1454,1662,1425,1654,1389,1637,1371,1611,1437,1610,1464,1617,1494,1619,1536,1638,1491,1634,1461,1632,1433,1625
2888,h,1,1,1176,1236,1711,1771,96.26666666666667,1189,1378,1182,1446,1181,1515,1188,1582,1210,1646,1252,1697,1307,1735,1365,1765,1428,1782,1486,1778,1537,1750,1584,1713,1618,1665,1642,1611,1661,1556,1674,1501,1681,1448,1277,1334,1320,1306,1372,1302,1424,1315,1471,1336,1536,1352,1578,1349,1620,1351,1657,1366,1677,1399,1498,1388,1496,1423,1495,1455,1494,1491,1417,1529,1447,1540,1476,1551,1505,1550,1531,1547,1326,1368,1359,1354,1393,1360,1416,1393,1386,1388,1353,1380,1548,1415,1579,1394,1609,1398,1630,1422,1608,1426,1577,1422,1353,1611,1399,1589,1443,1584,1468,1596,1498,1593,1528,1610,1551,1642,1518,1657,1484,1663,1454,1661,1426,1654,1388,1637,1369,1611,1438,1610,1464,1617,1493,1620,1538,1637,1490,1634,1460,1631,1434,1624
2889,h,1,1,1176,1236,1711,1771,96.3,1189,1378,1182,1446,1181,1515,1188,1582,1210,1646,1252,1697,1307,1735,1365,1765,1428,1782,1486,1778,1537,1750,1584,1713,1618,1665,1642,1611,1661,1556,1674,1501,1681,1448,1277,1334,1320,1306,1372,1302,1424,1315,1471,1336,1536,1352,1578,1349,1620,1351,1657,1366,1677,1399,1498,1388,1496,1423,1495,1455,1494,1491,1417,1529,1447,1540,1476,1551,1505,1550,1531,1547,1326,1368,1359,1354,1393,1360,1416,1393,1386,1388,1353,1380,1548,1415,1579,1394,1609,1398,1630,1422,1608,1426,1577,1422,1353,1611,1399,1589,1443,1584,1468,1596,1498,1593,1528,1610,1551,1642,1518,1657,1484,1663,1454,1661,1426,1654,1388,1637,1369,1611,1438,1610,1464,1617,1493,1620,1538,1637,1490,1634,1460,1631,1434,1624
2890,h,1,1,1176,1236,1711,1771,96.33333333333333,1193,1372,1186,1442,1184,1512,1189,1580,1211,1645,1252,1698,1306,1736,1363,1769,1425,1787,1484,1784,1534,1754,1581,1715,1616,1665,1640,1610,1660,1553,1674,1497,1682,1443,1277,1334,1320,1305,1372,1303,1424,1317,1472,1338,1536,1356,1578,1351,1620,1352,1658,1366,1678,1400,1498,1387,1496,1421,1494,1454,1493,1490,1417,1528,1447,1539,1476,1550,1505,1549,1532,1546,1327,1368,1359,1355,1393,1361,1417,1391,1387,1387,1354,1380,1546,1415,1578,1395,1609,1399,1630,1422,1607,1426,1576,1422,1353,1610,1400,1589,1444,1585,1469,1596,1498,1594,1528,1610,1550,1641,1517,1660,1485,1668,1454,1665,1426,1659,1388,1641,1369,1611,1439,1609,1465,1615,1494,1618,1535,1637,1490,1638,1460,1636,1434,1630
2891,h,1,1,1176,1236,1711,1771,96.36666666666666,1190,1377,1182,1447,1182,1518,1189,1585,1213,1649,1256,1700,1308,1739,1363,1770,1424,1787,1482,1782,1530,1754,1575,1716,1610,1667,1636,1613,1657,1557,1672,1502,1681,1447,1280,1333,1323,1305,1375,1302,1427,1313,1473,1333,1538,1350,1579,1347,1621,1349,1657,1364,1676,1396,1498,1385,1496,1421,1495,1454,1494,1490,1417,1529,1447,1539,1476,1549,1504,1548,1531,1545,1328,1366,1360,1352,1393,1358,1416,1389,1386,1385,1354,1378,1547,1412,1577,1391,1608,1395,1627,1419,1605,1423,1576,1418,1355,1616,1399,1591,1443,1585,1467,1596,1497,1593,1527,1611,1545,1646,1515,1665,1482,1675,1452,1674,1425,1667,1388,1648,1370,1616,1438,1610,1463,1616,1492,1618,1532,1641,1489,1646,1459,1644,1434,1638
2892,h,1,1,1176,1236,1711,1771,96.4,1189,1375,1181,1446,1181,1517,1189,1584,1212,1648,1256,1700,1308,1740,1363,1772,1425,1789,1484,1784,1531,1754,1577,1714,1611,1664,1637,1610,1659,1554,1674,1499,1682,1445,1279,1332,1322,1304,1374,1301,1426,1313,1474,1333,1537,1349,1579,1347,1620,1350,1657,1365,1677,1397,1498,1385,1497,1420,1495,1454,1494,1491,1418,1528,1447,1538,1476,1549,1504,1548,1530,1545,1328,1366,1360,1352,1392,1358,1415,1388,1385,1384,1354,1377,1548,1411,1578,1391,1608,1396,1628,1420,1606,1423,1577,1418,1353,1614,1397,1590,1442,1584,1467,1596,1497,1593,1527,1611,1546,1645,1516,1664,1483,1673,1452,1671,1424,1664,1386,1645,1369,1615,1437,1609,1463,1616,1493,1618,1532,1641,1489,1643,1459,1641,1432,1635
2893,h,1,1,1176,1236,1711,1771,96.43333333333334,1189,1375,1181,1446,1181,1517,1189,1584,1212,1648,1256,1700,1308,1740,1363,1772,1425,1789,1484,1784,1531,1754,1577,1714,1611,1664,1637,1610,1659,1554,1674,1499,1682,1445,1279,1332,1322,1304,1374,1301,1426,1313,1474,1333,1537,1349,1579,1347,1620,1350,1657,1365,1677,1397,1498,1385,1497,1420,1495,1454,1494,1491,1418,1528,1447,1538,1476,1549,1504,1548,1530,1545,1328,1366,1360,1352,1392,1358,1415,1388,1385,1384,1354,1377,1548,1411,1578,1391,1608,1396,1628,1420,1606,1423,1577,1418,1353,1614,1397,1590,1442,1584,1467,1596,1497,1593,1527,1611,1546,1645,1516,1664,1483,1673,1452,1671,1424,1664,1386,1645,1369,1615,1437,1609,1463,1616,1493,1618,1532,1641,1489,1643,1459,1641,1432,1635
2894,h,1,1,1176,1236,1711,1771,96.46666666666667,1189,1373,1182,1441,1181,1510,1186,1577,1206,1642,1247,1693,1301,1730,1359,1761,1423,1778,1482,1773,1532,1745,1576,1708,1610,1660,1634,1607,1654,1552,1669,1497,1677,1443,1278,1332,1321,1304,1374,1302,1426,1315,1474,1335,1538,1352,1580,1348,1622,1351,1658,1367,1677,1399,1499,1386,1498,1421,1497,1454,1496,1490,1419,1528,1448,1538,1477,1549,1506,1548,1531,1545,1325,1366,1359,1354,1392,1360,1415,1389,1385,1386,1352,1379,1547,1413,1578,1393,1608,1397,1628,1420,1606,1424,1576,1420,1355,1610,1403,1591,1447,1586,1469,1597,1497,1594,1525,1611,1545,1639,1513,1650,1482,1656,1453,1654,1427,1648,1391,1632,1371,1610,1441,1612,1465,1618,1493,1620,1531,1635,1488,1627,1460,1625,1436,1619
2895,h,1,1,1176,1236,1711,1771,96.5,1186,1375,1179,1441,1179,1508,1184,1574,1205,1636,1245,1686,1299,1723,1357,1754,1421,1772,1481,1769,1533,1743,1579,1709,1611,1661,1635,1609,1656,1555,1671,1501,1681,1448,1276,1333,1319,1303,1373,1300,1426,1314,1473,1335,1536,1351,1578,1347,1620,1350,1659,1366,1679,1400,1498,1384,1497,1419,1495,1452,1494,1489,1419,1526,1448,1537,1477,1547,1504,1546,1530,1543,1326,1366,1359,1353,1392,1359,1416,1389,1386,1386,1352,1379,1547,1413,1579,1392,1609,1396,1629,1420,1607,1424,1577,1420,1357,1605,1405,1588,1448,1583,1470,1594,1496,1592,1522,1607,1543,1635,1511,1644,1482,1648,1454,1645,1430,1639,1394,1625,1373,1605,1443,1606,1465,1613,1491,1615,1530,1630,1488,1621,1461,1618,1438,1613
2896,h,1,1,1176,1236,1711,1771,96.53333333333333,1189,1368,1181,1436,1179,1505,1183,1572,1204,1636,1245,1687,1299,1725,1357,1757,1423,1775,1485,1771,1536,1743,1581,1705,1614,1656,1638,1602,1658,1548,1673,1494,1680,1442,1279,1329,1323,1302,1374,1300,1425,1313,1471,1334,1539,1351,1580,1347,1621,1349,1658,1363,1678,1395,1498,1383,1497,1418,1495,1452,1494,1489,1420,1525,1448,1535,1477,1546,1504,1544,1530,1541,1327,1365,1359,1352,1392,1359,1415,1386,1385,1383,1353,1376,1548,1410,1579,1392,1609,1396,1629,1419,1606,1421,1577,1417,1356,1607,1403,1588,1446,1583,1469,1594,1497,1592,1525,1607,1545,1636,1514,1647,1483,1653,1454,1651,1428,1644,1391,1629,1371,1607,1441,1607,1465,1614,1492,1616,1532,1631,1489,1624,1461,1622,1436,1617
2897,h,1,1,1176,1236,1711,1771,96.56666666666666,1189,1368,1181,1436,1179,1505,1183,1572,1204,1636,1245,1687,1299,1725,1357,1757,1423,1775,1485,1771,1536,1743,1581,1705,1614,1656,1638,1602,1658,1548,1673,1494,1680,1442,1279,1329,1323,1302,1374,1300,1425,1313,1471,1334,1539,1351,1580,1347,1621,1349,1658,1363,1678,1395,1498,1383,1497,1418,1495,1452,1494,1489,1420,1525,1448,1535,1477,1546,1504,1544,1530,1541,1327,1365,1359,1352,1392,1359,1415,1386,1385,1383,1353,1376,1548,1410,1579,1392,1609,1396,1629,1419,1606,1421,1577,1417,1356,1607,1403,1588,1446,1583,1469,1594,1497,1592,1525,1607,1545,1636,1514,1647,1483,1653,1454,1651,1428,1644,1391,1629,1371,1607,1441,1607,1465,1614,1492,1616,1532,1631,1489,1624,1461,1622,1436,1617
2898,h,1,1,1176,1236,1711,1771,96.6,1189,1374,1181,1442,1181,1511,1187,1578,1207,1643,1247,1697,1301,1736,1359,1766,1424,1784,1485,1779,1535,1750,1580,1711,1613,1661,1637,1607,1658,1553,1672,1498,1679,1444,1276,1334,1319,1304,1371,1301,1424,1314,1471,1334,1538,1350,1580,1347,1621,1350,1658,1365,1678,1399,1498,1383,1497,1418,1496,1452,1495,1490,1418,1526,1448,1536,1477,1547,1506,1545,1533,1542,1325,1366,1358,1353,1391,1359,1415,1387,1384,1383,1352,1377,1547,1411,1579,1392,1609,1396,1630,1419,1607,1421,1577,1417,1352,1608,1400,1588,1445,1583,1469,1594,1497,1591,1525,1606,1545,1637,1515,1652,1483,1659,1453,1657,1426,1651,1388,1634,1368,1608,1440,1608,1465,1615,1493,1616,1532,1632,1489,1628,1460,1627,1434,1621
2899,h,1,1,1176,1236,1711,1771,96.63333333333334,1194,1368,1185,1438,1183,1508,1189,1576,1211,1640,1253,1692,1306,1731,1362,1765,1426,1785,1486,1779,1537,1746,1583,1707,1617,1656,1642,1602,1663,1547,1676,1492,1682,1438,1281,1332,1323,1304,1374,1301,1425,1315,1472,1336,1541,1352,1582,1349,1623,1351,1661,1365,1678,1400,1498,1383,1496,1418,1495,1451,1494,1488,1419,1526,1448,1536,1477,1547,1506,1545,1533,1542,1329,1364,1360,1352,1393,1358,1417,1386,1387,1381,1354,1375,1548,1410,1579,1392,1609,1397,1630,1419,1606,1421,1577,1417,1354,1609,1401,1587,1446,1582,1471,1593,1500,1590,1529,1606,1549,1639,1518,1656,1486,1664,1456,1663,1428,1656,1390,1638,1370,1609,1441,1607,1467,1613,1495,1614,1536,1634,1492,1635,1463,1633,1436,1626
2900,h,1,1,1176,1236,1711,1771,96.66666666666667,1194,1368,1185,1438,1183,1508,1189,1576,1211,1640,1253,1692,1306,1731,1362,1765,1426,1785,1486,1779,1537,1746,1583,1707,1617,1656,1642,1602,1663,1547,1676,1492,1682,1438,1281,1332,1323,1304,1374,1301,1425,1315,1472,1336,1541,1352,1582,1349,1623,1351,1661,1365,1678,1400,1498,1383,1496,1418,1495,1451,1494,1488,1419,1526,1448,1536,1477,1547,1506,1545,1533,1542,1329,1364,1360,1352,1393,1358,1417,1386,1387,1381,1354,1375,1548,1410,1579,1392,1609,1397,1630,1419,1606,1421,1577,1417,1354,1609,1401,1587,1446,1582,1471,1593,1500,1590,1529,1606,1549,1639,1518,1656,1486,1664,1456,1663,1428,1656,1390,1638,1370,1609,1441,1607,1467,1613,1495,1614,1536,1634,1492,1635,1463,1633,1436,1626
2901,h,1,1,1176,1236,1711,1771,96.7,1191,1375,1184,1444,1183,1514,1190,1582,1213,1647,1256,1698,1311,1738,1367,1771,1430,1789,1491,1784,1540,1751,1585,1711,1619,1660,1643,1605,1664,1550,1678,1495,1685,1441,1283,1328,1325,1302,1375,1300,1425,1313,1471,1334,1542,1350,1584,1347,1625,1349,1662,1364,1681,1397,1500,1384,1498,1419,1498,1452,1497,1488,1424,1527,1453,1536,1480,1546,1508,1545,1534,1543,1328,1365,1361,1351,1393,1358,1417,1387,1387,1383,1354,1376,1550,1411,1581,1391,1611,1396,1632,1419,1609,1421,1579,1417,1357,1611,1402,1587,1448,1580,1473,1591,1502,1588,1532,1606,1552,1641,1522,1658,1489,1668,1459,1666,1430,1659,1392,1640,1373,1611,1443,1608,1469,1614,1498,1615,1538,1636,1494,1637,1465,1635,1439,1629
2902,h,1,1,1176,1236,1711,1771,96.73333333333333,1197,1372,1190,1441,1190,1510,1195,1578,1217,1641,1259,1693,1312,1732,1368,1766,1432,1785,1491,1781,1541,1750,1585,1709,1618,1659,1643,1605,1664,1550,1677,1495,1684,1441,1285,1329,1327,1303,1378,1301,1428,1314,1474,1335,1543,1350,1586,1348,1627,1351,1664,1364,1683,1397,1503,1384,1502,1418,1501,1451,1500,1487,1425,1525,1454,1535,1483,1546,1511,1545,1537,1543,1333,1365,1364,1352,1397,1358,1420,1387,1390,1382,1359,1376,1553,1411,1584,1392,1614,1397,1634,1420,1611,1422,1581,1417,1359,1607,1405,1585,1450,1580,1475,1591,1505,1589,1535,1606,1554,1640,1523,1658,1490,1666,1459,1665,1431,1657,1393,1638,1375,1608,1445,1607,1471,1613,1500,1616,1540,1636,1496,1637,1466,1634,1440,1628
2903,h,1,1,1176,1236,1711,1771,96.76666666666667,1201,1368,1193,1437,1191,1508,1196,1577,1218,1640,1261,1692,1314,1732,1370,1765,1435,1784,1496,1778,1546,1747,1591,1706,1624,1656,1649,1601,1669,1547,1682,1492,1688,1440,1293,1322,1336,1299,1385,1298,1434,1311,1477,1331,1549,1347,1589,1345,1628,1347,1664,1361,1683,1392,1506,1382,1504,1417,1503,1451,1502,1487,1428,1525,1457,1535,1486,1546,1513,1545,1539,1542,1337,1364,1369,1352,1401,1359,1424,1386,1395,1381,1363,1374,1555,1410,1586,1392,1616,1397,1637,1419,1613,1421,1584,1416,1362,1607,1408,1584,1453,1579,1478,1590,1507,1588,1537,1606,1558,1640,1527,1656,1494,1665,1463,1663,1434,1656,1396,1637,1377,1607,1448,1606,1474,1612,1503,1614,1543,1635,1499,1636,1469,1634,1443,1628
2904,h,1,1,1176,1236,1711,1771,96.8,1201,1368,1193,1437,1191,1508,1196,1577,1218,1640,1261,1692,1314,1732,1370,1765,1435,1784,1496,1778,1546,1747,1591,1706,1624,1656,1649,1601,1669,1547,1682,1492,1688,1440,1293,1322,1336,1299,1385,1298,1434,1311,1477,1331,1549,1347,1589,1345,1628,1347,1664,1361,1683,1392,1506,1382,1504,1417,1503,1451,1502,1487,1428,1525,1457,1535,1486,1546,1513,1545,1539,1542,1337,1364,1369,1352,1401,1359,1424,1386,1395,1381,1363,1374,1555,1410,1586,1392,1616,1397,1637,1419,1613,1421,1584,1416,1362,1607,1408,1584,1453,1579,1478,1590,1507,1588,1537,1606,1558,1640,1527,1656,1494,1665,1463,1663,1434,1656,1396,1637,1377,1607,1448,1606,1474,1612,1503,1614,1543,1635,1499,1636,1469,1634,1443,1628
2905,h,1,1,1176,1236,1711,1771,96.83333333333333,1199,1367,1191,1438,1190,1509,1195,1578,1217,1642,1260,1694,1315,1733,1371,1764,1434,1782,1493,1776,1542,1744,1588,1705,1623,1656,1648,1602,1668,1547,1682,1492,1689,1439,1291,1323,1336,1300,1386,1299,1436,1312,1482,1333,1551,1350,1590,1348,1629,1350,1665,1362,1684,1392,1509,1385,1507,1419,1505,1452,1504,1488,1430,1525,1458,1535,1486,1546,1514,1545,1539,1542,1338,1364,1370,1352,1402,1359,1425,1387,1396,1383,1364,1376,1557,1411,1587,1392,1616,1397,1637,1419,1615,1422,1586,1418,1362,1606,1408,1584,1454,1580,1478,1590,1508,1588,1537,1604,1556,1638,1526,1657,1494,1666,1463,1664,1435,1657,1395,1639,1377,1607,1449,1606,1474,1612,1504,1614,1541,1634,1500,1636,1469,1633,1443,1628
2906,h,1,1,1176,1236,1711,1771,96.86666666666666,1201,1368,1194,1438,1192,1508,1196,1577,1219,1641,1263,1692,1317,1730,1372,1763,1435,1782,1495,1776,1544,1745,1590,1706,1625,1657,1650,1602,1671,1548,1685,1494,1692,1441,1290,1330,1333,1302,1384,1299,1436,1312,1483,1333,1550,1349,1595,1347,1637,1350,1675,1366,1693,1403,1509,1385,1507,1419,1505,1451,1504,1487,1430,1524,1458,1534,1487,1545,1515,1544,1541,1541,1339,1364,1370,1351,1403,1358,1426,1386,1397,1382,1365,1375,1558,1410,1588,1391,1618,1397,1639,1420,1616,1422,1587,1417,1363,1606,1410,1585,1455,1580,1480,1590,1509,1589,1539,1605,1558,1639,1528,1659,1494,1667,1463,1664,1435,1657,1397,1638,1380,1607,1450,1605,1476,1611,1505,1613,1544,1635,1500,1637,1470,1635,1444,1629
2907,h,1,1,1176,1236,1711,1771,96.9,1201,1369,1194,1438,1192,1509,1197,1577,1220,1641,1263,1693,1317,1732,1372,1765,1435,1785,1494,1779,1543,1749,1589,1711,1624,1661,1649,1607,1671,1553,1686,1498,1694,1443,1290,1331,1333,1303,1384,1300,1436,1312,1483,1334,1550,1350,1594,1346,1638,1349,1677,1366,1695,1403,1509,1385,1507,1419,1506,1452,1504,1487,1430,1525,1459,1535,1487,1546,1515,1545,1542,1543,1338,1364,1370,1351,1403,1358,1426,1387,1396,1383,1364,1376,1559,1411,1589,1392,1620,1397,1641,1420,1617,1422,1588,1418,1363,1607,1408,1584,1454,1579,1479,1590,1509,1588,1540,1605,1559,1640,1529,1661,1494,1670,1462,1667,1433,1660,1395,1640,1379,1608,1448,1605,1475,1611,1504,1613,1544,1636,1500,1639,1470,1636,1442,1630
2908,h,1,1,1176,1236,1711,1771,96.93333333333334,1201,1369,1194,1438,1192,1509,1197,1577,1220,1641,1263,1693,1317,1732,1372,1765,1435,1785,1494,1779,1543,1749,1589,1711,1624,1661,1649,1607,1671,1553,1686,1498,1694,1443,1290,1331,1333,1303,1384,1300,1436,1312,1483,1334,1550,1350,1594,1346,1638,1349,1677,1366,1695,1403,1509,1385,1507,1419,1506,1452,1504,1487,1430,1525,1459,1535,1487,1546,1515,1545,1542,1543,1338,1364,1370,1351,1403,1358,1426,1387,1396,1383,1364,1376,1559,1411,1589,1392,1620,1397,1641,1420,1617,1422,1588,1418,1363,1607,1408,1584,1454,1579,1479,1590,1509,1588,1540,1605,1559,1640,1529,1661,1494,1670,1462,1667,1433,1660,1395,1640,1379,1608,1448,1605,1475,1611,1504,1613,1544,1636,1500,1639,1470,1636,1442,1630
2909,h,1,1,1176,1236,1711,1771,96.96666666666667,1209,1370,1202,1440,1202,1510,1206,1578,1228,1642,1270,1694,1322,1734,1375,1768,1437,1787,1496,1782,1545,1752,1590,1712,1625,1663,1651,1609,1673,1553,1690,1498,1700,1442,1293,1331,1335,1303,1385,1300,1436,1313,1483,1334,1553,1350,1598,1347,1643,1350,1683,1368,1700,1406,1511,1387,1509,1420,1507,1453,1505,1488,1431,1526,1460,1535,1488,1546,1516,1545,1544,1543,1341,1365,1372,1352,1405,1359,1428,1388,1399,1383,1366,1376,1561,1413,1591,1393,1622,1398,1644,1422,1620,1423,1590,1419,1364,1610,1408,1585,1455,1580,1480,1591,1511,1589,1542,1606,1560,1642,1531,1663,1496,1673,1463,1671,1433,1664,1395,1644,1379,1611,1449,1606,1476,1612,1506,1615,1545,1638,1501,1643,1470,1642,1443,1636
2910,h,1,1,1176,1236,1711,1771,97.0,1205,1370,1196,1440,1195,1511,1201,1580,1223,1645,1265,1697,1316,1740,1371,1777,1435,1797,1496,1793,1544,1760,1589,1719,1625,1667,1651,1611,1674,1555,1688,1498,1695,1443,1296,1324,1340,1299,1390,1298,1440,1311,1485,1334,1554,1350,1595,1346,1636,1348,1673,1362,1692,1395,1512,1384,1511,1419,1509,1452,1508,1488,1432,1526,1462,1536,1490,1547,1518,1546,1545,1543,1340,1365,1372,1352,1404,1359,1428,1386,1398,1381,1366,1375,1560,1411,1591,1392,1622,1398,1643,1420,1618,1421,1589,1417,1362,1613,1408,1585,1455,1579,1481,1591,1512,1588,1543,1608,1561,1646,1531,1671,1496,1682,1463,1679,1434,1671,1394,1650,1377,1614,1450,1607,1477,1613,1507,1616,1546,1641,1502,1649,1471,1647,1443,1641
2911,h,1,1,1176,1236,1711,1771,97.03333333333333,1200,1371,1194,1440,1193,1511,1199,1579,1220,1645,1262,1699,1316,1741,1372,1777,1436,1798,1496,1793,1545,1759,1590,1716,1624,1663,1650,1606,1672,1550,1686,1494,1693,1440,1296,1326,1340,1302,1390,1300,1440,1314,1485,1335,1554,1350,1595,1347,1636,1350,1672,1364,1691,1398,1513,1386,1512,1420,1511,1453,1510,1490,1433,1526,1463,1536,1492,1547,1519,1546,1545,1543,1342,1365,1373,1352,1406,1359,1428,1387,1400,1384,1368,1377,1562,1412,1591,1393,1622,1398,1643,1420,1620,1423,1590,1419,1361,1614,1409,1586,1457,1581,1483,1591,1515,1589,1545,1607,1561,1646,1533,1672,1498,1684,1465,1682,1435,1675,1395,1653,1376,1616,1452,1608,1479,1614,1510,1616,1546,1641,1504,1653,1472,1651,1444,1645
2912,h,1,1,1176,1236,1711,1771,97.06666666666666,1200,1371,1194,1440,1193,1511,1199,1579,1220,1645,1262,1699,1316,1741,1372,1777,1436,1798,1496,1793,1545,1759,1590,1716,1624,1663,1650,1606,1672,1550,1686,1494,1693,1440,1296,1326,1340,1302,1390,1300,1440,1314,1485,1335,1554,1350,1595,1347,1636,1350,1672,1364,1691,1398,1513,1386,1512,1420,1511,1453,1510,1490,1433,1526,1463,1536,1492,1547,1519,1546,1545,1543,1342,1365,1373,1352,1406,1359,1428,1387,1400,1384,1368,1377,1562,1412,1591,1393,1622,1398,1643,1420,1620,1423,1590,1419,1361,1614,1409,1586,1457,1581,1483,1591,1515,1589,1545,1607,1561,1646,1533,1672,1498,1684,1465,1682,1435,1675,1395,1653,1376,1616,1452,1608,1479,1614,1510,1616,1546,1641,1504,1653,1472,1651,1444,1645
2913,h,1,1,1236,1176,1771,1711,97.1,1201,1373,1191,1441,1189,1510,1197,1577,1220,1642,1263,1694,1317,1735,1373,1768,1434,1787,1493,1784,1542,1752,1588,1712,1624,1661,1651,1606,1673,1551,1687,1494,1693,1439,1297,1328,1341,1303,1392,1300,1444,1313,1490,1335,1553,1352,1593,1347,1633,1350,1669,1364,1687,1395,1513,1383,1511,1418,1510,1452,1509,1488,1433,1527,1462,1537,1491,1548,1519,1547,1546,1543,1343,1364,1375,1349,1409,1354,1433,1385,1401,1382,1368,1374,1563,1409,1591,1390,1622,1394,1643,1418,1619,1421,1589,1416,1365,1615,1409,1589,1456,1582,1484,1593,1513,1591,1543,1609,1561,1647,1531,1672,1498,1683,1467,1682,1437,1674,1397,1652,1382,1617,1451,1610,1480,1616,1508,1619,1546,1643,1504,1649,1476,1648,1446,1641
2914,h,1,1,1236,1176,1771,1711,97.13333333333334,1199,1371,1190,1440,1189,1510,1198,1578,1223,1640,1268,1691,1322,1730,1375,1764,1434,1783,1492,1780,1540,1749,1586,1711,1623,1661,1651,1609,1675,1555,1691,1499,1696,1444,1299,1324,1343,1301,1394,1300,1444,1313,1491,1334,1554,1352,1595,1347,1635,1349,1671,1360,1691,1390,1514,1384,1513,1419,1512,1452,1510,1488,1434,1526,1463,1536,1492,1548,1520,1547,1547,1544,1344,1363,1376,1349,1410,1355,1434,1385,1402,1382,1370,1375,1564,1409,1592,1390,1624,1394,1644,1418,1621,1422,1591,1417,1365,1613,1409,1589,1457,1582,1484,1594,1513,1591,1542,1609,1560,1646,1530,1670,1497,1680,1467,1678,1437,1671,1397,1649,1382,1616,1452,1610,1480,1616,1508,1619,1546,1642,1504,1646,1475,1645,1446,1638
2915,h,1,1,1236,1176,1771,1711,97.16666666666667,1199,1371,1190,1440,1189,1510,1198,1578,1223,1640,1268,1691,1322,1730,1375,1764,1434,1783,1492,1780,1540,1749,1586,1711,1623,1661,1651,1609,1675,1555,1691,1499,1696,1444,1299,1324,1343,1301,1394,1300,1444,1313,1491,1334,1554,1352,1595,1347,1635,1349,1671,1360,1691,1390,1514,1384,1513,1419,1512,1452,1510,1488,1434,1526,1463,1536,1492,1548,1520,1547,1547,1544,1344,1363,1376,1349,1410,1355,1434,1385,1402,1382,1370,1375,1564,1409,1592,1390,1624,1394,1644,1418,1621,1422,1591,1417,1365,1613,1409,1589,1457,1582,1484,1594,1513,1591,1542,1609,1560,1646,1530,1670,1497,1680,1467,1678,1437,1671,1397,1649,1382,1616,1452,1610,1480,1616,1508,1619,1546,1642,1504,1646,1475,1645,1446,1638
2916,h,1,1,1236,1176,1771,1711,97.2,1202,1367,1193,1437,1191,1507,1197,1577,1221,1640,1266,1691,1320,1731,1374,1765,1434,1784,1493,1781,1543,1750,1590,1711,1627,1661,1653,1609,1676,1554,1690,1497,1696,1442,1297,1328,1341,1303,1392,1301,1444,1313,1491,1334,1554,1352,1595,1349,1635,1352,1672,1365,1691,1395,1514,1385,1512,1420,1511,1452,1509,1488,1433,1526,1462,1537,1492,1548,1520,1547,1548,1544,1344,1364,1375,1350,1409,1356,1434,1386,1401,1383,1369,1376,1564,1411,1592,1391,1624,1395,1645,1419,1621,1423,1591,1418,1364,1612,1409,1588,1457,1582,1485,1593,1514,1591,1544,1609,1562,1645,1532,1669,1498,1679,1468,1677,1437,1669,1397,1648,1381,1614,1451,1609,1481,1616,1509,1619,1548,1641,1505,1644,1476,1643,1446,1636
2917,h,1,1,1236,1176,1771,1711,97.23333333333333,1201,1374,1191,1442,1189,1511,1197,1579,1221,1643,1265,1694,1320,1732,1376,1765,1438,1784,1496,1780,1544,1748,1589,1711,1626,1662,1652,1609,1674,1554,1689,1498,1695,1442,1300,1328,1343,1303,1395,1301,1447,1314,1493,1335,1556,1353,1597,1349,1637,1351,1673,1363,1691,1395,1516,1384,1515,1419,1514,1453,1513,1490,1435,1526,1464,1537,1494,1549,1523,1547,1549,1543,1347,1364,1378,1350,1411,1355,1435,1385,1404,1382,1372,1375,1564,1409,1593,1390,1623,1395,1644,1420,1620,1422,1591,1417,1364,1612,1410,1588,1457,1582,1485,1593,1514,1591,1543,1609,1563,1643,1531,1666,1498,1674,1468,1672,1438,1665,1398,1645,1381,1614,1453,1609,1481,1615,1509,1618,1548,1640,1505,1642,1476,1640,1447,1633
2918,h,1,1,1236,1176,1771,1711,97.26666666666667,1203,1367,1194,1436,1190,1506,1196,1574,1220,1637,1266,1688,1321,1728,1376,1763,1438,1782,1497,1779,1545,1748,1591,1709,1627,1659,1653,1606,1676,1552,1691,1495,1697,1441,1300,1328,1342,1303,1394,1301,1445,1314,1492,1335,1554,1353,1595,1350,1635,1353,1671,1365,1691,1396,1514,1383,1513,1419,1512,1453,1511,1490,1434,1526,1463,1537,1492,1549,1521,1547,1548,1544,1346,1363,1377,1350,1411,1355,1435,1384,1403,1382,1371,1374,1563,1409,1592,1391,1623,1396,1644,1420,1620,1422,1590,1417,1364,1611,1409,1588,1456,1582,1484,1594,1513,1590,1543,1609,1564,1643,1532,1666,1498,1674,1468,1672,1436,1664,1398,1645,1381,1613,1451,1609,1480,1616,1508,1618,1549,1639,1505,1640,1476,1638,1446,1632
2919,h,1,1,1236,1176,1771,1711,97.3,1203,1367,1194,1436,1190,1506,1196,1574,1220,1637,1266,1688,1321,1728,1376,1763,1438,1782,1497,1779,1545,1748,1591,1709,1627,1659,1653,1606,1676,1552,1691,1495,1697,1441,1300,1328,1342,1303,1394,1301,1445,1314,1492,1335,1554,1353,1595,1350,1635,1353,1671,1365,1691,1396,1514,1383,1513,1419,1512,1453,1511,1490,1434,1526,1463,1537,1492,1549,1521,1547,1548,1544,1346,1363,1377,1350,1411,1355,1435,1384,1403,1382,1371,1374,1563,1409,1592,1391,1623,1396,1644,1420,1620,1422,1590,1417,1364,1611,1409,1588,1456,1582,1484,1594,1513,1590,1543,1609,1564,1643,1532,1666,1498,1674,1468,1672,1436,1664,1398,1645,1381,1613,1451,1609,1480,1616,1508,1618,1549,1639,1505,1640,1476,1638,1446,1632
2920,h,1,1,1236,1176,1771,1711,97.33333333333333,1204,1367,1195,1437,1192,1506,1198,1575,1223,1638,1267,1688,1323,1726,1379,1760,1440,1780,1499,1777,1549,1746,1596,1708,1631,1658,1657,1605,1677,1549,1690,1493,1695,1438,1298,1329,1341,1305,1393,1302,1444,1315,1492,1336,1553,1353,1594,1350,1634,1352,1671,1364,1690,1396,1514,1385,1513,1420,1512,1454,1510,1490,1435,1526,1464,1537,1492,1549,1521,1548,1548,1544,1346,1363,1376,1349,1410,1355,1435,1386,1403,1383,1370,1376,1563,1410,1591,1390,1622,1394,1643,1419,1619,1422,1589,1418,1368,1609,1412,1587,1458,1581,1485,1593,1513,1590,1544,1608,1563,1641,1533,1662,1500,1669,1471,1667,1440,1659,1401,1640,1385,1611,1453,1608,1482,1615,1509,1618,1548,1637,1507,1637,1478,1635,1449,1628
2921,h,1,1,1236,1176,1771,1711,97.36666666666666,1202,1370,1193,1439,1190,1508,1198,1576,1223,1638,1268,1687,1323,1725,1377,1760,1438,1780,1496,1778,1545,1748,1592,1711,1629,1662,1655,1608,1676,1552,1690,1495,1695,1440,1298,1327,1341,1303,1392,1302,1443,1315,1490,1336,1555,1353,1596,1349,1636,1351,1672,1364,1690,1395,1515,1386,1513,1421,1513,1454,1512,1490,1435,1527,1464,1537,1494,1549,1522,1548,1549,1545,1344,1364,1376,1351,1410,1357,1434,1386,1402,1383,1369,1376,1564,1411,1593,1392,1624,1397,1645,1421,1621,1424,1591,1419,1368,1609,1413,1587,1459,1581,1486,1593,1514,1590,1545,1608,1567,1642,1534,1662,1500,1670,1470,1667,1440,1660,1402,1641,1384,1611,1454,1609,1482,1615,1510,1618,1552,1638,1507,1637,1478,1634,1450,1628
2922,h,1,1,1236,1176,1771,1711,97.4,1201,1371,1192,1439,1189,1509,1197,1577,1223,1639,1269,1689,1324,1727,1379,1761,1440,1779,1498,1776,1547,1745,1593,1707,1630,1657,1656,1605,1678,1550,1691,1495,1696,1441,1301,1326,1344,1303,1395,1302,1446,1316,1492,1336,1556,1356,1596,1352,1636,1354,1673,1364,1692,1394,1517,1386,1515,1421,1514,1454,1513,1490,1436,1528,1465,1539,1494,1551,1522,1549,1549,1546,1345,1365,1377,1352,1411,1358,1435,1388,1403,1384,1370,1377,1565,1412,1594,1394,1625,1398,1646,1421,1622,1425,1592,1420,1366,1609,1411,1588,1459,1583,1486,1594,1515,1591,1545,1609,1566,1641,1533,1662,1500,1671,1470,1669,1440,1661,1400,1642,1383,1612,1453,1609,1482,1616,1510,1618,1552,1638,1506,1636,1478,1635,1449,1628
2923,h,1,1,1236,1176,1771,1711,97.43333333333334,1201,1371,1192,1439,1189,1509,1197,1577,1223,1639,1269,1689,1324,1727,1379,1761,1440,1779,1498,1776,1547,1745,1593,1707,1630,1657,1656,1605,1678,1550,1691,1495,1696,1441,1301,1326,1344,1303,1395,1302,1446,1316,1492,1336,1556,1356,1596,1352,1636,1354,1673,1364,1692,1394,1517,1386,1515,1421,1514,1454,1513,1490,1436,1528,1465,1539,1494,1551,1522,1549,1549,1546,1345,1365,1377,1352,1411,1358,1435,1388,1403,1384,1370,1377,1565,1412,1594,1394,1625,1398,1646,1421,1622,1425,1592,1420,1366,1609,1411,1588,1459,1583,1486,1594,1515,1591,1545,1609,1566,1641,1533,1662,1500,1671,1470,1669,1440,1661,1400,1642,1383,1612,1453,1609,1482,1616,1510,1618,1552,1638,1506,1636,1478,1635,1449,1628
2924,h,1,1,1236,1176,1771,1711,97.46666666666667,1205,1366,1195,1435,1191,1505,1199,1574,1224,1636,1269,1686,1323,1725,1377,1759,1438,1779,1496,1776,1545,1746,1593,1708,1631,1658,1657,1605,1679,1550,1694,1494,1698,1439,1302,1328,1345,1304,1396,1301,1446,1313,1493,1334,1556,1352,1597,1347,1638,1350,1674,1362,1693,1395,1516,1385,1514,1421,1513,1455,1511,1491,1437,1528,1466,1539,1494,1550,1523,1548,1550,1544,1349,1366,1379,1352,1413,1358,1437,1387,1405,1384,1373,1377,1564,1411,1593,1392,1624,1396,1645,1421,1621,1423,1591,1418,1369,1610,1414,1589,1460,1584,1488,1595,1516,1591,1545,1608,1566,1640,1535,1660,1502,1668,1473,1666,1442,1659,1404,1641,1386,1612,1456,1609,1484,1614,1511,1617,1552,1637,1508,1636,1480,1634,1451,1629
2925,h,1,1,1236,1176,1771,1711,97.5,1203,1370,1193,1439,1190,1509,1198,1579,1221,1644,1266,1695,1322,1733,1380,1767,1442,1785,1501,1782,1550,1750,1597,1712,1632,1660,1657,1605,1679,1550,1692,1494,1697,1440,1305,1328,1348,1305,1398,1303,1449,1317,1497,1338,1560,1355,1599,1351,1638,1353,1673,1365,1692,1395,1519,1388,1518,1423,1517,1457,1516,1493,1441,1530,1469,1541,1497,1553,1525,1551,1551,1547,1350,1367,1382,1355,1414,1361,1438,1389,1407,1386,1375,1379,1568,1413,1597,1396,1627,1401,1647,1423,1624,1426,1594,1421,1371,1612,1417,1590,1464,1586,1491,1597,1518,1594,1548,1611,1568,1644,1536,1664,1503,1673,1474,1670,1444,1663,1405,1644,1388,1614,1458,1613,1486,1619,1513,1622,1553,1640,1510,1639,1482,1637,1453,1631
2926,h,1,1,1236,1176,1771,1711,97.53333333333333,1205,1368,1195,1438,1192,1510,1200,1579,1226,1642,1272,1694,1328,1732,1383,1767,1445,1786,1503,1783,1550,1750,1595,1711,1631,1660,1658,1606,1679,1552,1693,1495,1697,1440,1306,1328,1348,1305,1397,1304,1448,1317,1494,1338,1558,1355,1598,1351,1637,1354,1672,1367,1690,1398,1519,1387,1517,1423,1517,1457,1516,1494,1440,1530,1469,1541,1498,1553,1526,1551,1552,1547,1351,1367,1381,1356,1414,1361,1437,1389,1406,1386,1375,1378,1567,1412,1596,1396,1625,1401,1646,1423,1623,1425,1594,1420,1372,1614,1415,1591,1463,1586,1490,1598,1518,1595,1548,1612,1567,1647,1537,1669,1504,1678,1474,1676,1444,1668,1405,1648,1388,1616,1458,1612,1486,1618,1513,1621,1553,1643,1510,1644,1482,1643,1453,1636
2927,h,1,1,1236,1176,1771,1711,97.56666666666666,1205,1368,1195,1438,1192,1510,1200,1579,1226,1642,1272,1694,1328,1732,1383,1767,1445,1786,1503,1783,1550,1750,1595,1711,1631,1660,1658,1606,1679,1552,1693,1495,1697,1440,1306,1328,1348,1305,1397,1304,1448,1317,1494,1338,1558,1355,1598,1351,1637,1354,1672,1367,1690,1398,1519,1387,1517,1423,1517,1457,1516,1494,1440,1530,1469,1541,1498,1553,1526,1551,1552,1547,1351,1367,1381,1356,1414,1361,1437,1389,1406,1386,1375,1378,1567,1412,1596,1396,1625,1401,1646,1423,1623,1425,1594,1420,1372,1614,1415,1591,1463,1586,1490,1598,1518,1595,1548,1612,1567,1647,1537,1669,1504,1678,1474,1676,1444,1668,1405,1648,1388,1616,1458,1612,1486,1618,1513,1621,1553,1643,1510,1644,1482,1643,1453,1636
2928,h,1,1,1277,1277,1723,1723,97.6,1211,1364,1204,1434,1203,1504,1207,1573,1229,1638,1270,1690,1323,1731,1380,1765,1445,1783,1505,1781,1554,1752,1597,1713,1630,1664,1654,1610,1673,1555,1687,1499,1693,1443,1303,1329,1348,1307,1400,1306,1451,1320,1497,1342,1561,1360,1601,1355,1641,1358,1677,1370,1695,1401,1522,1389,1520,1425,1519,1459,1518,1496,1443,1531,1471,1541,1500,1553,1526,1551,1552,1548,1351,1368,1383,1359,1415,1364,1439,1391,1408,1387,1377,1379,1568,1415,1598,1400,1627,1405,1648,1426,1624,1428,1595,1423,1372,1613,1417,1593,1463,1588,1491,1600,1519,1597,1547,1614,1567,1646,1538,1666,1506,1672,1476,1670,1446,1663,1406,1644,1387,1615,1458,1614,1487,1620,1515,1622,1553,1642,1512,1642,1484,1640,1454,1633
2929,h,1,1,1236,1176,1771,1711,97.63333333333334,1214,1366,1204,1435,1199,1505,1204,1574,1226,1638,1269,1689,1324,1728,1379,1762,1441,1781,1500,1780,1550,1750,1595,1712,1632,1662,1658,1608,1680,1553,1692,1496,1696,1442,1311,1330,1353,1307,1403,1307,1453,1320,1499,1341,1558,1359,1599,1356,1638,1359,1674,1372,1691,1405,1521,1389,1519,1424,1518,1458,1516,1494,1444,1531,1471,1542,1500,1553,1527,1552,1553,1548,1357,1371,1387,1361,1419,1366,1444,1392,1412,1391,1381,1384,1568,1416,1596,1401,1626,1406,1647,1427,1623,1431,1594,1426,1378,1610,1423,1594,1468,1590,1494,1602,1520,1599,1548,1614,1569,1644,1537,1659,1506,1664,1478,1660,1450,1653,1413,1637,1394,1612,1462,1615,1490,1621,1515,1624,1556,1640,1513,1634,1486,1631,1458,1624
2930,h,1,1,1236,1176,1771,1711,97.66666666666667,1214,1366,1204,1435,1199,1505,1204,1574,1226,1638,1269,1689,1324,1728,1379,1762,1441,1781,1500,1780,1550,1750,1595,1712,1632,1662,1658,1608,1680,1553,1692,1496,1696,1442,1311,1330,1353,1307,1403,1307,1453,1320,1499,1341,1558,1359,1599,1356,1638,1359,1674,1372,1691,1405,1521,1389,1519,1424,1518,1458,1516,1494,1444,1531,1471,1542,1500,1553,1527,1552,1553,1548,1357,1371,1387,1361,1419,1366,1444,1392,1412,1391,1381,1384,1568,1416,1596,1401,1626,1406,1647,1427,1623,1431,1594,1426,1378,1610,1423,1594,1468,1590,1494,1602,1520,1599,1548,1614,1569,1644,1537,1659,1506,1664,1478,1660,1450,1653,1413,1637,1394,1612,1462,1615,1490,1621,1515,1624,1556,1640,1513,1634,1486,1631,1458,1624
2932,h,1,1,1236,1176,1771,1711,97.73333333333333,1210,1367,1199,1432,1194,1500,1201,1567,1225,1630,1269,1681,1325,1719,1379,1752,1439,1771,1496,1771,1545,1741,1593,1704,1631,1657,1659,1604,1682,1551,1695,1498,1699,1445,1312,1327,1355,1305,1405,1306,1455,1319,1500,1341,1565,1359,1604,1356,1643,1358,1678,1370,1696,1402,1524,1388,1522,1423,1521,1457,1519,1494,1447,1529,1474,1540,1502,1552,1529,1550,1554,1546,1357,1367,1388,1357,1420,1363,1444,1388,1412,1385,1381,1378,1572,1412,1602,1398,1630,1404,1650,1425,1627,1426,1599,1420,1378,1607,1426,1591,1471,1587,1496,1599,1522,1595,1549,1609,1568,1637,1537,1650,1507,1655,1480,1654,1452,1647,1415,1631,1393,1609,1465,1611,1492,1618,1517,1619,1555,1634,1514,1625,1488,1623,1461,1617
2933,h,1,1,1236,1176,1771,1711,97.76666666666667,1214,1368,1203,1436,1198,1506,1204,1575,1226,1639,1270,1690,1325,1729,1380,1761,1442,1780,1500,1778,1549,1748,1594,1710,1631,1661,1659,1608,1682,1554,1696,1500,1701,1447,1311,1328,1354,1306,1405,1306,1456,1319,1502,1340,1566,1360,1605,1357,1644,1360,1679,1370,1698,1400,1525,1388,1523,1423,1522,1456,1521,1493,1446,1529,1474,1540,1502,1552,1529,1551,1555,1547,1357,1366,1389,1356,1421,1361,1446,1387,1414,1384,1383,1377,1573,1411,1603,1398,1632,1403,1652,1424,1628,1426,1600,1420,1377,1608,1422,1591,1468,1587,1495,1599,1522,1595,1551,1611,1572,1641,1539,1656,1506,1664,1477,1662,1447,1654,1410,1635,1392,1610,1462,1611,1491,1618,1517,1620,1558,1637,1513,1632,1486,1630,1457,1623
2934,h,1,1,1236,1176,1771,1711,97.8,1214,1368,1203,1436,1198,1506,1204,1575,1226,1639,1270,1690,1325,1729,1380,1761,1442,1780,1500,1778,1549,1748,1594,1710,1631,1661,1659,1608,1682,1554,1696,1500,1701,1447,1311,1328,1354,1306,1405,1306,1456,1319,1502,1340,1566,1360,1605,1357,1644,1360,1679,1370,1698,1400,1525,1388,1523,1423,1522,1456,1521,1493,1446,1529,1474,1540,1502,1552,1529,1551,1555,1547,1357,1366,1389,1356,1421,1361,1446,1387,1414,1384,1383,1377,1573,1411,1603,1398,1632,1403,1652,1424,1628,1426,1600,1420,1377,1608,1422,1591,1468,1587,1495,1599,1522,1595,1551,1611,1572,1641,1539,1656,1506,1664,1477,1662,1447,1654,1410,1635,1392,1610,1462,1611,1491,1618,1517,1620,1558,1637,1513,1632,1486,1630,1457,1623
2935,h,1,1,1236,1176,1771,1711,97.83333333333333,1208,1366,1198,1434,1195,1504,1202,1573,1227,1637,1272,1689,1328,1731,1382,1768,1443,1789,1501,1785,1549,1750,1595,1708,1633,1657,1662,1602,1685,1546,1697,1490,1701,1437,1310,1329,1352,1307,1402,1306,1453,1320,1500,1341,1564,1358,1604,1355,1643,1356,1678,1369,1695,1400,1525,1389,1523,1424,1522,1458,1521,1494,1447,1529,1476,1540,1504,1552,1531,1550,1557,1546,1356,1368,1387,1357,1419,1362,1443,1388,1411,1385,1380,1378,1574,1411,1603,1397,1631,1402,1651,1423,1627,1425,1600,1419,1378,1612,1421,1588,1469,1584,1497,1596,1524,1593,1553,1609,1569,1644,1540,1667,1509,1679,1479,1678,1448,1669,1408,1647,1394,1614,1464,1611,1492,1617,1519,1620,1555,1641,1515,1645,1487,1644,1458,1637
2936,h,1,1,1236,1176,1771,1711,97.86666666666666,1211,1367,1200,1436,1197,1506,1204,1575,1229,1639,1274,1690,1330,1731,1385,1765,1446,1785,1503,1782,1550,1749,1596,1710,1632,1660,1660,1606,1682,1551,1695,1495,1701,1441,1311,1329,1354,1305,1405,1305,1456,1318,1503,1339,1567,1357,1607,1354,1647,1357,1683,1368,1700,1398,1528,1390,1526,1424,1525,1457,1524,1493,1448,1529,1477,1540,1505,1552,1533,1550,1559,1547,1357,1367,1389,1356,1422,1361,1447,1390,1415,1386,1382,1379,1575,1414,1605,1398,1635,1402,1655,1425,1632,1427,1603,1422,1383,1609,1425,1588,1472,1584,1499,1596,1526,1593,1556,1611,1573,1645,1543,1667,1510,1677,1481,1675,1451,1666,1413,1644,1399,1612,1467,1609,1494,1616,1521,1619,1559,1641,1517,1646,1489,1643,1461,1636
2937,h,1,1,1236,1176,1771,1711,97.9,1215,1367,1204,1436,1201,1506,1207,1576,1232,1639,1278,1691,1333,1731,1387,1767,1448,1788,1506,1785,1553,1751,1599,1712,1636,1662,1666,1608,1688,1553,1701,1497,1704,1442,1318,1326,1361,1304,1410,1304,1460,1319,1505,1340,1569,1359,1609,1356,1647,1358,1682,1370,1700,1400,1529,1389,1528,1424,1527,1457,1526,1493,1450,1528,1479,1540,1507,1551,1535,1550,1561,1547,1363,1365,1394,1355,1426,1361,1450,1387,1418,1384,1387,1377,1578,1413,1607,1398,1636,1404,1656,1425,1632,1426,1604,1421,1381,1612,1425,1587,1473,1582,1500,1595,1529,1591,1558,1609,1574,1645,1545,1667,1512,1678,1482,1676,1452,1668,1413,1647,1398,1614,1467,1609,1496,1615,1523,1618,1560,1641,1519,1644,1491,1643,1462,1636
2938,h,1,1,1236,1176,1771,1711,97.93333333333334,1215,1367,1204,1436,1201,1506,1207,1576,1232,1639,1278,1691,1333,1731,1387,1767,1448,1788,1506,1785,1553,1751,1599,1712,1636,1662,1666,1608,1688,1553,1701,1497,1704,1442,1318,1326,1361,1304,1410,1304,1460,1319,1505,1340,1569,1359,1609,1356,1647,1358,1682,1370,1700,1400,1529,1389,1528,1424,1527,1457,1526,1493,1450,1528,1479,1540,1507,1551,1535,1550,1561,1547,1363,1365,1394,1355,1426,1361,1450,1387,1418,1384,1387,1377,1578,1413,1607,1398,1636,1404,1656,1425,1632,1426,1604,1421,1381,1612,1425,1587,1473,1582,1500,1595,1529,1591,1558,1609,1574,1645,1545,1667,1512,1678,1482,1676,1452,1668,1413,1647,1398,1614,1467,1609,1496,1615,1523,1618,1560,1641,1519,1644,1491,1643,1462,1636
2939,h,1,1,1236,1176,1771,1711,97.96666666666667,1213,1367,1202,1436,1199,1506,1207,1575,1232,1639,1277,1691,1333,1731,1387,1767,1449,1788,1507,1784,1554,1752,1600,1713,1637,1664,1666,1611,1689,1556,1703,1499,1707,1444,1316,1323,1360,1303,1411,1302,1461,1316,1507,1338,1573,1356,1614,1354,1653,1356,1688,1369,1706,1398,1533,1388,1531,1422,1530,1455,1529,1491,1451,1528,1480,1539,1509,1551,1536,1550,1562,1547,1362,1365,1394,1353,1427,1358,1451,1387,1419,1384,1387,1377,1579,1413,1609,1396,1638,1402,1659,1425,1635,1426,1606,1421,1382,1610,1427,1587,1474,1582,1501,1595,1529,1592,1559,1610,1575,1644,1545,1668,1512,1678,1483,1676,1452,1667,1414,1645,1399,1612,1469,1609,1497,1616,1524,1619,1561,1641,1520,1643,1491,1641,1462,1634
2940,h,1,1,1236,1176,1771,1711,98.0,1217,1367,1206,1436,1202,1506,1210,1575,1236,1638,1280,1689,1335,1731,1388,1767,1450,1788,1508,1785,1555,1752,1600,1713,1637,1663,1666,1610,1690,1555,1704,1499,1708,1445,1323,1323,1366,1302,1415,1302,1465,1315,1510,1336,1574,1354,1614,1352,1653,1354,1688,1365,1705,1395,1534,1389,1533,1423,1532,1456,1531,1491,1455,1527,1483,1539,1511,1551,1538,1550,1564,1547,1367,1365,1398,1353,1431,1358,1454,1386,1423,1383,1391,1376,1581,1411,1610,1396,1640,1401,1660,1424,1637,1426,1608,1421,1385,1612,1429,1587,1477,1582,1503,1594,1532,1592,1562,1609,1577,1647,1548,1670,1515,1681,1485,1679,1455,1671,1416,1649,1402,1614,1471,1610,1499,1616,1526,1620,1563,1643,1522,1645,1493,1643,1465,1636
2941,h,1,1,1236,1176,1771,1711,98.03333333333333,1219,1368,1208,1438,1204,1509,1211,1578,1238,1641,1283,1692,1338,1733,1392,1768,1451,1789,1508,1786,1554,1753,1600,1713,1637,1663,1667,1609,1692,1554,1705,1498,1710,1445,1324,1323,1367,1302,1416,1302,1465,1316,1509,1338,1573,1354,1613,1351,1651,1354,1685,1366,1703,1395,1534,1388,1532,1423,1532,1456,1531,1491,1454,1528,1483,1539,1512,1551,1540,1550,1566,1546,1365,1366,1397,1354,1430,1359,1453,1387,1423,1385,1391,1377,1582,1412,1611,1395,1640,1401,1660,1424,1637,1426,1608,1421,1387,1614,1431,1587,1478,1583,1505,1594,1533,1591,1563,1610,1578,1646,1550,1670,1517,1681,1487,1680,1457,1671,1418,1649,1403,1615,1473,1609,1500,1615,1528,1618,1565,1643,1524,1647,1495,1645,1466,1638
2942,h,1,1,1236,1176,1771,1711,98.06666666666666,1219,1368,1208,1438,1204,1509,1211,1578,1238,1641,1283,1692,1338,1733,1392,1768,1451,1789,1508,1786,1554,1753,1600,1713,1637,1663,1667,1609,1692,1554,1705,1498,1710,1445,1324,1323,1367,1302,1416,1302,1465,1316,1509,1338,1573,1354,1613,1351,1651,1354,1685,1366,1703,1395,1534,1388,1532,1423,1532,1456,1531,1491,1454,1528,1483,1539,1512,1551,1540,1550,1566,1546,1365,1366,1397,1354,1430,1359,1453,1387,1423,1385,1391,1377,1582,1412,1611,1395,1640,1401,1660,1424,1637,1426,1608,1421,1387,1614,1431,1587,1478,1583,1505,1594,1533,1591,1563,1610,1578,1646,1550,1670,1517,1681,1487,1680,1457,1671,1418,1649,1403,1615,1473,1609,1500,1615,1528,1618,1565,1643,1524,1647,1495,1645,1466,1638
2943,h,1,1,1236,1176,1771,1711,98.1,1220,1369,1209,1437,1205,1508,1212,1576,1238,1639,1284,1691,1339,1732,1393,1768,1453,1789,1511,1786,1558,1754,1603,1715,1640,1665,1669,1612,1693,1557,1706,1501,1711,1447,1325,1325,1367,1303,1417,1301,1468,1314,1513,1336,1578,1354,1618,1352,1656,1355,1691,1368,1707,1398,1538,1388,1536,1424,1535,1458,1534,1495,1456,1528,1486,1541,1515,1553,1543,1552,1568,1548,1369,1363,1400,1351,1434,1357,1457,1387,1426,1384,1394,1376,1583,1413,1612,1395,1642,1400,1662,1424,1639,1427,1610,1422,1386,1612,1430,1586,1478,1582,1505,1594,1534,1592,1564,1610,1580,1646,1551,1671,1518,1681,1487,1679,1457,1671,1418,1648,1402,1614,1473,1609,1501,1615,1529,1618,1566,1642,1525,1648,1495,1646,1467,1639
2944,h,1,1,1236,1176,1771,1711,98.13333333333334,1220,1369,1209,1438,1206,1508,1213,1576,1238,1639,1284,1690,1339,1730,1394,1766,1456,1786,1513,1782,1559,1750,1604,1711,1641,1662,1669,1609,1693,1556,1706,1502,1710,1449,1325,1325,1369,1303,1419,1301,1470,1315,1516,1338,1579,1354,1619,1352,1657,1356,1691,1368,1708,1397,1541,1389,1539,1424,1539,1458,1538,1495,1459,1528,1489,1540,1517,1553,1545,1552,1570,1548,1371,1363,1403,1348,1437,1354,1460,1387,1429,1384,1396,1376,1585,1413,1614,1393,1645,1397,1664,1424,1642,1427,1612,1422,1389,1610,1433,1587,1481,1583,1508,1596,1537,1593,1566,1611,1582,1645,1553,1670,1520,1680,1489,1677,1459,1669,1420,1646,1405,1612,1476,1610,1503,1616,1532,1620,1568,1642,1527,1646,1497,1644,1469,1637
2945,h,1,1,1236,1176,1771,1711,98.16666666666667,1220,1369,1209,1438,1206,1508,1213,1576,1238,1639,1284,1690,1339,1730,1394,1766,1456,1786,1513,1782,1559,1750,1604,1711,1641,1662,1669,1609,1693,1556,1706,1502,1710,1449,1325,1325,1369,1303,1419,1301,1470,1315,1516,1338,1579,1354,1619,1352,1657,1356,1691,1368,1708,1397,1541,1389,1539,1424,1539,1458,1538,1495,1459,1528,1489,1540,1517,1553,1545,1552,1570,1548,1371,1363,1403,1348,1437,1354,1460,1387,1429,1384,1396,1376,1585,1413,1614,1393,1645,1397,1664,1424,1642,1427,1612,1422,1389,1610,1433,1587,1481,1583,1508,1596,1537,1593,1566,1611,1582,1645,1553,1670,1520,1680,1489,1677,1459,1669,1420,1646,1405,1612,1476,1610,1503,1616,1532,1620,1568,1642,1527,1646,1497,1644,1469,1637
2946,h,1,1,1236,1176,1771,1711,98.2,1220,1368,1211,1437,1207,1507,1214,1576,1240,1638,1285,1689,1341,1728,1395,1766,1458,1787,1517,1784,1564,1751,1610,1712,1647,1663,1675,1610,1697,1556,1710,1502,1715,1449,1327,1326,1371,1305,1422,1305,1472,1319,1518,1342,1581,1361,1621,1358,1660,1360,1695,1374,1712,1404,1541,1392,1540,1426,1539,1459,1538,1495,1460,1529,1489,1542,1518,1555,1546,1553,1572,1549,1371,1366,1402,1353,1436,1359,1459,1389,1428,1385,1396,1378,1587,1416,1616,1399,1646,1404,1667,1429,1643,1430,1614,1424,1387,1609,1433,1586,1481,1583,1508,1596,1538,1593,1568,1611,1586,1645,1555,1667,1521,1676,1490,1673,1459,1664,1420,1642,1404,1611,1475,1610,1504,1617,1533,1620,1572,1641,1528,1642,1498,1639,1469,1632
2947,h,1,1,1236,1176,1771,1711,98.23333333333333,1225,1369,1215,1438,1211,1509,1218,1577,1245,1640,1292,1690,1347,1728,1402,1763,1462,1783,1518,1781,1565,1748,1611,1712,1649,1664,1677,1612,1699,1557,1711,1502,1715,1448,1327,1327,1371,1304,1422,1304,1472,1320,1518,1342,1583,1360,1624,1358,1663,1362,1697,1375,1714,1407,1544,1392,1542,1427,1541,1461,1540,1497,1462,1530,1491,1542,1520,1555,1547,1553,1573,1550,1375,1365,1406,1353,1438,1359,1461,1389,1431,1385,1400,1377,1589,1417,1618,1399,1647,1405,1667,1430,1644,1431,1616,1425,1392,1606,1438,1587,1485,1585,1512,1597,1542,1595,1570,1611,1587,1642,1557,1661,1525,1668,1494,1666,1464,1658,1425,1637,1407,1608,1479,1609,1508,1617,1536,1619,1573,1638,1532,1637,1502,1635,1474,1628
2948,h,1,1,1236,1176,1771,1711,98.26666666666667,1225,1367,1213,1436,1209,1508,1216,1575,1243,1637,1290,1688,1345,1726,1397,1761,1457,1782,1513,1780,1561,1749,1608,1712,1647,1664,1676,1612,1699,1557,1713,1502,1717,1450,1331,1323,1376,1303,1426,1304,1475,1319,1521,1341,1586,1361,1625,1360,1663,1362,1696,1374,1712,1403,1546,1393,1544,1427,1543,1460,1542,1495,1464,1530,1493,1542,1521,1554,1549,1553,1574,1550,1377,1365,1408,1353,1440,1359,1462,1389,1432,1385,1401,1377,1591,1416,1618,1399,1648,1405,1667,1429,1645,1431,1616,1425,1394,1604,1439,1586,1486,1583,1512,1596,1541,1594,1570,1611,1587,1641,1556,1661,1524,1668,1493,1665,1464,1657,1426,1637,1410,1608,1480,1608,1508,1615,1536,1618,1573,1638,1531,1638,1502,1635,1474,1628
2949,h,1,1,1236,1176,1771,1711,98.3,1225,1367,1213,1436,1209,1508,1216,1575,1243,1637,1290,1688,1345,1726,1397,1761,1457,1782,1513,1780,1561,1749,1608,1712,1647,1664,1676,1612,1699,1557,1713,1502,1717,1450,1331,1323,1376,1303,1426,1304,1475,1319,1521,1341,1586,1361,1625,1360,1663,1362,1696,1374,1712,1403,1546,1393,1544,1427,1543,1460,1542,1495,1464,1530,1493,1542,1521,1554,1549,1553,1574,1550,1377,1365,1408,1353,1440,1359,1462,1389,1432,1385,1401,1377,1591,1416,1618,1399,1648,1405,1667,1429,1645,1431,1616,1425,1394,1604,1439,1586,1486,1583,1512,1596,1541,1594,1570,1611,1587,1641,1556,1661,1524,1668,1493,1665,1464,1657,1426,1637,1410,1608,1480,1608,1508,1615,1536,1618,1573,1638,1531,1638,1502,1635,1474,1628
2950,h,1,1,1236,1176,1771,1711,98.33333333333333,1221,1371,1211,1440,1207,1509,1215,1576,1240,1638,1288,1688,1344,1727,1399,1761,1458,1780,1514,1779,1560,1748,1607,1711,1646,1663,1675,1611,1697,1557,1710,1501,1714,1450,1330,1325,1375,1304,1426,1305,1475,1320,1521,1342,1584,1360,1623,1360,1662,1363,1694,1377,1709,1407,1545,1393,1544,1427,1544,1460,1544,1495,1465,1530,1494,1541,1523,1554,1550,1553,1575,1549,1373,1367,1404,1354,1437,1360,1460,1390,1430,1387,1398,1379,1590,1417,1618,1400,1647,1405,1667,1429,1644,1431,1616,1426,1394,1607,1440,1586,1487,1584,1513,1596,1541,1594,1569,1612,1586,1643,1555,1662,1524,1669,1494,1666,1465,1658,1427,1638,1410,1609,1481,1609,1508,1616,1535,1620,1573,1639,1531,1637,1503,1634,1475,1628
2951,h,1,1,1236,1176,1771,1711,98.36666666666666,1225,1370,1214,1438,1209,1509,1217,1576,1244,1638,1293,1688,1349,1727,1404,1762,1463,1782,1517,1780,1563,1749,1609,1712,1647,1664,1677,1612,1700,1557,1712,1502,1717,1450,1334,1324,1378,1304,1429,1306,1478,1321,1523,1343,1586,1362,1626,1360,1664,1362,1697,1375,1713,1405,1548,1394,1546,1428,1546,1461,1545,1496,1466,1530,1495,1541,1524,1554,1551,1553,1576,1550,1376,1367,1407,1355,1439,1361,1461,1390,1432,1387,1401,1379,1592,1418,1620,1401,1649,1406,1668,1430,1646,1431,1618,1426,1397,1607,1442,1587,1489,1585,1515,1597,1544,1595,1571,1612,1588,1644,1558,1661,1527,1667,1497,1664,1468,1656,1430,1637,1412,1609,1483,1611,1510,1618,1539,1621,1574,1640,1534,1637,1505,1634,1478,1627
2952,h,1,1,1236,1176,1771,1711,98.4,1227,1368,1215,1437,1211,1507,1219,1575,1245,1637,1294,1686,1351,1722,1405,1756,1464,1776,1519,1774,1566,1743,1612,1706,1650,1659,1678,1607,1700,1553,1713,1498,1716,1446,1335,1321,1380,1303,1430,1305,1478,1321,1523,1344,1587,1361,1625,1360,1663,1362,1696,1374,1713,1403,1547,1393,1546,1428,1546,1461,1545,1497,1467,1530,1496,1542,1524,1554,1551,1553,1576,1550,1378,1366,1409,1355,1440,1361,1463,1390,1433,1386,1403,1378,1593,1417,1621,1401,1650,1406,1669,1430,1647,1431,1619,1426,1397,1606,1444,1587,1490,1585,1516,1597,1544,1596,1571,1612,1589,1642,1558,1659,1527,1666,1498,1662,1469,1654,1431,1636,1413,1609,1484,1610,1511,1617,1538,1620,1576,1639,1535,1635,1506,1632,1479,1626
2953,h,1,1,1236,1176,1771,1711,98.43333333333334,1227,1368,1215,1437,1211,1507,1219,1575,1245,1637,1294,1686,1351,1722,1405,1756,1464,1776,1519,1774,1566,1743,1612,1706,1650,1659,1678,1607,1700,1553,1713,1498,1716,1446,1335,1321,1380,1303,1430,1305,1478,1321,1523,1344,1587,1361,1625,1360,1663,1362,1696,1374,1713,1403,1547,1393,1546,1428,1546,1461,1545,1497,1467,1530,1496,1542,1524,1554,1551,1553,1576,1550,1378,1366,1409,1355,1440,1361,1463,1390,1433,1386,1403,1378,1593,1417,1621,1401,1650,1406,1669,1430,1647,1431,1619,1426,1397,1606,1444,1587,1490,1585,1516,1597,1544,1596,1571,1612,1589,1642,1558,1659,1527,1666,1498,1662,1469,1654,1431,1636,1413,1609,1484,1610,1511,1617,1538,1620,1576,1639,1535,1635,1506,1632,1479,1626
2954,h,1,1,1236,1176,1771,1711,98.46666666666667,1229,1370,1217,1439,1213,1509,1221,1577,1246,1639,1294,1688,1350,1726,1404,1761,1464,1781,1519,1779,1566,1748,1612,1711,1650,1663,1679,1611,1701,1556,1714,1501,1718,1451,1336,1324,1381,1303,1431,1305,1480,1321,1525,1343,1588,1362,1626,1360,1664,1362,1697,1375,1713,1405,1549,1393,1547,1427,1547,1460,1545,1496,1468,1531,1497,1542,1525,1554,1552,1553,1577,1551,1380,1365,1411,1355,1443,1361,1464,1390,1435,1386,1404,1378,1595,1417,1623,1402,1652,1407,1670,1430,1649,1432,1621,1426,1398,1607,1444,1587,1491,1585,1516,1597,1545,1595,1573,1612,1591,1643,1560,1659,1528,1665,1498,1662,1470,1654,1432,1636,1414,1609,1485,1610,1512,1617,1540,1620,1577,1639,1535,1635,1507,1632,1480,1625
2955,h,1,1,1236,1176,1771,1711,98.5,1231,1370,1220,1439,1216,1509,1222,1577,1248,1639,1296,1688,1353,1725,1407,1759,1466,1779,1521,1777,1567,1746,1613,1709,1651,1662,1680,1610,1703,1557,1714,1502,1718,1451,1337,1323,1382,1304,1432,1305,1480,1320,1524,1343,1590,1362,1628,1360,1665,1363,1698,1375,1714,1405,1549,1393,1548,1427,1548,1461,1547,1496,1469,1530,1498,1541,1527,1554,1554,1553,1579,1551,1381,1366,1411,1356,1443,1362,1464,1390,1435,1387,1405,1378,1595,1417,1623,1402,1652,1408,1671,1430,1649,1432,1621,1426,1399,1604,1446,1587,1492,1585,1518,1598,1546,1595,1573,1612,1591,1641,1560,1660,1529,1667,1500,1664,1471,1656,1433,1637,1414,1608,1487,1610,1513,1617,1540,1620,1577,1638,1536,1636,1508,1633,1481,1627
2956,h,1,1,1236,1176,1771,1711,98.53333333333333,1233,1366,1221,1434,1216,1504,1223,1572,1250,1634,1298,1684,1355,1721,1408,1756,1467,1776,1520,1773,1566,1744,1612,1708,1651,1661,1680,1610,1704,1556,1716,1502,1719,1450,1340,1325,1384,1304,1434,1305,1484,1319,1528,1342,1588,1359,1627,1358,1665,1361,1699,1375,1715,1406,1551,1392,1550,1427,1549,1460,1548,1496,1469,1529,1499,1541,1527,1553,1554,1553,1580,1550,1387,1364,1416,1354,1447,1361,1468,1389,1440,1386,1409,1377,1595,1416,1623,1400,1651,1406,1671,1429,1648,1430,1620,1425,1400,1603,1446,1587,1493,1586,1518,1598,1547,1595,1574,1611,1591,1641,1561,1659,1530,1666,1500,1664,1472,1656,1434,1636,1415,1607,1487,1610,1514,1617,1541,1620,1577,1637,1537,1635,1509,1632,1482,1626
2957,h,1,1,1236,1176,1771,1711,98.56666666666666,1233,1366,1221,1434,1216,1504,1223,1572,1250,1634,1298,1684,1355,1721,1408,1756,1467,1776,1520,1773,1566,1744,1612,1708,1651,1661,1680,1610,1704,1556,1716,1502,1719,1450,1340,1325,1384,1304,1434,1305,1484,1319,1528,1342,1588,1359,1627,1358,1665,1361,1699,1375,1715,1406,1551,1392,1550,1427,1549,1460,1548,1496,1469,1529,1499,1541,1527,1553,1554,1553,1580,1550,1387,1364,1416,1354,1447,1361,1468,1389,1440,1386,1409,1377,1595,1416,1623,1400,1651,1406,1671,1429,1648,1430,1620,1425,1400,1603,1446,1587,1493,1586,1518,1598,1547,1595,1574,1611,1591,1641,1561,1659,1530,1666,1500,1664,1472,1656,1434,1636,1415,1607,1487,1610,1514,1617,1541,1620,1577,1637,1537,1635,1509,1632,1482,1626
2958,h,1,1,1236,1176,1771,1711,98.6,1234,1366,1222,1434,1218,1504,1224,1572,1251,1634,1298,1682,1353,1719,1406,1754,1465,1773,1518,1773,1564,1744,1610,1709,1649,1664,1679,1613,1702,1559,1715,1503,1719,1449,1340,1325,1385,1305,1435,1306,1484,1321,1528,1344,1589,1363,1627,1361,1664,1364,1698,1377,1714,1406,1552,1393,1550,1427,1550,1460,1549,1496,1471,1531,1499,1542,1528,1553,1554,1553,1579,1551,1386,1364,1416,1353,1448,1360,1470,1390,1440,1386,1409,1378,1595,1417,1623,1400,1652,1406,1672,1429,1649,1431,1620,1426,1402,1604,1448,1588,1495,1585,1519,1597,1547,1595,1574,1612,1590,1642,1562,1661,1530,1668,1501,1666,1474,1658,1435,1638,1417,1608,1489,1610,1514,1617,1541,1620,1577,1639,1538,1637,1509,1634,1483,1628
2959,h,1,1,1236,1176,1771,1711,98.63333333333334,1233,1368,1222,1436,1217,1508,1224,1577,1252,1638,1300,1687,1356,1724,1410,1761,1468,1781,1522,1779,1567,1747,1612,1710,1651,1662,1680,1611,1702,1557,1715,1503,1718,1451,1340,1324,1385,1304,1435,1306,1483,1321,1527,1344,1591,1362,1629,1360,1666,1363,1699,1375,1714,1405,1552,1393,1551,1428,1550,1462,1550,1498,1471,1531,1500,1542,1529,1555,1556,1554,1580,1552,1386,1366,1416,1355,1447,1362,1468,1390,1440,1386,1409,1378,1596,1417,1624,1401,1653,1407,1672,1430,1650,1432,1622,1426,1403,1607,1448,1588,1494,1585,1520,1598,1548,1596,1576,1613,1591,1643,1563,1663,1532,1670,1502,1668,1474,1659,1436,1639,1419,1609,1489,1611,1515,1618,1543,1621,1578,1640,1539,1639,1511,1636,1484,1629
2960,h,1,1,1236,1176,1771,1711,98.66666666666667,1233,1368,1222,1436,1217,1508,1224,1577,1252,1638,1300,1687,1356,1724,1410,1761,1468,1781,1522,1779,1567,1747,1612,1710,1651,1662,1680,1611,1702,1557,1715,1503,1718,1451,1340,1324,1385,1304,1435,1306,1483,1321,1527,1344,1591,1362,1629,1360,1666,1363,1699,1375,1714,1405,1552,1393,1551,1428,1550,1462,1550,1498,1471,1531,1500,1542,1529,1555,1556,1554,1580,1552,1386,1366,1416,1355,1447,1362,1468,1390,1440,1386,1409,1378,1596,1417,1624,1401,1653,1407,1672,1430,1650,1432,1622,1426,1403,1607,1448,1588,1494,1585,1520,1598,1548,1596,1576,1613,1591,1643,1563,1663,1532,1670,1502,1668,1474,1659,1436,1639,1419,1609,1489,1611,1515,1618,1543,1621,1578,1640,1539,1639,1511,1636,1484,1629
2961,h,1,1,1236,1176,1771,1711,98.7,1233,1368,1221,1437,1217,1509,1224,1577,1252,1640,1300,1690,1356,1729,1409,1764,1468,1784,1523,1781,1568,1749,1614,1712,1653,1664,1682,1611,1704,1558,1717,1503,1721,1451,1340,1324,1385,1304,1436,1306,1486,1321,1531,1343,1594,1362,1634,1361,1671,1364,1705,1375,1721,1405,1555,1395,1553,1429,1553,1463,1552,1499,1472,1531,1501,1543,1529,1555,1557,1555,1582,1552,1385,1366,1416,1354,1448,1361,1470,1391,1441,1387,1409,1379,1598,1419,1626,1401,1655,1407,1674,1431,1653,1432,1624,1428,1400,1607,1447,1589,1495,1587,1520,1599,1549,1597,1577,1614,1592,1645,1563,1665,1531,1673,1501,1671,1472,1662,1433,1641,1416,1610,1489,1611,1515,1619,1543,1622,1579,1642,1538,1642,1510,1639,1482,1632
2962,h,1,1,1236,1176,1771,1711,98.73333333333333,1232,1367,1221,1437,1217,1509,1225,1579,1252,1642,1300,1693,1356,1732,1411,1767,1470,1786,1524,1783,1568,1750,1613,1712,1651,1664,1681,1612,1705,1557,1718,1502,1722,1449,1341,1324,1385,1304,1435,1305,1484,1320,1528,1344,1593,1363,1631,1361,1668,1364,1701,1377,1716,1406,1553,1393,1552,1428,1552,1462,1551,1498,1472,1531,1501,1543,1529,1555,1557,1555,1582,1552,1386,1366,1416,1356,1447,1363,1469,1390,1440,1386,1409,1378,1597,1418,1625,1403,1654,1408,1674,1431,1651,1432,1623,1427,1402,1607,1448,1590,1494,1587,1520,1599,1548,1597,1576,1613,1591,1645,1563,1669,1531,1679,1502,1676,1473,1669,1434,1646,1417,1612,1489,1611,1515,1618,1543,1621,1578,1642,1539,1647,1510,1645,1483,1638
2963,h,1,1,1236,1176,1771,1711,98.76666666666667,1231,1369,1220,1439,1216,1511,1224,1580,1252,1643,1300,1693,1357,1731,1411,1766,1469,1785,1524,1782,1569,1750,1615,1712,1652,1664,1681,1612,1705,1557,1717,1502,1721,1450,1341,1321,1387,1302,1437,1304,1486,1320,1530,1342,1592,1361,1630,1360,1667,1362,1700,1374,1716,1404,1553,1392,1552,1427,1552,1461,1551,1497,1473,1531,1501,1543,1529,1555,1556,1554,1582,1552,1385,1365,1416,1354,1447,1360,1469,1390,1440,1385,1409,1377,1598,1417,1626,1400,1655,1406,1674,1430,1652,1432,1624,1426,1403,1609,1448,1589,1495,1587,1521,1598,1549,1597,1577,1614,1591,1646,1563,1668,1532,1676,1502,1674,1473,1666,1435,1645,1418,1612,1489,1611,1516,1618,1544,1621,1579,1643,1539,1645,1510,1643,1483,1636
2964,h,1,1,1236,1176,1771,1711,98.8,1231,1369,1220,1439,1216,1511,1224,1580,1252,1643,1300,1693,1357,1731,1411,1766,1469,1785,1524,1782,1569,1750,1615,1712,1652,1664,1681,1612,1705,1557,1717,1502,1721,1450,1341,1321,1387,1302,1437,1304,1486,1320,1530,1342,1592,1361,1630,1360,1667,1362,1700,1374,1716,1404,1553,1392,1552,1427,1552,1461,1551,1497,1473,1531,1501,1543,1529,1555,1556,1554,1582,1552,1385,1365,1416,1354,1447,1360,1469,1390,1440,1385,1409,1377,1598,1417,1626,1400,1655,1406,1674,1430,1652,1432,1624,1426,1403,1609,1448,1589,1495,1587,1521,1598,1549,1597,1577,1614,1591,1646,1563,1668,1532,1676,1502,1674,1473,1666,1435,1645,1418,1612,1489,1611,1516,1618,1544,1621,1579,1643,1539,1645,1510,1643,1483,1636
2965,h,1,1,1236,1176,1771,1711,98.83333333333333,1234,1370,1223,1439,1219,1509,1226,1578,1252,1640,1299,1690,1355,1728,1408,1763,1466,1784,1521,1781,1568,1749,1615,1711,1653,1662,1683,1609,1706,1555,1718,1501,1722,1449,1340,1323,1385,1303,1435,1305,1484,1320,1529,1342,1594,1361,1633,1360,1670,1362,1703,1376,1718,1405,1553,1393,1551,1428,1551,1462,1550,1498,1473,1531,1502,1544,1530,1556,1556,1555,1582,1551,1384,1367,1416,1354,1448,1360,1471,1391,1441,1387,1409,1379,1598,1418,1627,1401,1657,1406,1676,1431,1654,1433,1625,1427,1403,1610,1449,1590,1497,1587,1522,1599,1550,1597,1578,1614,1593,1646,1564,1668,1532,1677,1503,1674,1474,1667,1435,1645,1418,1613,1491,1612,1517,1619,1544,1622,1580,1643,1540,1645,1512,1642,1485,1636
2966,h,1,1,1236,1176,1771,1711,98.86666666666666,1233,1370,1222,1438,1217,1509,1225,1578,1252,1641,1300,1691,1357,1730,1411,1765,1469,1785,1525,1781,1570,1748,1615,1710,1653,1662,1682,1611,1706,1557,1719,1503,1724,1450,1340,1325,1385,1305,1435,1306,1484,1321,1530,1341,1595,1360,1634,1359,1671,1363,1705,1376,1721,1404,1554,1394,1553,1428,1552,1462,1551,1498,1473,1531,1502,1543,1530,1556,1557,1554,1582,1551,1383,1367,1415,1356,1448,1362,1470,1392,1440,1388,1408,1380,1598,1419,1628,1402,1658,1407,1677,1432,1655,1433,1626,1428,1401,1608,1447,1589,1495,1587,1521,1599,1550,1597,1578,1614,1594,1645,1565,1668,1533,1677,1502,1675,1473,1667,1433,1645,1415,1612,1489,1611,1516,1618,1545,1621,1580,1643,1540,1646,1511,1643,1483,1637
2967,h,1,1,1236,1176,1771,1711,98.9,1232,1367,1220,1437,1216,1508,1223,1577,1250,1641,1298,1690,1356,1727,1409,1762,1467,1781,1522,1780,1568,1749,1614,1711,1652,1663,1682,1611,1705,1557,1718,1503,1722,1452,1342,1322,1388,1304,1437,1305,1486,1320,1530,1342,1596,1360,1634,1359,1670,1362,1702,1374,1717,1403,1555,1394,1554,1428,1554,1462,1553,1497,1474,1531,1503,1543,1532,1555,1559,1554,1584,1552,1385,1365,1417,1354,1449,1361,1470,1391,1441,1387,1410,1379,1600,1418,1628,1401,1657,1407,1676,1430,1655,1432,1626,1427,1404,1610,1450,1590,1497,1587,1522,1600,1551,1597,1577,1615,1593,1647,1564,1668,1533,1676,1504,1674,1475,1666,1437,1645,1419,1613,1491,1612,1517,1619,1545,1622,1580,1644,1541,1645,1512,1643,1485,1636
2968,h,1,1,1236,1176,1771,1711,98.93333333333334,1232,1367,1220,1437,1216,1508,1223,1577,1250,1641,1298,1690,1356,1727,1409,1762,1467,1781,1522,1780,1568,1749,1614,1711,1652,1663,1682,1611,1705,1557,1718,1503,1722,1452,1342,1322,1388,1304,1437,1305,1486,1320,1530,1342,1596,1360,1634,1359,1670,1362,1702,1374,1717,1403,1555,1394,1554,1428,1554,1462,1553,1497,1474,1531,1503,1543,1532,1555,1559,1554,1584,1552,1385,1365,1417,1354,1449,1361,1470,1391,1441,1387,1410,1379,1600,1418,1628,1401,1657,1407,1676,1430,1655,1432,1626,1427,1404,1610,1450,1590,1497,1587,1522,1600,1551,1597,1577,1615,1593,1647,1564,1668,1533,1676,1504,1674,1475,1666,1437,1645,1419,1613,1491,1612,1517,1619,1545,1622,1580,1644,1541,1645,1512,1643,1485,1636
2969,h,1,1,1236,1176,1771,1711,98.96666666666667,1232,1373,1220,1441,1216,1512,1224,1580,1251,1643,1299,1693,1356,1731,1411,1767,1469,1787,1524,1784,1569,1752,1614,1715,1653,1667,1683,1615,1706,1561,1719,1505,1722,1453,1340,1325,1385,1305,1435,1305,1484,1320,1529,1342,1596,1361,1635,1359,1671,1363,1703,1376,1718,1405,1555,1394,1554,1428,1553,1462,1553,1497,1474,1533,1503,1544,1532,1557,1559,1555,1584,1553,1386,1367,1417,1355,1449,1362,1470,1391,1441,1387,1410,1379,1600,1418,1628,1402,1657,1407,1676,1431,1654,1433,1625,1427,1403,1610,1450,1591,1497,1588,1522,1600,1551,1598,1579,1615,1593,1647,1565,1669,1534,1677,1504,1675,1475,1667,1436,1646,1419,1613,1491,1612,1518,1620,1546,1623,1580,1644,1541,1645,1512,1643,1485,1636
2970,h,1,1,1236,1176,1771,1711,99.0,1232,1370,1220,1440,1216,1512,1224,1580,1252,1644,1301,1695,1359,1733,1412,1768,1471,1787,1525,1783,1569,1751,1616,1714,1654,1668,1684,1615,1707,1561,1718,1507,1722,1456,1345,1323,1390,1304,1439,1305,1488,1319,1532,1340,1597,1359,1635,1358,1670,1362,1702,1375,1718,1403,1556,1394,1554,1429,1553,1462,1552,1498,1473,1532,1502,1544,1531,1556,1559,1555,1585,1553,1387,1367,1418,1355,1450,1362,1471,1390,1443,1387,1412,1379,1601,1418,1630,1402,1659,1408,1677,1432,1655,1433,1627,1428,1404,1611,1451,1592,1497,1588,1522,1600,1551,1599,1580,1617,1594,1649,1566,1670,1534,1678,1504,1675,1475,1667,1437,1646,1419,1614,1492,1613,1518,1621,1546,1624,1581,1646,1541,1645,1512,1643,1485,1636
2971,h,1,1,1236,1176,1771,1711,99.03333333333333,1233,1373,1221,1443,1217,1514,1225,1582,1253,1645,1301,1696,1357,1734,1411,1770,1470,1789,1525,1786,1570,1753,1616,1716,1655,1669,1685,1618,1709,1564,1722,1510,1726,1458,1341,1325,1388,1305,1438,1307,1488,1321,1532,1343,1597,1361,1636,1360,1671,1364,1703,1376,1720,1404,1557,1396,1556,1430,1556,1464,1555,1500,1474,1534,1504,1546,1533,1559,1560,1557,1586,1555,1386,1369,1417,1356,1450,1362,1472,1392,1442,1388,1411,1381,1601,1420,1629,1402,1659,1408,1678,1433,1656,1434,1627,1429,1402,1613,1449,1593,1496,1590,1522,1602,1551,1601,1579,1619,1594,1652,1565,1672,1533,1680,1503,1678,1474,1669,1435,1648,1417,1616,1490,1615,1517,1622,1545,1625,1580,1648,1540,1649,1511,1646,1484,1640
2972,h,1,1,1236,1176,1771,1711,99.06666666666666,1233,1373,1221,1443,1217,1514,1225,1582,1253,1645,1301,1696,1357,1734,1411,1770,1470,1789,1525,1786,1570,1753,1616,1716,1655,1669,1685,1618,1709,1564,1722,1510,1726,1458,1341,1325,1388,1305,1438,1307,1488,1321,1532,1343,1597,1361,1636,1360,1671,1364,1703,1376,1720,1404,1557,1396,1556,1430,1556,1464,1555,1500,1474,1534,1504,1546,1533,1559,1560,1557,1586,1555,1386,1369,1417,1356,1450,1362,1472,1392,1442,1388,1411,1381,1601,1420,1629,1402,1659,1408,1678,1433,1656,1434,1627,1429,1402,1613,1449,1593,1496,1590,1522,1602,1551,1601,1579,1619,1594,1652,1565,1672,1533,1680,1503,1678,1474,1669,1435,1648,1417,1616,1490,1615,1517,1622,1545,1625,1580,1648,1540,1649,1511,1646,1484,1640
2973,h,1,1,1236,1236,1771,1771,99.1,1234,1375,1224,1445,1220,1517,1226,1587,1250,1652,1295,1704,1349,1743,1404,1776,1465,1796,1522,1793,1570,1762,1614,1722,1649,1672,1677,1618,1701,1564,1715,1510,1722,1457,1344,1327,1389,1306,1440,1307,1490,1321,1532,1343,1598,1363,1636,1361,1673,1364,1706,1376,1721,1406,1557,1400,1556,1434,1555,1466,1553,1502,1473,1537,1503,1548,1531,1560,1558,1560,1584,1557,1385,1370,1417,1359,1449,1367,1472,1396,1442,1392,1410,1384,1600,1424,1629,1406,1658,1411,1676,1435,1655,1437,1626,1433,1400,1619,1447,1596,1495,1593,1521,1604,1550,1603,1579,1622,1593,1658,1564,1679,1532,1688,1501,1685,1473,1676,1433,1656,1415,1621,1489,1618,1516,1625,1544,1629,1580,1654,1539,1658,1510,1655,1483,1649
2974,h,1,1,1236,1236,1771,1771,99.13333333333334,1233,1375,1223,1445,1219,1516,1224,1587,1248,1653,1293,1706,1349,1747,1405,1782,1467,1801,1524,1796,1570,1762,1614,1721,1650,1670,1677,1617,1700,1561,1715,1508,1721,1457,1344,1327,1389,1307,1440,1308,1489,1322,1531,1346,1597,1365,1635,1363,1671,1365,1704,1375,1721,1404,1557,1399,1555,1433,1554,1466,1552,1502,1473,1537,1502,1549,1529,1561,1557,1560,1582,1557,1385,1371,1417,1360,1449,1367,1472,1397,1442,1392,1410,1384,1600,1423,1628,1406,1657,1411,1676,1434,1655,1436,1626,1432,1400,1620,1446,1598,1494,1594,1519,1605,1549,1604,1577,1623,1590,1659,1563,1682,1531,1691,1500,1688,1471,1679,1432,1658,1414,1623,1488,1618,1515,1626,1543,1629,1578,1655,1538,1661,1509,1658,1482,1651
2975,h,1,1,1236,1236,1771,1771,99.16666666666667,1233,1375,1223,1445,1219,1516,1224,1587,1248,1653,1293,1706,1349,1747,1405,1782,1467,1801,1524,1796,1570,1762,1614,1721,1650,1670,1677,1617,1700,1561,1715,1508,1721,1457,1344,1327,1389,1307,1440,1308,1489,1322,1531,1346,1597,1365,1635,1363,1671,1365,1704,1375,1721,1404,1557,1399,1555,1433,1554,1466,1552,1502,1473,1537,1502,1549,1529,1561,1557,1560,1582,1557,1385,1371,1417,1360,1449,1367,1472,1397,1442,1392,1410,1384,1600,1423,1628,1406,1657,1411,1676,1434,1655,1436,1626,1432,1400,1620,1446,1598,1494,1594,1519,1605,1549,1604,1577,1623,1590,1659,1563,1682,1531,1691,1500,1688,1471,1679,1432,1658,1414,1623,1488,1618,1515,1626,1543,1629,1578,1655,1538,1661,1509,1658,1482,1651
2976,h,1,1,1236,1236,1771,1771,99.2,1231,1374,1220,1444,1217,1517,1223,1588,1248,1655,1294,1709,1349,1752,1405,1789,1467,1809,1523,1803,1568,1768,1612,1725,1647,1673,1675,1619,1699,1564,1715,1509,1722,1456,1339,1332,1384,1310,1436,1310,1486,1325,1531,1348,1595,1367,1633,1365,1671,1368,1704,1380,1721,1408,1556,1402,1553,1436,1552,1468,1551,1503,1471,1539,1501,1551,1529,1563,1556,1562,1582,1559,1383,1373,1415,1361,1448,1369,1470,1399,1440,1394,1409,1386,1598,1426,1627,1408,1656,1414,1675,1437,1653,1440,1625,1435,1397,1622,1444,1599,1492,1595,1518,1607,1548,1605,1577,1624,1590,1660,1562,1684,1530,1694,1499,1692,1470,1683,1430,1660,1412,1625,1487,1621,1514,1628,1543,1631,1578,1655,1538,1662,1508,1660,1480,1653
2977,h,1,1,1236,1236,1771,1771,99.23333333333333,1231,1377,1220,1447,1216,1518,1223,1589,1247,1655,1292,1709,1346,1751,1403,1788,1466,1807,1523,1802,1570,1767,1615,1725,1650,1672,1678,1618,1701,1562,1716,1509,1722,1457,1338,1330,1384,1309,1434,1308,1484,1322,1527,1345,1596,1363,1634,1362,1671,1366,1704,1378,1720,1408,1554,1401,1552,1436,1550,1469,1549,1505,1469,1541,1499,1552,1527,1565,1555,1564,1581,1560,1382,1373,1414,1362,1447,1369,1469,1398,1439,1394,1407,1386,1597,1426,1627,1408,1656,1414,1674,1437,1653,1439,1624,1435,1396,1623,1443,1600,1491,1596,1517,1608,1547,1607,1575,1626,1590,1662,1561,1685,1529,1695,1498,1692,1469,1684,1430,1661,1411,1626,1486,1622,1512,1629,1541,1633,1577,1657,1536,1665,1506,1662,1479,1655
2978,h,1,1,1236,1236,1771,1771,99.26666666666667,1231,1378,1220,1447,1216,1518,1222,1589,1246,1655,1291,1708,1346,1749,1401,1785,1462,1805,1520,1800,1566,1766,1612,1725,1647,1674,1675,1621,1699,1567,1713,1514,1720,1463,1338,1330,1385,1311,1436,1312,1485,1326,1527,1349,1596,1368,1634,1366,1671,1368,1704,1379,1720,1408,1552,1404,1550,1438,1548,1471,1546,1506,1468,1541,1497,1553,1525,1565,1552,1565,1578,1562,1380,1375,1413,1363,1446,1371,1468,1400,1438,1396,1406,1387,1597,1428,1626,1410,1656,1415,1675,1438,1653,1441,1624,1436,1395,1623,1441,1601,1490,1598,1516,1610,1545,1609,1574,1627,1588,1663,1559,1688,1527,1698,1496,1695,1467,1686,1427,1663,1410,1626,1484,1623,1511,1631,1539,1634,1575,1659,1534,1666,1505,1664,1477,1656
2979,h,1,1,1236,1236,1771,1771,99.3,1231,1378,1220,1447,1216,1518,1222,1589,1246,1655,1291,1708,1346,1749,1401,1785,1462,1805,1520,1800,1566,1766,1612,1725,1647,1674,1675,1621,1699,1567,1713,1514,1720,1463,1338,1330,1385,1311,1436,1312,1485,1326,1527,1349,1596,1368,1634,1366,1671,1368,1704,1379,1720,1408,1552,1404,1550,1438,1548,1471,1546,1506,1468,1541,1497,1553,1525,1565,1552,1565,1578,1562,1380,1375,1413,1363,1446,1371,1468,1400,1438,1396,1406,1387,1597,1428,1626,1410,1656,1415,1675,1438,1653,1441,1624,1436,1395,1623,1441,1601,1490,1598,1516,1610,1545,1609,1574,1627,1588,1663,1559,1688,1527,1698,1496,1695,1467,1686,1427,1663,1410,1626,1484,1623,1511,1631,1539,1634,1575,1659,1534,1666,1505,1664,1477,1656
2980,h,1,1,1236,1236,1771,1771,99.33333333333333,1229,1379,1218,1448,1215,1519,1221,1589,1246,1655,1290,1708,1345,1749,1401,1785,1463,1806,1520,1801,1567,1767,1612,1725,1648,1674,1676,1621,1700,1567,1715,1514,1720,1462,1335,1332,1382,1312,1434,1312,1484,1326,1528,1349,1594,1368,1632,1366,1670,1368,1705,1380,1721,1411,1551,1405,1549,1439,1548,1472,1546,1508,1468,1543,1497,1555,1525,1566,1552,1566,1578,1563,1379,1376,1411,1364,1444,1371,1467,1402,1437,1398,1405,1389,1595,1430,1625,1410,1655,1416,1674,1440,1652,1443,1623,1438,1395,1625,1441,1602,1489,1598,1515,1610,1545,1609,1573,1627,1587,1663,1560,1687,1527,1697,1496,1694,1467,1686,1427,1664,1410,1627,1483,1623,1510,1631,1539,1634,1574,1659,1534,1667,1504,1664,1477,1657
2981,h,1,1,1236,1236,1771,1771,99.36666666666666,1227,1376,1217,1445,1212,1517,1218,1587,1243,1654,1289,1707,1344,1748,1400,1785,1462,1806,1520,1801,1568,1766,1613,1724,1648,1672,1675,1618,1698,1563,1712,1510,1718,1458,1336,1332,1383,1312,1434,1312,1484,1327,1528,1351,1592,1369,1630,1367,1667,1368,1700,1381,1717,1410,1552,1405,1550,1440,1549,1473,1547,1509,1469,1543,1498,1555,1525,1567,1553,1566,1579,1563,1379,1376,1411,1365,1444,1372,1467,1402,1437,1397,1405,1389,1596,1429,1625,1411,1654,1416,1673,1439,1652,1442,1623,1437,1395,1626,1442,1603,1490,1600,1515,1612,1544,1610,1572,1628,1586,1664,1558,1687,1526,1697,1496,1695,1467,1686,1428,1664,1409,1628,1484,1624,1510,1632,1538,1635,1573,1660,1533,1666,1505,1664,1477,1657
2982,h,1,1,1236,1236,1771,1771,99.4,1225,1377,1214,1448,1211,1519,1218,1590,1244,1655,1289,1709,1344,1749,1400,1785,1461,1806,1519,1801,1566,1766,1611,1725,1646,1673,1673,1619,1696,1564,1711,1510,1717,1458,1335,1331,1382,1312,1432,1312,1482,1327,1525,1351,1591,1369,1629,1367,1667,1370,1702,1382,1719,1412,1550,1404,1548,1438,1547,1472,1545,1508,1466,1542,1495,1554,1524,1566,1551,1566,1577,1563,1377,1376,1409,1364,1443,1371,1466,1401,1435,1397,1403,1389,1594,1429,1624,1410,1654,1415,1674,1439,1651,1442,1622,1437,1393,1625,1440,1602,1487,1599,1514,1611,1543,1609,1570,1628,1583,1663,1556,1686,1525,1696,1495,1694,1466,1685,1426,1662,1408,1627,1482,1623,1509,1631,1537,1634,1571,1658,1532,1666,1503,1664,1475,1657
2983,h,1,1,1236,1236,1771,1771,99.43333333333334,1225,1377,1214,1448,1211,1519,1218,1590,1244,1655,1289,1709,1344,1749,1400,1785,1461,1806,1519,1801,1566,1766,1611,1725,1646,1673,1673,1619,1696,1564,1711,1510,1717,1458,1335,1331,1382,1312,1432,1312,1482,1327,1525,1351,1591,1369,1629,1367,1667,1370,1702,1382,1719,1412,1550,1404,1548,1438,1547,1472,1545,1508,1466,1542,1495,1554,1524,1566,1551,1566,1577,1563,1377,1376,1409,1364,1443,1371,1466,1401,1435,1397,1403,1389,1594,1429,1624,1410,1654,1415,1674,1439,1651,1442,1622,1437,1393,1625,1440,1602,1487,1599,1514,1611,1543,1609,1570,1628,1583,1663,1556,1686,1525,1696,1495,1694,1466,1685,1426,1662,1408,1627,1482,1623,1509,1631,1537,1634,1571,1658,1532,1666,1503,1664,1475,1657
2984,h,1,1,1236,1236,1771,1771,99.46666666666667,1227,1376,1216,1447,1214,1518,1221,1588,1247,1654,1290,1708,1345,1749,1400,1785,1462,1806,1520,1801,1567,1767,1611,1725,1647,1672,1675,1618,1700,1563,1715,1509,1721,1456,1333,1332,1379,1312,1429,1311,1479,1325,1521,1349,1589,1369,1628,1366,1666,1368,1700,1381,1718,1412,1548,1405,1545,1439,1544,1472,1542,1508,1463,1543,1493,1554,1521,1566,1549,1566,1575,1563,1375,1376,1407,1364,1440,1371,1463,1401,1433,1397,1401,1389,1593,1429,1622,1410,1652,1415,1672,1439,1650,1442,1620,1437,1393,1625,1440,1603,1487,1600,1512,1611,1541,1610,1570,1628,1585,1663,1557,1687,1524,1697,1494,1694,1465,1686,1427,1664,1408,1628,1481,1623,1508,1631,1536,1634,1572,1659,1531,1668,1502,1665,1474,1658
2985,h,1,1,1236,1236,1771,1771,99.5,1226,1373,1216,1444,1212,1516,1219,1586,1245,1652,1288,1705,1342,1746,1396,1782,1456,1804,1512,1799,1561,1767,1608,1727,1644,1675,1672,1621,1697,1566,1712,1511,1718,1456,1329,1331,1375,1311,1427,1313,1477,1329,1521,1352,1586,1371,1625,1369,1663,1370,1698,1381,1716,1410,1546,1404,1543,1439,1542,1472,1539,1508,1463,1542,1492,1553,1520,1565,1547,1565,1573,1561,1374,1374,1406,1363,1440,1371,1463,1401,1432,1397,1399,1389,1591,1429,1620,1411,1651,1415,1671,1439,1648,1442,1618,1437,1393,1625,1439,1602,1485,1598,1511,1610,1540,1608,1567,1626,1582,1663,1554,1685,1523,1695,1492,1693,1463,1685,1425,1663,1407,1627,1479,1621,1506,1629,1534,1632,1570,1658,1530,1666,1500,1664,1473,1656
2986,h,1,1,1236,1236,1771,1771,99.53333333333333,1226,1374,1216,1444,1213,1516,1220,1586,1243,1652,1287,1705,1343,1748,1398,1784,1461,1806,1520,1802,1568,1768,1612,1724,1646,1672,1674,1617,1698,1563,1713,1508,1719,1455,1330,1331,1376,1311,1427,1312,1477,1328,1521,1350,1587,1369,1627,1367,1665,1370,1700,1381,1718,1410,1546,1403,1544,1438,1543,1472,1541,1509,1462,1541,1492,1553,1521,1565,1549,1565,1575,1562,1375,1374,1406,1363,1440,1370,1463,1400,1432,1396,1400,1388,1591,1428,1620,1410,1651,1415,1671,1438,1648,1442,1618,1436,1391,1622,1438,1600,1484,1598,1510,1609,1540,1608,1568,1626,1584,1661,1556,1684,1523,1693,1492,1690,1463,1682,1425,1660,1406,1625,1479,1623,1506,1631,1534,1634,1571,1657,1530,1661,1500,1659,1472,1651
2987,h,1,1,1236,1236,1771,1771,99.56666666666666,1226,1374,1216,1444,1213,1516,1220,1586,1243,1652,1287,1705,1343,1748,1398,1784,1461,1806,1520,1802,1568,1768,1612,1724,1646,1672,1674,1617,1698,1563,1713,1508,1719,1455,1330,1331,1376,1311,1427,1312,1477,1328,1521,1350,1587,1369,1627,1367,1665,1370,1700,1381,1718,1410,1546,1403,1544,1438,1543,1472,1541,1509,1462,1541,1492,1553,1521,1565,1549,1565,1575,1562,1375,1374,1406,1363,1440,1370,1463,1400,1432,1396,1400,1388,1591,1428,1620,1410,1651,1415,1671,1438,1648,1442,1618,1436,1391,1622,1438,1600,1484,1598,1510,1609,1540,1608,1568,1626,1584,1661,1556,1684,1523,1693,1492,1690,1463,1682,1425,1660,1406,1625,1479,1623,1506,1631,1534,1634,1571,1657,1530,1661,1500,1659,1472,1651
2988,h,1,1,1236,1236,1771,1771,99.6,1223,1379,1213,1449,1210,1519,1216,1589,1241,1653,1285,1705,1341,1744,1397,1777,1458,1796,1516,1794,1565,1764,1611,1724,1645,1673,1672,1620,1694,1565,1708,1511,1713,1459,1328,1333,1373,1311,1424,1310,1475,1325,1520,1347,1585,1366,1624,1363,1663,1365,1698,1378,1714,1410,1544,1401,1542,1437,1540,1470,1539,1507,1461,1541,1491,1552,1519,1564,1547,1564,1573,1561,1371,1374,1403,1361,1436,1368,1460,1399,1429,1395,1396,1387,1589,1426,1618,1406,1649,1411,1669,1436,1646,1439,1616,1434,1390,1621,1436,1601,1483,1597,1510,1609,1539,1608,1567,1625,1584,1659,1555,1679,1522,1686,1492,1683,1463,1675,1424,1655,1405,1623,1478,1622,1506,1629,1534,1632,1571,1655,1529,1656,1500,1653,1472,1646
2989,h,1,1,1236,1236,1771,1771,99.63333333333334,1224,1372,1215,1442,1211,1513,1217,1582,1242,1647,1286,1700,1341,1741,1397,1777,1460,1797,1518,1794,1566,1762,1612,1723,1647,1672,1673,1618,1695,1563,1709,1508,1715,1455,1328,1331,1373,1310,1425,1312,1476,1328,1520,1350,1584,1368,1624,1367,1662,1368,1697,1379,1714,1408,1544,1402,1542,1437,1541,1470,1539,1506,1460,1540,1489,1552,1518,1564,1545,1564,1571,1561,1372,1375,1403,1363,1436,1371,1460,1400,1429,1396,1396,1388,1589,1427,1618,1410,1648,1414,1669,1438,1646,1441,1616,1436,1388,1620,1435,1599,1482,1597,1508,1608,1537,1607,1565,1624,1583,1658,1552,1675,1521,1682,1491,1679,1462,1671,1423,1652,1402,1621,1476,1621,1504,1628,1532,1631,1571,1653,1528,1653,1499,1650,1471,1643
2990,h,1,1,1236,1236,1771,1771,99.66666666666667,1224,1372,1215,1442,1211,1513,1217,1582,1242,1647,1286,1700,1341,1741,1397,1777,1460,1797,1518,1794,1566,1762,1612,1723,1647,1672,1673,1618,1695,1563,1709,1508,1715,1455,1328,1331,1373,1310,1425,1312,1476,1328,1520,1350,1584,1368,1624,1367,1662,1368,1697,1379,1714,1408,1544,1402,1542,1437,1541,1470,1539,1506,1460,1540,1489,1552,1518,1564,1545,1564,1571,1561,1372,1375,1403,1363,1436,1371,1460,1400,1429,1396,1396,1388,1589,1427,1618,1410,1648,1414,1669,1438,1646,1441,1616,1436,1388,1620,1435,1599,1482,1597,1508,1608,1537,1607,1565,1624,1583,1658,1552,1675,1521,1682,1491,1679,1462,1671,1423,1652,1402,1621,1476,1621,1504,1628,1532,1631,1571,1653,1528,1653,1499,1650,1471,1643
2991,h,1,1,1236,1236,1771,1771,99.7,1225,1377,1216,1447,1214,1517,1221,1586,1245,1651,1291,1702,1347,1740,1403,1774,1465,1794,1522,1791,1569,1760,1614,1720,1647,1670,1672,1616,1694,1562,1708,1507,1714,1456,1326,1333,1369,1309,1420,1310,1471,1324,1517,1346,1584,1366,1625,1364,1665,1368,1701,1382,1718,1415,1544,1401,1542,1436,1540,1469,1539,1505,1461,1540,1490,1551,1519,1563,1547,1563,1573,1560,1370,1374,1402,1362,1435,1369,1458,1399,1428,1395,1395,1387,1590,1427,1619,1409,1649,1414,1670,1438,1647,1441,1617,1436,1389,1617,1436,1598,1483,1596,1510,1607,1539,1606,1566,1623,1585,1656,1554,1672,1523,1678,1493,1676,1464,1668,1424,1648,1404,1619,1478,1619,1506,1627,1534,1630,1572,1651,1530,1650,1500,1647,1472,1640
2992,h,1,1,1236,1236,1771,1771,99.73333333333333,1223,1377,1213,1447,1210,1517,1218,1586,1242,1651,1287,1703,1343,1742,1398,1775,1459,1795,1516,1792,1566,1762,1612,1723,1646,1673,1672,1620,1695,1566,1709,1510,1715,1458,1326,1333,1370,1310,1422,1310,1473,1325,1518,1348,1583,1368,1623,1366,1662,1369,1698,1382,1716,1414,1543,1400,1541,1435,1539,1468,1537,1504,1459,1539,1488,1550,1517,1562,1545,1561,1571,1559,1369,1372,1402,1361,1436,1368,1459,1398,1428,1393,1396,1385,1589,1426,1618,1408,1648,1413,1669,1437,1645,1439,1616,1434,1388,1617,1436,1597,1482,1595,1509,1607,1539,1605,1566,1622,1585,1655,1553,1672,1522,1678,1491,1676,1461,1667,1423,1648,1403,1619,1476,1618,1504,1626,1533,1629,1572,1651,1529,1649,1499,1647,1471,1639
2993,h,1,1,1236,1236,1771,1771,99.76666666666667,1221,1379,1214,1447,1213,1516,1219,1585,1244,1650,1289,1701,1344,1740,1399,1775,1461,1795,1518,1791,1565,1760,1609,1722,1643,1673,1669,1620,1692,1566,1707,1510,1712,1457,1321,1338,1364,1312,1416,1311,1468,1324,1515,1346,1583,1366,1625,1364,1666,1368,1703,1383,1720,1418,1542,1399,1540,1434,1539,1467,1537,1503,1460,1538,1488,1549,1517,1561,1545,1560,1572,1558,1369,1372,1400,1361,1433,1368,1457,1396,1426,1391,1395,1384,1588,1424,1618,1408,1648,1413,1668,1436,1645,1437,1616,1433,1388,1615,1435,1596,1481,1593,1509,1605,1538,1604,1566,1620,1583,1654,1554,1669,1522,1676,1491,1673,1461,1665,1422,1645,1403,1617,1476,1616,1504,1624,1533,1627,1570,1649,1528,1648,1499,1645,1470,1638
2994,h,1,1,1236,1236,1771,1771,99.8,1221,1379,1214,1447,1213,1516,1219,1585,1244,1650,1289,1701,1344,1740,1399,1775,1461,1795,1518,1791,1565,1760,1609,1722,1643,1673,1669,1620,1692,1566,1707,1510,1712,1457,1321,1338,1364,1312,1416,1311,1468,1324,1515,1346,1583,1366,1625,1364,1666,1368,1703,1383,1720,1418,1542,1399,1540,1434,1539,1467,1537,1503,1460,1538,1488,1549,1517,1561,1545,1560,1572,1558,1369,1372,1400,1361,1433,1368,1457,1396,1426,1391,1395,1384,1588,1424,1618,1408,1648,1413,1668,1436,1645,1437,1616,1433,1388,1615,1435,1596,1481,1593,1509,1605,1538,1604,1566,1620,1583,1654,1554,1669,1522,1676,1491,1673,1461,1665,1422,1645,1403,1617,1476,1616,1504,1624,1533,1627,1570,1649,1528,1648,1499,1645,1470,1638
2995,h,1,1,1236,1236,1771,1771,99.83333333333333,1224,1376,1216,1445,1213,1515,1219,1584,1243,1649,1288,1700,1343,1739,1398,1773,1459,1793,1516,1791,1566,1761,1611,1721,1646,1672,1672,1619,1694,1564,1709,1508,1714,1454,1322,1335,1367,1311,1419,1312,1471,1326,1517,1348,1585,1368,1626,1366,1666,1369,1702,1383,1720,1417,1542,1400,1540,1434,1538,1467,1536,1503,1459,1537,1488,1548,1517,1560,1545,1560,1572,1558,1371,1371,1402,1361,1434,1368,1458,1396,1427,1392,1396,1384,1589,1425,1618,1408,1648,1413,1669,1436,1645,1438,1616,1433,1388,1613,1435,1596,1482,1594,1509,1606,1538,1605,1567,1622,1586,1653,1555,1671,1521,1677,1491,1673,1462,1665,1422,1645,1403,1616,1477,1618,1504,1626,1532,1629,1573,1649,1528,1647,1499,1644,1471,1637
2996,h,1,1,1236,1236,1771,1771,99.86666666666666,1226,1375,1217,1444,1214,1514,1220,1583,1243,1649,1287,1701,1341,1740,1396,1775,1457,1796,1516,1795,1566,1765,1611,1725,1646,1675,1674,1620,1696,1566,1711,1509,1717,1455,1325,1334,1370,1311,1421,1311,1472,1325,1518,1347,1585,1367,1626,1365,1666,1368,1703,1383,1720,1417,1543,1399,1541,1434,1538,1467,1536,1504,1460,1538,1489,1549,1518,1561,1545,1561,1572,1559,1372,1371,1403,1360,1435,1367,1460,1396,1428,1391,1397,1383,1589,1424,1619,1407,1649,1413,1669,1436,1646,1438,1616,1433,1391,1615,1436,1596,1482,1594,1508,1605,1537,1604,1565,1621,1584,1653,1554,1669,1521,1676,1491,1672,1463,1664,1424,1645,1406,1617,1477,1618,1504,1626,1532,1629,1571,1649,1528,1646,1499,1644,1471,1637
2997,h,1,1,1236,1236,1771,1771,99.9,1223,1379,1215,1448,1213,1518,1220,1587,1244,1652,1289,1702,1345,1739,1400,1772,1461,1792,1518,1789,1566,1759,1611,1720,1646,1671,1672,1618,1694,1563,1709,1507,1715,1454,1318,1337,1362,1312,1415,1311,1468,1325,1516,1347,1581,1366,1623,1365,1664,1368,1702,1384,1720,1419,1540,1399,1539,1433,1537,1466,1536,1502,1460,1537,1489,1548,1517,1559,1544,1559,1570,1558,1368,1372,1400,1360,1433,1366,1457,1396,1426,1391,1394,1384,1587,1424,1617,1407,1648,1412,1669,1436,1645,1438,1615,1433,1389,1614,1435,1596,1481,1593,1508,1605,1537,1604,1565,1621,1582,1654,1554,1670,1521,1676,1491,1672,1461,1664,1423,1645,1404,1616,1476,1617,1504,1625,1532,1627,1570,1649,1528,1646,1499,1643,1470,1636
2998,h,1,1,1236,1236,1771,1771,99.93333333333334,1223,1379,1215,1448,1213,1518,1220,1587,1244,1652,1289,1702,1345,1739,1400,1772,1461,1792,1518,1789,1566,1759,1611,1720,1646,1671,1672,1618,1694,1563,1709,1507,1715,1454,1318,1337,1362,1312,1415,1311,1468,1325,1516,1347,1581,1366,1623,1365,1664,1368,1702,1384,1720,1419,1540,1399,1539,1433,1537,1466,1536,1502,1460,1537,1489,1548,1517,1559,1544,1559,1570,1558,1368,1372,1400,1360,1433,1366,1457,1396,1426,1391,1394,1384,1587,1424,1617,1407,1648,1412,1669,1436,1645,1438,1615,1433,1389,1614,1435,1596,1481,1593,1508,1605,1537,1604,1565,1621,1582,1654,1554,1670,1521,1676,1491,1672,1461,1664,1423,1645,1404,1616,1476,1617,1504,1625,1532,1627,1570,1649,1528,1646,1499,1643,1470,1636
2999,h,1,1,1236,1236,1771,1771,99.96666666666667,1222,1371,1214,1440,1212,1511,1219,1581,1243,1645,1287,1697,1342,1736,1398,1770,1459,1791,1516,1789,1565,1758,1610,1719,1645,1669,1671,1615,1693,1561,1709,1505,1715,1452,1322,1335,1366,1310,1418,1309,1470,1324,1517,1346,1583,1365,1624,1364,1665,1366,1703,1380,1720,1415,1542,1398,1540,1433,1538,1466,1536,1503,1459,1538,1488,1549,1517,1560,1545,1560,1572,1558,1369,1371,1401,1360,1433,1367,1457,1395,1427,1391,1395,1384,1588,1423,1618,1407,1648,1412,1669,1435,1645,1438,1615,1432,1389,1616,1435,1596,1481,1594,1508,1605,1538,1604,1566,1621,1583,1654,1554,1670,1522,1676,1492,1673,1462,1664,1423,1644,1405,1617,1476,1618,1504,1625,1532,1628,1570,1649,1529,1646,1500,1643,1471,1636
3000,h,1,1,1236,1236,1771,1771,100.0,1222,1376,1213,1446,1212,1516,1219,1585,1244,1650,1287,1703,1343,1744,1399,1779,1460,1799,1517,1796,1566,1762,1612,1721,1646,1670,1672,1616,1694,1562,1709,1507,1715,1455,1324,1333,1368,1310,1419,1309,1470,1324,1516,1346,1583,1366,1624,1365,1663,1368,1699,1381,1717,1413,1543,1400,1541,1435,1540,1468,1538,1504,1461,1537,1489,1549,1518,1561,1545,1561,1572,1558,1370,1372,1401,1360,1434,1367,1458,1397,1427,1393,1395,1385,1589,1425,1618,1407,1647,1412,1668,1436,1645,1439,1616,1434,1389,1618,1435,1596,1481,1594,1509,1605,1538,1604,1566,1621,1583,1656,1554,1674,1522,1681,1491,1678,1461,1670,1422,1650,1404,1620,1476,1618,1504,1625,1533,1628,1571,1651,1528,1652,1499,1649,1470,1642
3001,h,1,1,1236,1236,1771,1771,100.03333333333333,1222,1377,1213,1447,1210,1519,1218,1589,1244,1655,1287,1709,1340,1751,1396,1787,1458,1808,1516,1804,1563,1769,1607,1725,1641,1673,1668,1619,1692,1564,1707,1509,1712,1456,1327,1330,1371,1308,1422,1309,1473,1325,1518,1348,1584,1367,1622,1364,1660,1366,1695,1377,1713,1405,1544,1400,1542,1435,1540,1468,1538,1504,1461,1539,1489,1550,1518,1562,1545,1562,1570,1558,1370,1372,1401,1360,1435,1367,1459,1397,1427,1393,1395,1385,1589,1425,1618,1407,1648,1412,1668,1435,1645,1438,1616,1433,1389,1621,1434,1597,1481,1594,1508,1605,1538,1604,1566,1621,1581,1658,1554,1684,1522,1695,1491,1693,1460,1685,1420,1662,1404,1624,1476,1618,1504,1625,1532,1628,1567,1654,1528,1663,1499,1661,1470,1654
3002,h,1,1,1236,1236,1771,1771,100.06666666666666,1222,1377,1213,1447,1210,1519,1218,1589,1244,1655,1287,1709,1340,1751,1396,1787,1458,1808,1516,1804,1563,1769,1607,1725,1641,1673,1668,1619,1692,1564,1707,1509,1712,1456,1327,1330,1371,1308,1422,1309,1473,1325,1518,1348,1584,1367,1622,1364,1660,1366,1695,1377,1713,1405,1544,1400,1542,1435,1540,1468,1538,1504,1461,1539,1489,1550,1518,1562,1545,1562,1570,1558,1370,1372,1401,1360,1435,1367,1459,1397,1427,1393,1395,1385,1589,1425,1618,1407,1648,1412,1668,1435,1645,1438,1616,1433,1389,1621,1434,1597,1481,1594,1508,1605,1538,1604,1566,1621,1581,1658,1554,1684,1522,1695,1491,1693,1460,1685,1420,1662,1404,1624,1476,1618,1504,1625,1532,1628,1567,1654,1528,1663,1499,1661,1470,1654
3003,h,1,1,1236,1236,1771,1771,100.1,1219,1375,1210,1446,1208,1518,1215,1587,1242,1652,1287,1706,1341,1747,1396,1784,1458,1804,1517,1799,1566,1765,1610,1721,1644,1668,1671,1614,1696,1559,1711,1504,1718,1450,1320,1334,1365,1310,1417,1310,1469,1324,1516,1346,1582,1366,1623,1363,1664,1366,1701,1379,1720,1412,1542,1399,1540,1434,1538,1468,1536,1504,1460,1539,1489,1550,1517,1562,1545,1561,1571,1558,1368,1372,1401,1360,1435,1367,1458,1397,1427,1393,1395,1385,1589,1425,1618,1406,1649,1411,1670,1435,1646,1438,1616,1434,1389,1623,1435,1599,1482,1595,1508,1606,1536,1604,1565,1623,1581,1659,1553,1686,1521,1697,1491,1695,1461,1687,1422,1663,1404,1625,1477,1620,1504,1628,1531,1631,1568,1655,1527,1665,1498,1663,1471,1656
3004,h,1,1,1236,1236,1771,1771,100.13333333333334,1220,1373,1211,1445,1209,1516,1217,1587,1243,1652,1289,1705,1344,1746,1399,1781,1461,1801,1518,1796,1566,1762,1610,1720,1645,1669,1672,1615,1697,1560,1713,1504,1720,1450,1321,1332,1365,1309,1417,1309,1468,1323,1515,1345,1581,1365,1623,1363,1665,1365,1704,1378,1724,1411,1542,1400,1539,1434,1537,1467,1535,1503,1459,1539,1488,1550,1516,1562,1544,1561,1570,1559,1368,1372,1400,1360,1434,1367,1458,1398,1427,1394,1394,1386,1588,1426,1618,1406,1649,1411,1671,1435,1646,1439,1616,1434,1388,1623,1433,1599,1481,1595,1507,1606,1535,1605,1565,1623,1581,1660,1553,1686,1520,1697,1490,1694,1461,1686,1420,1663,1403,1625,1476,1620,1503,1628,1530,1630,1567,1656,1526,1665,1497,1662,1470,1656
3005,h,1,1,1236,1236,1771,1771,100.16666666666667,1220,1373,1211,1445,1209,1516,1217,1587,1243,1652,1289,1705,1344,1746,1399,1781,1461,1801,1518,1796,1566,1762,1610,1720,1645,1669,1672,1615,1697,1560,1713,1504,1720,1450,1321,1332,1365,1309,1417,1309,1468,1323,1515,1345,1581,1365,1623,1363,1665,1365,1704,1378,1724,1411,1542,1400,1539,1434,1537,1467,1535,1503,1459,1539,1488,1550,1516,1562,1544,1561,1570,1559,1368,1372,1400,1360,1434,1367,1458,1398,1427,1394,1394,1386,1588,1426,1618,1406,1649,1411,1671,1435,1646,1439,1616,1434,1388,1623,1433,1599,1481,1595,1507,1606,1535,1605,1565,1623,1581,1660,1553,1686,1520,1697,1490,1694,1461,1686,1420,1663,1403,1625,1476,1620,1503,1628,1530,1630,1567,1656,1526,1665,1497,1662,1470,1656
3006,h,1,1,1236,1236,1771,1771,100.2,1220,1373,1210,1444,1207,1515,1213,1586,1238,1652,1282,1706,1338,1749,1394,1786,1456,1807,1514,1802,1563,1767,1607,1724,1642,1671,1670,1616,1695,1561,1711,1505,1718,1451,1320,1335,1364,1310,1417,1309,1470,1323,1517,1346,1581,1366,1623,1363,1665,1365,1703,1378,1721,1413,1542,1400,1540,1434,1537,1467,1535,1504,1458,1538,1488,1550,1516,1561,1544,1561,1570,1558,1368,1372,1400,1359,1434,1366,1458,1397,1427,1392,1394,1384,1588,1425,1618,1405,1649,1410,1670,1434,1646,1437,1616,1433,1387,1622,1433,1599,1481,1595,1508,1606,1536,1605,1565,1622,1581,1659,1553,1685,1520,1696,1490,1693,1460,1685,1420,1661,1403,1624,1475,1621,1503,1627,1530,1630,1567,1655,1526,1663,1498,1660,1470,1653
3007,h,1,1,1236,1236,1771,1771,100.23333333333333,1224,1377,1216,1448,1214,1517,1219,1586,1242,1651,1285,1704,1339,1745,1394,1781,1456,1801,1514,1797,1563,1765,1607,1723,1641,1673,1669,1619,1693,1564,1711,1509,1720,1454,1321,1334,1365,1309,1417,1308,1470,1323,1516,1345,1580,1366,1623,1363,1665,1366,1703,1380,1721,1414,1542,1400,1539,1434,1537,1467,1534,1503,1457,1537,1486,1549,1515,1561,1543,1560,1570,1557,1369,1371,1401,1360,1434,1367,1458,1396,1427,1392,1394,1384,1588,1424,1618,1405,1648,1411,1670,1434,1646,1437,1615,1432,1387,1620,1433,1598,1481,1594,1507,1606,1535,1604,1564,1622,1580,1658,1551,1682,1518,1691,1488,1688,1459,1680,1419,1658,1403,1622,1475,1620,1502,1627,1530,1630,1566,1654,1525,1661,1496,1658,1468,1651
3008,h,1,1,1236,1236,1771,1771,100.26666666666667,1223,1378,1213,1448,1209,1519,1215,1589,1240,1654,1283,1707,1339,1749,1395,1784,1458,1804,1516,1799,1565,1765,1609,1723,1644,1670,1672,1617,1696,1562,1711,1508,1717,1455,1325,1330,1369,1308,1421,1308,1472,1323,1516,1347,1582,1367,1620,1363,1658,1365,1693,1376,1713,1403,1543,1400,1541,1434,1539,1467,1536,1502,1458,1538,1488,1550,1516,1562,1544,1562,1570,1559,1369,1372,1402,1360,1436,1367,1459,1398,1428,1393,1395,1385,1587,1425,1617,1405,1648,1410,1668,1434,1645,1437,1615,1432,1386,1622,1434,1598,1481,1594,1507,1606,1536,1604,1565,1622,1581,1659,1551,1683,1518,1692,1488,1689,1459,1681,1420,1659,1402,1623,1475,1621,1503,1628,1530,1631,1567,1654,1525,1661,1497,1658,1469,1651
3009,h,1,1,1236,1236,1771,1771,100.3,1223,1378,1213,1448,1209,1519,1215,1589,1240,1654,1283,1707,1339,1749,1395,1784,1458,1804,1516,1799,1565,1765,1609,1723,1644,1670,1672,1617,1696,1562,1711,1508,1717,1455,1325,1330,1369,1308,1421,1308,1472,1323,1516,1347,1582,1367,1620,1363,1658,1365,1693,1376,1713,1403,1543,1400,1541,1434,1539,1467,1536,1502,1458,1538,1488,1550,1516,1562,1544,1562,1570,1559,1369,1372,1402,1360,1436,1367,1459,1398,1428,1393,1395,1385,1587,1425,1617,1405,1648,1410,1668,1434,1645,1437,1615,1432,1386,1622,1434,1598,1481,1594,1507,1606,1536,1604,1565,1622,1581,1659,1551,1683,1518,1692,1488,1689,1459,1681,1420,1659,1402,1623,1475,1621,1503,1628,1530,1631,1567,1654,1525,1661,1497,1658,1469,1651
3010,h,1,1,1236,1236,1771,1771,100.33333333333333,1221,1372,1212,1441,1208,1511,1214,1581,1238,1647,1282,1702,1337,1747,1394,1784,1458,1805,1517,1800,1566,1765,1609,1722,1644,1669,1671,1614,1694,1559,1709,1504,1715,1451,1322,1328,1368,1308,1419,1309,1469,1324,1514,1346,1582,1365,1621,1362,1660,1365,1696,1377,1713,1406,1541,1398,1539,1433,1537,1466,1534,1502,1457,1537,1486,1549,1515,1561,1543,1560,1569,1557,1369,1371,1400,1360,1434,1367,1458,1395,1427,1392,1394,1384,1586,1423,1615,1405,1646,1410,1666,1433,1643,1436,1613,1431,1385,1621,1432,1598,1480,1594,1506,1605,1535,1604,1564,1622,1581,1657,1552,1682,1519,1690,1489,1687,1459,1679,1420,1658,1401,1623,1474,1620,1502,1627,1530,1630,1568,1653,1526,1660,1497,1657,1469,1650
3011,h,1,1,1236,1236,1771,1771,100.36666666666666,1217,1374,1209,1444,1207,1515,1214,1584,1237,1650,1280,1704,1335,1747,1394,1785,1457,1806,1516,1802,1564,1768,1606,1724,1641,1671,1668,1617,1692,1560,1707,1503,1713,1448,1320,1332,1365,1309,1417,1309,1469,1324,1516,1347,1578,1365,1617,1362,1656,1364,1692,1375,1712,1404,1541,1398,1539,1432,1538,1466,1536,1503,1458,1537,1488,1549,1516,1561,1543,1561,1568,1558,1367,1372,1399,1360,1432,1367,1455,1395,1425,1392,1393,1384,1586,1422,1615,1404,1645,1410,1665,1433,1642,1436,1612,1431,1387,1620,1434,1598,1480,1594,1506,1605,1534,1604,1562,1622,1579,1656,1550,1679,1519,1687,1489,1684,1460,1676,1422,1655,1403,1621,1474,1620,1501,1628,1529,1630,1565,1652,1525,1657,1496,1654,1469,1647
3012,h,1,1,1236,1236,1771,1771,100.4,1220,1370,1211,1440,1209,1512,1215,1582,1239,1647,1282,1699,1338,1741,1395,1777,1459,1797,1518,1794,1568,1760,1612,1719,1646,1667,1671,1613,1694,1558,1707,1501,1713,1447,1321,1331,1366,1308,1418,1309,1468,1325,1515,1349,1579,1366,1618,1363,1657,1364,1693,1374,1713,1403,1540,1398,1538,1433,1537,1467,1535,1503,1458,1537,1487,1549,1516,1561,1543,1561,1569,1558,1367,1373,1399,1361,1433,1368,1456,1397,1425,1394,1393,1386,1586,1423,1615,1405,1646,1410,1667,1433,1643,1437,1614,1432,1386,1619,1433,1598,1480,1595,1506,1607,1535,1605,1564,1622,1582,1655,1552,1677,1520,1684,1489,1682,1460,1674,1420,1653,1401,1621,1474,1621,1502,1628,1530,1631,1568,1652,1526,1653,1497,1651,1469,1644
3013,h,1,1,1236,1236,1771,1771,100.43333333333334,1220,1370,1211,1440,1209,1512,1215,1582,1239,1647,1282,1699,1338,1741,1395,1777,1459,1797,1518,1794,1568,1760,1612,1719,1646,1667,1671,1613,1694,1558,1707,1501,1713,1447,1321,1331,1366,1308,1418,1309,1468,1325,1515,1349,1579,1366,1618,1363,1657,1364,1693,1374,1713,1403,1540,1398,1538,1433,1537,1467,1535,1503,1458,1537,1487,1549,1516,1561,1543,1561,1569,1558,1367,1373,1399,1361,1433,1368,1456,1397,1425,1394,1393,1386,1586,1423,1615,1405,1646,1410,1667,1433,1643,1437,1614,1432,1386,1619,1433,1598,1480,1595,1506,1607,1535,1605,1564,1622,1582,1655,1552,1677,1520,1684,1489,1682,1460,1674,1420,1653,1401,1621,1474,1621,1502,1628,1530,1631,1568,1652,1526,1653,1497,1651,1469,1644
3014,h,1,1,1236,1236,1771,1771,100.46666666666667,1218,1373,1210,1443,1208,1513,1215,1581,1239,1647,1283,1700,1339,1741,1395,1777,1457,1798,1517,1795,1565,1761,1610,1720,1645,1669,1672,1614,1695,1559,1711,1502,1719,1447,1317,1334,1360,1309,1412,1308,1465,1323,1512,1346,1577,1366,1619,1363,1660,1366,1698,1379,1717,1414,1539,1399,1537,1434,1535,1468,1533,1505,1455,1538,1484,1549,1513,1561,1542,1561,1569,1558,1366,1372,1397,1360,1431,1367,1455,1396,1424,1392,1391,1384,1585,1424,1614,1406,1645,1411,1667,1434,1643,1437,1612,1432,1385,1614,1432,1595,1477,1593,1504,1605,1533,1603,1562,1620,1581,1652,1550,1673,1518,1679,1487,1676,1457,1668,1419,1648,1400,1617,1471,1618,1499,1626,1529,1629,1567,1649,1525,1649,1495,1646,1466,1639
3015,h,1,1,1236,1236,1771,1771,100.5,1218,1373,1211,1444,1209,1513,1215,1581,1237,1648,1281,1701,1337,1741,1395,1776,1457,1796,1516,1792,1565,1760,1611,1719,1645,1668,1670,1614,1692,1558,1707,1502,1713,1448,1318,1333,1361,1309,1413,1308,1465,1323,1512,1345,1578,1363,1620,1361,1661,1363,1699,1377,1716,1412,1539,1400,1537,1434,1536,1467,1533,1504,1456,1537,1485,1548,1514,1560,1543,1560,1569,1558,1367,1372,1398,1360,1431,1367,1455,1396,1424,1392,1392,1384,1585,1424,1614,1405,1644,1410,1666,1434,1642,1437,1612,1432,1385,1615,1433,1596,1479,1593,1506,1605,1534,1604,1563,1620,1583,1653,1551,1672,1519,1679,1489,1676,1459,1668,1421,1648,1401,1617,1474,1617,1501,1625,1530,1628,1569,1649,1526,1649,1496,1646,1468,1639
3016,h,1,1,1236,1176,1771,1711,100.53333333333333,1219,1369,1209,1440,1205,1511,1213,1579,1237,1644,1282,1697,1339,1738,1393,1774,1455,1794,1513,1791,1561,1759,1608,1721,1645,1672,1672,1618,1694,1563,1708,1505,1713,1450,1322,1330,1365,1308,1416,1308,1466,1323,1512,1346,1576,1363,1617,1361,1656,1363,1692,1375,1710,1407,1536,1395,1533,1430,1532,1463,1530,1500,1455,1538,1483,1549,1512,1560,1539,1559,1566,1556,1367,1369,1397,1357,1431,1363,1455,1393,1423,1389,1391,1382,1583,1419,1612,1401,1642,1407,1663,1431,1639,1434,1610,1429,1387,1617,1432,1596,1478,1593,1505,1604,1533,1602,1563,1619,1581,1651,1551,1673,1519,1681,1489,1678,1459,1670,1421,1649,1404,1619,1473,1618,1501,1625,1528,1628,1566,1648,1525,1648,1496,1646,1468,1639
3017,h,1,1,1236,1176,1771,1711,100.56666666666666,1219,1369,1209,1440,1205,1511,1213,1579,1237,1644,1282,1697,1339,1738,1393,1774,1455,1794,1513,1791,1561,1759,1608,1721,1645,1672,1672,1618,1694,1563,1708,1505,1713,1450,1322,1330,1365,1308,1416,1308,1466,1323,1512,1346,1576,1363,1617,1361,1656,1363,1692,1375,1710,1407,1536,1395,1533,1430,1532,1463,1530,1500,1455,1538,1483,1549,1512,1560,1539,1559,1566,1556,1367,1369,1397,1357,1431,1363,1455,1393,1423,1389,1391,1382,1583,1419,1612,1401,1642,1407,1663,1431,1639,1434,1610,1429,1387,1617,1432,1596,1478,1593,1505,1604,1533,1602,1563,1619,1581,1651,1551,1673,1519,1681,1489,1678,1459,1670,1421,1649,1404,1619,1473,1618,1501,1625,1528,1628,1566,1648,1525,1648,1496,1646,1468,1639
3018,h,1,1,1236,1176,1771,1711,100.6,1223,1362,1211,1432,1207,1503,1212,1573,1235,1639,1281,1691,1336,1732,1391,1768,1453,1788,1511,1785,1559,1753,1606,1716,1644,1667,1672,1614,1695,1559,1708,1502,1712,1448,1321,1330,1364,1308,1415,1309,1465,1323,1511,1345,1577,1364,1617,1361,1656,1363,1691,1374,1709,1404,1535,1395,1533,1429,1532,1463,1530,1498,1454,1535,1483,1546,1512,1558,1540,1556,1567,1554,1367,1369,1397,1357,1431,1363,1455,1392,1423,1388,1391,1381,1582,1418,1610,1400,1641,1406,1662,1429,1638,1432,1609,1427,1388,1613,1432,1595,1478,1592,1504,1604,1532,1602,1560,1618,1578,1648,1548,1671,1516,1679,1486,1676,1457,1668,1420,1647,1403,1616,1472,1616,1499,1623,1527,1626,1565,1645,1523,1646,1494,1644,1467,1637
3019,h,1,1,1236,1176,1771,1711,100.63333333333334,1222,1365,1212,1436,1208,1508,1215,1578,1240,1641,1285,1693,1339,1734,1393,1770,1455,1790,1512,1787,1560,1755,1607,1717,1646,1669,1673,1616,1696,1560,1709,1503,1714,1447,1319,1330,1362,1308,1413,1308,1463,1323,1510,1345,1574,1362,1615,1359,1655,1361,1691,1374,1708,1406,1534,1394,1532,1429,1531,1463,1529,1499,1454,1535,1482,1546,1511,1558,1538,1557,1564,1555,1364,1368,1395,1357,1428,1363,1452,1392,1421,1389,1389,1381,1581,1419,1609,1401,1640,1406,1662,1429,1638,1432,1608,1428,1387,1613,1431,1594,1476,1591,1503,1603,1532,1601,1560,1618,1580,1649,1548,1669,1517,1676,1486,1673,1456,1665,1419,1645,1404,1615,1471,1615,1499,1622,1527,1625,1565,1645,1523,1644,1494,1641,1465,1634
3020,h,1,1,1236,1176,1771,1711,100.66666666666667,1222,1365,1212,1436,1208,1508,1215,1578,1240,1641,1285,1693,1339,1734,1393,1770,1455,1790,1512,1787,1560,1755,1607,1717,1646,1669,1673,1616,1696,1560,1709,1503,1714,1447,1319,1330,1362,1308,1413,1308,1463,1323,1510,1345,1574,1362,1615,1359,1655,1361,1691,1374,1708,1406,1534,1394,1532,1429,1531,1463,1529,1499,1454,1535,1482,1546,1511,1558,1538,1557,1564,1555,1364,1368,1395,1357,1428,1363,1452,1392,1421,1389,1389,1381,1581,1419,1609,1401,1640,1406,1662,1429,1638,1432,1608,1428,1387,1613,1431,1594,1476,1591,1503,1603,1532,1601,1560,1618,1580,1649,1548,1669,1517,1676,1486,1673,1456,1665,1419,1645,1404,1615,1471,1615,1499,1622,1527,1625,1565,1645,1523,1644,1494,1641,1465,1634
3021,h,1,1,1236,1176,1771,1711,100.7,1222,1367,1212,1437,1208,1509,1215,1579,1239,1643,1283,1695,1337,1735,1392,1768,1453,1787,1510,1786,1558,1756,1605,1718,1642,1669,1670,1617,1692,1561,1706,1503,1710,1448,1320,1330,1362,1308,1413,1308,1464,1322,1510,1345,1573,1363,1613,1359,1653,1361,1688,1374,1703,1407,1534,1394,1532,1429,1530,1462,1529,1498,1452,1534,1481,1546,1510,1557,1538,1556,1564,1554,1364,1367,1395,1356,1428,1363,1452,1391,1421,1388,1389,1380,1581,1417,1610,1401,1640,1406,1661,1429,1637,1431,1608,1426,1385,1612,1430,1592,1475,1589,1501,1601,1530,1599,1560,1616,1580,1647,1548,1668,1516,1674,1485,1671,1455,1663,1418,1644,1401,1615,1469,1614,1497,1621,1525,1624,1566,1644,1522,1643,1493,1640,1464,1633
3022,h,1,1,1236,1176,1771,1711,100.73333333333333,1223,1359,1211,1430,1205,1501,1212,1572,1236,1636,1281,1689,1335,1730,1391,1767,1452,1786,1510,1784,1558,1752,1605,1714,1643,1665,1671,1611,1692,1556,1705,1497,1709,1443,1320,1328,1362,1306,1412,1307,1462,1322,1507,1344,1570,1361,1611,1357,1651,1359,1686,1372,1702,1405,1532,1393,1530,1428,1529,1462,1527,1499,1451,1532,1480,1544,1509,1556,1537,1555,1564,1552,1366,1367,1396,1357,1427,1363,1451,1390,1420,1387,1389,1380,1579,1415,1607,1399,1636,1405,1657,1426,1634,1429,1605,1424,1386,1612,1430,1592,1474,1589,1501,1601,1530,1598,1559,1615,1578,1645,1548,1665,1515,1672,1485,1670,1455,1662,1419,1642,1402,1614,1469,1613,1497,1620,1525,1623,1564,1642,1522,1641,1493,1639,1464,1631
3023,h,1,1,1236,1176,1771,1711,100.76666666666667,1221,1365,1210,1435,1206,1504,1212,1573,1235,1636,1279,1689,1334,1729,1390,1765,1452,1785,1511,1783,1560,1753,1606,1715,1642,1665,1669,1613,1690,1558,1703,1501,1707,1446,1319,1328,1361,1306,1411,1305,1460,1319,1505,1340,1570,1358,1611,1356,1650,1359,1685,1373,1701,1404,1531,1393,1529,1427,1528,1460,1526,1496,1451,1532,1480,1543,1508,1555,1536,1554,1562,1552,1363,1366,1393,1354,1425,1360,1450,1389,1418,1386,1386,1379,1579,1415,1607,1397,1637,1403,1658,1427,1635,1429,1605,1424,1382,1611,1426,1590,1471,1587,1500,1600,1529,1597,1558,1614,1578,1646,1547,1665,1514,1671,1483,1668,1452,1660,1414,1641,1398,1613,1466,1612,1496,1619,1524,1622,1564,1642,1521,1640,1491,1638,1461,1630
3024,h,1,1,1236,1176,1771,1711,100.8,1221,1365,1210,1435,1206,1504,1212,1573,1235,1636,1279,1689,1334,1729,1390,1765,1452,1785,1511,1783,1560,1753,1606,1715,1642,1665,1669,1613,1690,1558,1703,1501,1707,1446,1319,1328,1361,1306,1411,1305,1460,1319,1505,1340,1570,1358,1611,1356,1650,1359,1685,1373,1701,1404,1531,1393,1529,1427,1528,1460,1526,1496,1451,1532,1480,1543,1508,1555,1536,1554,1562,1552,1363,1366,1393,1354,1425,1360,1450,1389,1418,1386,1386,1379,1579,1415,1607,1397,1637,1403,1658,1427,1635,1429,1605,1424,1382,1611,1426,1590,1471,1587,1500,1600,1529,1597,1558,1614,1578,1646,1547,1665,1514,1671,1483,1668,1452,1660,1414,1641,1398,1613,1466,1612,1496,1619,1524,1622,1564,1642,1521,1640,1491,1638,1461,1630
3025,h,1,1,1236,1176,1771,1711,100.83333333333333,1221,1363,1210,1434,1206,1504,1211,1572,1235,1635,1279,1687,1333,1727,1388,1763,1450,1783,1508,1781,1557,1750,1602,1712,1639,1663,1667,1611,1688,1556,1700,1500,1705,1445,1317,1328,1359,1306,1409,1305,1459,1318,1506,1340,1569,1358,1609,1355,1649,1358,1684,1373,1701,1405,1529,1391,1527,1426,1527,1459,1525,1495,1449,1530,1478,1542,1507,1554,1535,1553,1562,1550,1361,1366,1391,1353,1424,1359,1449,1388,1417,1385,1385,1378,1577,1414,1606,1397,1636,1402,1657,1426,1633,1428,1603,1423,1381,1611,1425,1588,1471,1586,1499,1598,1528,1596,1558,1612,1577,1644,1546,1665,1513,1672,1482,1669,1451,1661,1413,1641,1397,1613,1466,1610,1495,1617,1523,1620,1562,1641,1519,1640,1490,1638,1461,1631
3026,h,1,1,1236,1176,1771,1711,100.86666666666666,1221,1362,1210,1432,1205,1501,1211,1570,1234,1634,1277,1688,1333,1728,1390,1764,1452,1783,1510,1780,1559,1749,1605,1711,1642,1662,1668,1609,1690,1554,1703,1498,1708,1444,1318,1326,1361,1304,1411,1304,1460,1318,1505,1339,1568,1356,1609,1353,1649,1357,1684,1371,1701,1403,1530,1389,1528,1424,1526,1458,1525,1494,1449,1530,1478,1541,1506,1553,1534,1552,1560,1549,1363,1365,1393,1353,1425,1359,1449,1388,1418,1384,1387,1376,1577,1413,1606,1396,1635,1402,1656,1425,1632,1427,1603,1422,1379,1611,1424,1589,1470,1586,1498,1597,1528,1595,1556,1612,1576,1645,1545,1666,1513,1674,1482,1672,1451,1664,1412,1644,1396,1613,1465,1610,1494,1617,1523,1620,1562,1640,1520,1642,1490,1640,1460,1633
3027,h,1,1,1236,1176,1771,1711,100.9,1218,1365,1208,1436,1204,1508,1210,1578,1235,1642,1280,1694,1336,1734,1392,1767,1452,1786,1509,1782,1557,1749,1603,1711,1638,1662,1665,1608,1687,1554,1700,1498,1706,1443,1315,1327,1357,1304,1407,1302,1457,1316,1503,1338,1570,1356,1610,1352,1650,1355,1685,1370,1702,1402,1528,1389,1527,1424,1525,1458,1524,1494,1448,1529,1476,1540,1505,1553,1532,1551,1559,1548,1360,1365,1390,1352,1423,1358,1447,1388,1416,1385,1384,1377,1576,1413,1604,1396,1635,1401,1656,1426,1632,1428,1602,1422,1380,1611,1424,1589,1470,1586,1497,1598,1527,1595,1555,1612,1575,1644,1544,1664,1511,1672,1481,1670,1451,1662,1412,1642,1396,1612,1465,1610,1493,1616,1521,1619,1560,1640,1518,1641,1489,1639,1460,1633
3028,h,1,1,1236,1176,1771,1711,100.93333333333334,1218,1365,1208,1436,1204,1508,1210,1578,1235,1642,1280,1694,1336,1734,1392,1767,1452,1786,1509,1782,1557,1749,1603,1711,1638,1662,1665,1608,1687,1554,1700,1498,1706,1443,1315,1327,1357,1304,1407,1302,1457,1316,1503,1338,1570,1356,1610,1352,1650,1355,1685,1370,1702,1402,1528,1389,1527,1424,1525,1458,1524,1494,1448,1529,1476,1540,1505,1553,1532,1551,1559,1548,1360,1365,1390,1352,1423,1358,1447,1388,1416,1385,1384,1377,1576,1413,1604,1396,1635,1401,1656,1426,1632,1428,1602,1422,1380,1611,1424,1589,1470,1586,1497,1598,1527,1595,1555,1612,1575,1644,1544,1664,1511,1672,1481,1670,1451,1662,1412,1642,1396,1612,1465,1610,1493,1616,1521,1619,1560,1640,1518,1641,1489,1639,1460,1633
3029,h,1,1,1236,1176,1771,1711,100.96666666666667,1214,1366,1204,1435,1200,1505,1206,1574,1231,1637,1276,1690,1331,1730,1386,1767,1448,1787,1506,1785,1555,1752,1601,1714,1637,1664,1664,1610,1686,1556,1699,1499,1704,1444,1311,1326,1354,1304,1405,1303,1456,1317,1503,1338,1567,1356,1608,1354,1648,1356,1684,1368,1702,1400,1527,1388,1525,1423,1524,1457,1522,1492,1446,1529,1475,1540,1504,1552,1532,1551,1558,1549,1357,1365,1388,1353,1421,1359,1445,1388,1413,1385,1381,1377,1574,1413,1604,1396,1635,1401,1656,1424,1632,1427,1601,1422,1376,1610,1420,1588,1466,1584,1495,1596,1524,1594,1553,1611,1573,1644,1541,1666,1508,1674,1478,1671,1446,1663,1408,1644,1392,1612,1461,1610,1490,1617,1519,1620,1559,1640,1515,1640,1486,1638,1456,1632
3030,h,1,1,1236,1176,1771,1711,101.0,1210,1367,1201,1436,1197,1506,1205,1575,1232,1638,1278,1688,1334,1728,1388,1762,1449,1781,1507,1779,1555,1749,1600,1711,1636,1660,1663,1606,1686,1552,1700,1496,1704,1441,1310,1325,1354,1303,1405,1302,1456,1315,1502,1337,1565,1354,1606,1351,1646,1353,1682,1367,1698,1399,1526,1388,1524,1423,1523,1456,1522,1492,1446,1529,1475,1540,1504,1552,1531,1551,1557,1548,1354,1365,1386,1352,1420,1358,1444,1388,1412,1384,1380,1377,1573,1413,1603,1395,1633,1400,1655,1424,1631,1427,1601,1422,1378,1610,1422,1588,1468,1584,1495,1597,1523,1594,1552,1611,1572,1645,1541,1665,1509,1672,1479,1669,1449,1661,1411,1642,1393,1612,1463,1610,1491,1617,1518,1620,1559,1640,1515,1640,1487,1638,1458,1631
3031,h,1,1,1236,1176,1771,1711,101.03333333333333,1213,1369,1203,1438,1200,1508,1207,1577,1233,1640,1278,1691,1332,1731,1387,1766,1448,1785,1505,1782,1553,1751,1598,1714,1633,1665,1660,1613,1684,1560,1698,1505,1704,1450,1311,1326,1353,1304,1403,1302,1454,1315,1499,1337,1567,1355,1607,1352,1648,1356,1682,1369,1700,1400,1527,1388,1525,1422,1524,1456,1522,1491,1445,1528,1474,1540,1503,1552,1531,1551,1557,1548,1356,1365,1387,1351,1421,1357,1445,1388,1413,1385,1380,1377,1573,1414,1602,1394,1634,1399,1655,1424,1631,1428,1600,1422,1374,1610,1419,1587,1466,1582,1493,1595,1522,1592,1551,1610,1571,1644,1540,1668,1507,1676,1477,1674,1446,1666,1407,1645,1391,1612,1461,1610,1489,1616,1517,1619,1557,1641,1514,1643,1485,1641,1456,1634
3032,h,1,1,1236,1176,1771,1711,101.06666666666666,1213,1369,1203,1438,1200,1508,1207,1577,1233,1640,1278,1691,1332,1731,1387,1766,1448,1785,1505,1782,1553,1751,1598,1714,1633,1665,1660,1613,1684,1560,1698,1505,1704,1450,1311,1326,1353,1304,1403,1302,1454,1315,1499,1337,1567,1355,1607,1352,1648,1356,1682,1369,1700,1400,1527,1388,1525,1422,1524,1456,1522,1491,1445,1528,1474,1540,1503,1552,1531,1551,1557,1548,1356,1365,1387,1351,1421,1357,1445,1388,1413,1385,1380,1377,1573,1414,1602,1394,1634,1399,1655,1424,1631,1428,1600,1422,1374,1610,1419,1587,1466,1582,1493,1595,1522,1592,1551,1610,1571,1644,1540,1668,1507,1676,1477,1674,1446,1666,1407,1645,1391,1612,1461,1610,1489,1616,1517,1619,1557,1641,1514,1643,1485,1641,1456,1634
3033,h,1,1,1236,1176,1771,1711,101.1,1214,1366,1203,1436,1200,1507,1207,1577,1231,1642,1276,1693,1332,1733,1386,1767,1446,1786,1505,1783,1553,1750,1598,1711,1634,1660,1661,1605,1684,1549,1696,1492,1701,1437,1315,1322,1358,1301,1408,1300,1458,1312,1502,1334,1562,1351,1601,1348,1640,1351,1675,1364,1693,1393,1525,1386,1523,1421,1521,1455,1520,1491,1444,1526,1472,1538,1502,1550,1530,1548,1556,1545,1358,1363,1388,1351,1420,1357,1444,1386,1413,1382,1382,1374,1571,1410,1599,1392,1629,1397,1650,1420,1626,1423,1597,1418,1377,1613,1419,1587,1467,1583,1493,1594,1521,1592,1551,1609,1567,1646,1539,1670,1506,1681,1477,1679,1448,1671,1408,1649,1393,1615,1462,1609,1489,1615,1516,1618,1553,1643,1513,1649,1485,1647,1457,1641
3034,h,1,1,1236,1176,1771,1711,101.13333333333334,1212,1365,1201,1436,1198,1508,1205,1578,1229,1644,1275,1696,1331,1735,1386,1768,1447,1787,1504,1784,1552,1752,1597,1713,1632,1661,1660,1607,1682,1552,1695,1495,1700,1440,1312,1326,1354,1302,1406,1300,1457,1314,1504,1335,1561,1352,1602,1349,1642,1352,1678,1366,1695,1396,1525,1386,1523,1421,1522,1455,1520,1491,1444,1526,1473,1538,1502,1550,1530,1549,1557,1545,1358,1362,1389,1349,1422,1354,1445,1384,1415,1381,1383,1374,1570,1409,1599,1391,1629,1395,1650,1419,1626,1422,1597,1417,1378,1613,1420,1587,1467,1583,1494,1595,1522,1592,1552,1609,1569,1646,1541,1671,1508,1682,1477,1679,1447,1671,1408,1649,1394,1615,1462,1608,1489,1615,1518,1617,1555,1642,1514,1650,1485,1648,1456,1641
3035,h,1,1,1236,1176,1771,1711,101.16666666666667,1212,1365,1201,1436,1198,1508,1205,1578,1229,1644,1275,1696,1331,1735,1386,1768,1447,1787,1504,1784,1552,1752,1597,1713,1632,1661,1660,1607,1682,1552,1695,1495,1700,1440,1312,1326,1354,1302,1406,1300,1457,1314,1504,1335,1561,1352,1602,1349,1642,1352,1678,1366,1695,1396,1525,1386,1523,1421,1522,1455,1520,1491,1444,1526,1473,1538,1502,1550,1530,1549,1557,1545,1358,1362,1389,1349,1422,1354,1445,1384,1415,1381,1383,1374,1570,1409,1599,1391,1629,1395,1650,1419,1626,1422,1597,1417,1378,1613,1420,1587,1467,1583,1494,1595,1522,1592,1552,1609,1569,1646,1541,1671,1508,1682,1477,1679,1447,1671,1408,1649,1394,1615,1462,1608,1489,1615,1518,1617,1555,1642,1514,1650,1485,1648,1456,1641
3036,h,1,1,1236,1176,1771,1711,101.2,1210,1365,1201,1437,1199,1509,1206,1579,1230,1645,1274,1697,1331,1735,1385,1769,1447,1787,1506,1782,1555,1749,1601,1709,1636,1659,1663,1605,1686,1551,1700,1494,1706,1438,1309,1323,1352,1300,1401,1299,1452,1312,1498,1335,1561,1351,1602,1348,1642,1350,1678,1363,1696,1394,1522,1386,1521,1421,1520,1454,1519,1491,1443,1526,1471,1538,1501,1550,1529,1549,1555,1545,1355,1363,1385,1350,1418,1356,1442,1385,1411,1382,1379,1374,1571,1410,1598,1391,1629,1396,1650,1421,1626,1423,1597,1418,1374,1613,1418,1587,1465,1583,1492,1594,1521,1591,1550,1609,1567,1646,1538,1670,1505,1679,1476,1677,1445,1670,1406,1649,1390,1615,1460,1608,1488,1615,1516,1617,1553,1642,1512,1648,1483,1646,1454,1640
3037,h,1,1,1236,1176,1771,1711,101.23333333333333,1213,1364,1203,1433,1198,1502,1204,1570,1228,1635,1272,1687,1326,1727,1380,1762,1443,1783,1501,1781,1550,1748,1596,1709,1632,1658,1660,1604,1682,1549,1696,1493,1702,1438,1311,1328,1353,1303,1404,1300,1455,1314,1502,1336,1560,1353,1600,1349,1639,1352,1674,1366,1690,1397,1523,1386,1522,1420,1521,1454,1519,1490,1443,1525,1472,1537,1500,1549,1528,1547,1555,1543,1359,1366,1390,1353,1423,1358,1445,1387,1415,1385,1383,1378,1568,1411,1596,1394,1626,1399,1647,1422,1623,1425,1594,1420,1375,1610,1418,1586,1464,1582,1492,1594,1520,1591,1549,1608,1568,1644,1538,1667,1506,1676,1476,1674,1445,1666,1407,1645,1391,1612,1459,1608,1488,1614,1515,1617,1553,1640,1512,1643,1483,1641,1454,1634
3038,h,1,1,1236,1176,1771,1711,101.26666666666667,1217,1362,1206,1431,1201,1502,1206,1571,1231,1635,1275,1687,1329,1727,1382,1762,1444,1781,1502,1778,1551,1747,1598,1708,1633,1658,1660,1604,1681,1550,1693,1494,1699,1440,1312,1325,1353,1301,1403,1299,1454,1313,1500,1334,1560,1352,1601,1349,1641,1353,1676,1366,1693,1398,1522,1385,1520,1419,1520,1452,1518,1487,1442,1525,1471,1536,1500,1548,1528,1547,1554,1543,1357,1365,1388,1353,1422,1358,1445,1387,1414,1385,1382,1378,1567,1411,1596,1395,1626,1400,1647,1423,1623,1426,1594,1421,1371,1608,1416,1585,1464,1581,1491,1592,1519,1590,1549,1607,1569,1642,1537,1664,1504,1673,1475,1670,1444,1663,1405,1643,1388,1611,1459,1607,1487,1612,1514,1616,1554,1638,1511,1641,1482,1638,1454,1632
3039,h,1,1,1236,1176,1771,1711,101.3,1217,1362,1206,1431,1201,1502,1206,1571,1231,1635,1275,1687,1329,1727,1382,1762,1444,1781,1502,1778,1551,1747,1598,1708,1633,1658,1660,1604,1681,1550,1693,1494,1699,1440,1312,1325,1353,1301,1403,1299,1454,1313,1500,1334,1560,1352,1601,1349,1641,1353,1676,1366,1693,1398,1522,1385,1520,1419,1520,1452,1518,1487,1442,1525,1471,1536,1500,1548,1528,1547,1554,1543,1357,1365,1388,1353,1422,1358,1445,1387,1414,1385,1382,1378,1567,1411,1596,1395,1626,1400,1647,1423,1623,1426,1594,1421,1371,1608,1416,1585,1464,1581,1491,1592,1519,1590,1549,1607,1569,1642,1537,1664,1504,1673,1475,1670,1444,1663,1405,1643,1388,1611,1459,1607,1487,1612,1514,1616,1554,1638,1511,1641,1482,1638,1454,1632
3040,h,1,1,1236,1176,1771,1711,101.33333333333333,1213,1365,1203,1433,1199,1502,1205,1570,1229,1632,1274,1683,1328,1723,1382,1758,1443,1777,1501,1775,1551,1744,1596,1706,1633,1656,1661,1603,1682,1549,1694,1493,1698,1439,1310,1323,1352,1300,1403,1299,1453,1314,1499,1335,1558,1352,1598,1349,1637,1352,1672,1365,1689,1395,1521,1386,1519,1420,1517,1453,1516,1489,1440,1525,1469,1537,1498,1549,1527,1547,1553,1544,1355,1365,1386,1353,1418,1359,1442,1387,1410,1384,1379,1376,1567,1412,1595,1396,1625,1401,1646,1422,1622,1424,1593,1420,1370,1608,1415,1585,1462,1580,1490,1591,1519,1589,1549,1607,1569,1642,1538,1661,1505,1669,1474,1667,1444,1659,1405,1640,1387,1610,1457,1607,1486,1613,1514,1616,1554,1638,1511,1636,1482,1634,1453,1629
3041,h,1,1,1236,1176,1771,1711,101.36666666666666,1211,1362,1201,1432,1197,1501,1204,1570,1229,1634,1273,1686,1326,1726,1380,1762,1441,1781,1499,1779,1546,1748,1593,1710,1631,1660,1658,1606,1680,1550,1692,1493,1696,1439,1310,1325,1352,1302,1401,1299,1451,1313,1496,1336,1556,1353,1596,1349,1636,1351,1671,1365,1688,1396,1518,1383,1516,1418,1515,1451,1513,1487,1439,1523,1467,1535,1497,1548,1525,1546,1551,1542,1355,1363,1385,1352,1418,1357,1441,1383,1410,1381,1379,1374,1566,1408,1595,1393,1624,1399,1645,1421,1621,1422,1592,1417,1371,1607,1414,1584,1462,1580,1489,1591,1518,1588,1547,1606,1567,1641,1536,1663,1503,1672,1473,1670,1442,1662,1403,1642,1387,1609,1457,1606,1485,1612,1513,1615,1552,1637,1510,1639,1481,1637,1451,1630
3042,h,1,1,1236,1176,1771,1711,101.4,1203,1367,1196,1437,1194,1507,1202,1577,1228,1641,1272,1693,1327,1733,1382,1767,1444,1785,1503,1783,1552,1750,1597,1709,1633,1657,1659,1604,1681,1549,1694,1492,1698,1437,1304,1326,1345,1300,1396,1297,1448,1309,1495,1331,1553,1346,1595,1342,1637,1345,1673,1361,1691,1396,1516,1380,1515,1415,1514,1449,1513,1486,1438,1523,1467,1534,1496,1546,1524,1544,1551,1541,1350,1363,1381,1349,1414,1354,1438,1382,1407,1379,1375,1373,1565,1406,1594,1390,1624,1395,1645,1418,1621,1419,1591,1414,1368,1611,1412,1584,1461,1578,1489,1590,1517,1588,1547,1605,1565,1643,1535,1669,1502,1681,1472,1679,1441,1672,1400,1649,1383,1613,1456,1603,1485,1609,1512,1612,1551,1639,1508,1649,1479,1648,1450,1641
3043,h,1,1,1236,1176,1771,1711,101.43333333333334,1203,1367,1196,1437,1194,1507,1202,1577,1228,1641,1272,1693,1327,1733,1382,1767,1444,1785,1503,1783,1552,1750,1597,1709,1633,1657,1659,1604,1681,1549,1694,1492,1698,1437,1304,1326,1345,1300,1396,1297,1448,1309,1495,1331,1553,1346,1595,1342,1637,1345,1673,1361,1691,1396,1516,1380,1515,1415,1514,1449,1513,1486,1438,1523,1467,1534,1496,1546,1524,1544,1551,1541,1350,1363,1381,1349,1414,1354,1438,1382,1407,1379,1375,1373,1565,1406,1594,1390,1624,1395,1645,1418,1621,1419,1591,1414,1368,1611,1412,1584,1461,1578,1489,1590,1517,1588,1547,1605,1565,1643,1535,1669,1502,1681,1472,1679,1441,1672,1400,1649,1383,1613,1456,1603,1485,1609,1512,1612,1551,1639,1508,1649,1479,1648,1450,1641
3044,h,1,1,1236,1176,1771,1711,101.46666666666667,1209,1368,1200,1437,1196,1507,1203,1575,1227,1640,1269,1692,1323,1733,1378,1767,1440,1786,1500,1784,1548,1752,1594,1711,1629,1660,1657,1606,1680,1552,1694,1495,1698,1440,1308,1322,1349,1298,1398,1296,1448,1309,1493,1332,1553,1347,1593,1343,1635,1345,1671,1359,1690,1392,1515,1381,1513,1416,1512,1450,1510,1485,1436,1523,1465,1534,1494,1546,1522,1544,1549,1541,1350,1362,1381,1349,1414,1354,1437,1382,1406,1380,1375,1373,1565,1407,1594,1390,1624,1395,1645,1418,1621,1420,1591,1415,1369,1611,1411,1585,1458,1579,1487,1591,1515,1588,1545,1606,1564,1643,1534,1669,1500,1681,1470,1679,1439,1670,1399,1648,1385,1613,1453,1605,1482,1612,1510,1615,1549,1640,1507,1647,1478,1647,1448,1639
3045,h,1,1,1236,1176,1771,1711,101.5,1210,1371,1201,1439,1198,1509,1206,1576,1231,1640,1274,1691,1326,1731,1381,1764,1442,1782,1501,1781,1550,1750,1595,1710,1631,1658,1657,1604,1680,1550,1693,1493,1697,1439,1305,1322,1347,1298,1396,1296,1447,1309,1492,1331,1553,1348,1594,1344,1634,1347,1669,1362,1686,1394,1514,1381,1512,1416,1511,1449,1510,1485,1435,1522,1464,1533,1493,1545,1522,1543,1549,1540,1350,1362,1380,1349,1412,1355,1435,1383,1405,1380,1373,1373,1564,1408,1592,1391,1623,1395,1644,1418,1619,1420,1590,1415,1368,1612,1411,1584,1458,1579,1486,1590,1515,1587,1544,1606,1563,1643,1533,1668,1500,1679,1469,1677,1438,1669,1399,1647,1384,1613,1453,1605,1482,1611,1510,1614,1548,1640,1506,1646,1477,1645,1447,1638
3046,h,1,1,1236,1176,1771,1711,101.53333333333333,1204,1367,1196,1436,1193,1504,1200,1572,1222,1637,1265,1689,1319,1730,1374,1766,1436,1787,1497,1784,1548,1751,1594,1710,1629,1658,1655,1604,1677,1549,1690,1493,1693,1438,1298,1325,1340,1299,1391,1295,1443,1307,1491,1328,1549,1345,1590,1341,1632,1344,1669,1360,1686,1396,1511,1379,1509,1414,1508,1447,1507,1483,1432,1520,1461,1531,1491,1543,1519,1541,1547,1538,1345,1362,1376,1350,1408,1354,1431,1382,1401,1379,1370,1372,1562,1406,1590,1390,1621,1394,1642,1417,1617,1419,1588,1415,1365,1609,1408,1583,1455,1577,1484,1589,1513,1586,1543,1604,1563,1642,1531,1666,1497,1677,1466,1675,1435,1666,1396,1644,1381,1610,1450,1603,1480,1610,1508,1613,1549,1638,1504,1644,1474,1642,1444,1635
3047,h,1,1,1236,1176,1771,1711,101.56666666666666,1204,1367,1196,1436,1193,1504,1200,1572,1222,1637,1265,1689,1319,1730,1374,1766,1436,1787,1497,1784,1548,1751,1594,1710,1629,1658,1655,1604,1677,1549,1690,1493,1693,1438,1298,1325,1340,1299,1391,1295,1443,1307,1491,1328,1549,1345,1590,1341,1632,1344,1669,1360,1686,1396,1511,1379,1509,1414,1508,1447,1507,1483,1432,1520,1461,1531,1491,1543,1519,1541,1547,1538,1345,1362,1376,1350,1408,1354,1431,1382,1401,1379,1370,1372,1562,1406,1590,1390,1621,1394,1642,1417,1617,1419,1588,1415,1365,1609,1408,1583,1455,1577,1484,1589,1513,1586,1543,1604,1563,1642,1531,1666,1497,1677,1466,1675,1435,1666,1396,1644,1381,1610,1450,1603,1480,1610,1508,1613,1549,1638,1504,1644,1474,1642,1444,1635
3048,h,1,1,1236,1176,1771,1711,101.6,1207,1366,1198,1435,1194,1503,1201,1571,1226,1634,1268,1685,1320,1725,1374,1759,1437,1779,1496,1777,1545,1747,1591,1708,1628,1658,1655,1604,1677,1549,1689,1492,1692,1436,1300,1323,1342,1299,1391,1296,1442,1307,1489,1328,1548,1344,1589,1340,1631,1344,1667,1359,1684,1393,1509,1378,1507,1414,1506,1447,1504,1483,1430,1520,1459,1531,1488,1543,1518,1542,1545,1537,1345,1361,1376,1348,1408,1353,1432,1381,1401,1378,1369,1372,1560,1405,1588,1388,1619,1392,1640,1416,1615,1418,1586,1413,1364,1607,1407,1581,1454,1576,1482,1587,1510,1584,1540,1602,1560,1638,1529,1663,1496,1673,1466,1671,1435,1663,1396,1642,1381,1608,1449,1603,1478,1609,1505,1611,1545,1635,1502,1639,1473,1637,1444,1631
3049,h,1,1,1176,1236,1711,1771,101.63333333333334,1206,1365,1199,1436,1198,1506,1202,1576,1225,1640,1268,1691,1321,1730,1377,1762,1439,1780,1499,1776,1548,1747,1594,1708,1629,1657,1654,1603,1675,1548,1689,1493,1696,1438,1295,1321,1339,1297,1389,1295,1440,1308,1484,1329,1550,1345,1593,1342,1634,1346,1670,1361,1689,1393,1511,1380,1510,1414,1508,1446,1507,1482,1430,1520,1461,1530,1490,1541,1519,1540,1545,1538,1341,1361,1373,1351,1405,1357,1429,1383,1400,1378,1368,1372,1559,1407,1590,1391,1621,1397,1643,1417,1618,1418,1588,1414,1361,1605,1409,1581,1455,1576,1481,1587,1512,1585,1542,1603,1562,1638,1531,1659,1497,1666,1465,1664,1435,1657,1396,1638,1378,1606,1450,1602,1477,1609,1507,1611,1547,1634,1503,1635,1471,1633,1444,1627
3050,h,1,1,1176,1236,1711,1771,101.66666666666667,1206,1365,1199,1436,1198,1506,1202,1576,1225,1640,1268,1691,1321,1730,1377,1762,1439,1780,1499,1776,1548,1747,1594,1708,1629,1657,1654,1603,1675,1548,1689,1493,1696,1438,1295,1321,1339,1297,1389,1295,1440,1308,1484,1329,1550,1345,1593,1342,1634,1346,1670,1361,1689,1393,1511,1380,1510,1414,1508,1446,1507,1482,1430,1520,1461,1530,1490,1541,1519,1540,1545,1538,1341,1361,1373,1351,1405,1357,1429,1383,1400,1378,1368,1372,1559,1407,1590,1391,1621,1397,1643,1417,1618,1418,1588,1414,1361,1605,1409,1581,1455,1576,1481,1587,1512,1585,1542,1603,1562,1638,1531,1659,1497,1666,1465,1664,1435,1657,1396,1638,1378,1606,1450,1602,1477,1609,1507,1611,1547,1634,1503,1635,1471,1633,1444,1627
3051,h,1,1,1176,1236,1711,1771,101.7,1207,1368,1200,1437,1198,1506,1204,1573,1227,1635,1270,1685,1321,1722,1376,1753,1438,1770,1497,1766,1548,1738,1595,1702,1629,1654,1653,1601,1675,1548,1689,1494,1696,1440,1295,1322,1338,1296,1387,1294,1436,1306,1480,1327,1548,1342,1590,1339,1631,1342,1668,1358,1688,1390,1507,1377,1505,1412,1504,1445,1503,1481,1429,1519,1458,1529,1487,1540,1516,1539,1543,1536,1339,1361,1370,1349,1403,1356,1426,1383,1397,1379,1365,1372,1557,1406,1588,1388,1618,1394,1640,1416,1616,1417,1586,1412,1363,1604,1409,1580,1454,1575,1480,1586,1510,1584,1540,1601,1560,1635,1529,1654,1495,1663,1464,1660,1435,1653,1396,1635,1378,1605,1449,1600,1476,1606,1505,1608,1545,1631,1501,1633,1470,1631,1443,1625
3052,h,1,1,1176,1236,1711,1771,101.73333333333333,1203,1368,1197,1437,1196,1505,1202,1571,1226,1633,1269,1683,1321,1721,1376,1752,1438,1770,1497,1765,1548,1739,1594,1702,1629,1655,1654,1602,1675,1547,1690,1493,1698,1438,1293,1323,1335,1297,1385,1294,1436,1306,1481,1326,1546,1340,1589,1337,1631,1342,1668,1358,1688,1389,1506,1375,1504,1410,1502,1444,1501,1480,1428,1519,1457,1528,1485,1538,1514,1537,1540,1535,1338,1361,1369,1348,1402,1355,1425,1381,1396,1377,1364,1371,1556,1404,1587,1387,1617,1393,1639,1414,1615,1416,1585,1411,1363,1603,1408,1579,1452,1573,1477,1584,1507,1582,1538,1599,1559,1634,1527,1651,1493,1658,1462,1655,1434,1648,1396,1631,1379,1604,1447,1599,1473,1605,1502,1607,1544,1629,1498,1628,1469,1626,1442,1620
3053,h,1,1,1176,1236,1711,1771,101.76666666666667,1205,1367,1198,1435,1197,1504,1202,1571,1225,1634,1267,1684,1319,1720,1375,1749,1438,1766,1498,1763,1549,1737,1595,1702,1628,1655,1652,1603,1672,1549,1685,1494,1692,1439,1289,1326,1332,1297,1382,1294,1434,1305,1482,1325,1542,1340,1585,1337,1628,1342,1665,1359,1685,1391,1505,1376,1503,1410,1501,1442,1500,1477,1425,1517,1455,1527,1484,1538,1514,1537,1541,1535,1334,1361,1367,1348,1400,1355,1425,1382,1395,1377,1362,1371,1553,1405,1585,1387,1616,1392,1639,1414,1613,1415,1583,1411,1362,1601,1407,1577,1451,1571,1476,1582,1507,1580,1538,1599,1560,1633,1527,1649,1493,1655,1461,1652,1433,1645,1395,1629,1378,1601,1446,1598,1472,1604,1503,1606,1545,1628,1499,1625,1468,1623,1441,1617
3054,h,1,1,1176,1236,1711,1771,101.8,1205,1367,1198,1435,1197,1504,1202,1571,1225,1634,1267,1684,1319,1720,1375,1749,1438,1766,1498,1763,1549,1737,1595,1702,1628,1655,1652,1603,1672,1549,1685,1494,1692,1439,1289,1326,1332,1297,1382,1294,1434,1305,1482,1325,1542,1340,1585,1337,1628,1342,1665,1359,1685,1391,1505,1376,1503,1410,1501,1442,1500,1477,1425,1517,1455,1527,1484,1538,1514,1537,1541,1535,1334,1361,1367,1348,1400,1355,1425,1382,1395,1377,1362,1371,1553,1405,1585,1387,1616,1392,1639,1414,1613,1415,1583,1411,1362,1601,1407,1577,1451,1571,1476,1582,1507,1580,1538,1599,1560,1633,1527,1649,1493,1655,1461,1652,1433,1645,1395,1629,1378,1601,1446,1598,1472,1604,1503,1606,1545,1628,1499,1625,1468,1623,1441,1617
3055,h,1,1,1176,1176,1711,1711,101.83333333333333,1205,1365,1198,1434,1197,1503,1205,1569,1228,1629,1271,1677,1323,1714,1377,1745,1438,1762,1495,1759,1546,1732,1592,1697,1627,1651,1653,1601,1674,1547,1686,1492,1691,1437,1289,1324,1331,1298,1381,1296,1432,1308,1478,1327,1543,1342,1585,1338,1626,1340,1663,1355,1682,1386,1504,1376,1502,1410,1501,1443,1500,1478,1425,1516,1455,1527,1483,1538,1512,1536,1538,1534,1336,1360,1368,1346,1402,1352,1424,1381,1396,1378,1363,1371,1554,1403,1584,1384,1615,1389,1636,1413,1613,1414,1583,1411,1362,1600,1406,1576,1450,1571,1476,1582,1506,1579,1537,1597,1558,1629,1526,1645,1493,1651,1461,1649,1433,1642,1396,1625,1379,1601,1446,1597,1472,1602,1501,1605,1543,1625,1498,1622,1468,1620,1441,1613
3056,h,1,1,1176,1176,1711,1711,101.86666666666666,1205,1371,1198,1438,1197,1505,1204,1570,1226,1630,1268,1679,1320,1715,1373,1746,1434,1764,1492,1763,1542,1735,1589,1702,1625,1656,1652,1606,1674,1553,1687,1499,1693,1445,1288,1326,1328,1299,1379,1296,1431,1308,1477,1327,1542,1342,1585,1339,1627,1343,1664,1358,1683,1391,1504,1374,1502,1408,1501,1441,1500,1476,1426,1516,1455,1526,1484,1537,1512,1535,1538,1533,1335,1359,1367,1344,1401,1350,1424,1380,1395,1376,1362,1370,1553,1402,1583,1382,1615,1387,1636,1413,1613,1414,1583,1410,1360,1598,1406,1575,1451,1570,1476,1581,1505,1579,1537,1596,1558,1628,1525,1645,1492,1652,1461,1649,1433,1643,1394,1625,1376,1599,1447,1596,1472,1602,1501,1604,1543,1624,1497,1620,1467,1618,1441,1613
3057,h,1,1,1176,1236,1711,1771,101.9,1207,1364,1200,1432,1199,1499,1204,1565,1224,1628,1265,1679,1317,1717,1373,1748,1436,1765,1496,1761,1547,1735,1593,1699,1627,1652,1651,1599,1670,1545,1683,1490,1690,1436,1291,1323,1332,1297,1382,1294,1432,1306,1477,1326,1543,1341,1585,1338,1626,1341,1662,1356,1679,1389,1504,1374,1503,1408,1501,1441,1500,1477,1425,1514,1454,1525,1483,1535,1511,1533,1538,1531,1335,1360,1366,1348,1399,1354,1421,1380,1393,1376,1361,1370,1554,1403,1584,1387,1614,1392,1635,1413,1611,1414,1582,1410,1362,1598,1407,1574,1451,1569,1474,1580,1504,1578,1535,1595,1559,1627,1526,1643,1492,1648,1461,1646,1434,1640,1397,1624,1379,1599,1446,1595,1471,1601,1500,1603,1544,1623,1497,1620,1467,1618,1442,1612
3058,h,1,1,1176,1236,1711,1771,101.93333333333334,1207,1364,1200,1432,1199,1499,1204,1565,1224,1628,1265,1679,1317,1717,1373,1748,1436,1765,1496,1761,1547,1735,1593,1699,1627,1652,1651,1599,1670,1545,1683,1490,1690,1436,1291,1323,1332,1297,1382,1294,1432,1306,1477,1326,1543,1341,1585,1338,1626,1341,1662,1356,1679,1389,1504,1374,1503,1408,1501,1441,1500,1477,1425,1514,1454,1525,1483,1535,1511,1533,1538,1531,1335,1360,1366,1348,1399,1354,1421,1380,1393,1376,1361,1370,1554,1403,1584,1387,1614,1392,1635,1413,1611,1414,1582,1410,1362,1598,1407,1574,1451,1569,1474,1580,1504,1578,1535,1595,1559,1627,1526,1643,1492,1648,1461,1646,1434,1640,1397,1624,1379,1599,1446,1595,1471,1601,1500,1603,1544,1623,1497,1620,1467,1618,1442,1612
3059,h,1,1,1176,1236,1711,1771,101.96666666666667,1205,1370,1198,1436,1198,1502,1204,1567,1225,1628,1266,1679,1317,1716,1372,1748,1434,1766,1494,1764,1544,1738,1589,1701,1622,1654,1647,1602,1666,1548,1679,1493,1686,1439,1288,1325,1330,1298,1381,1295,1432,1307,1477,1328,1539,1342,1581,1339,1623,1343,1658,1359,1676,1393,1502,1373,1500,1408,1499,1440,1498,1476,1425,1514,1454,1524,1482,1534,1510,1533,1535,1531,1334,1359,1366,1347,1398,1353,1421,1379,1392,1376,1361,1370,1552,1402,1583,1386,1612,1391,1633,1412,1610,1414,1581,1410,1360,1597,1405,1573,1449,1568,1474,1579,1504,1577,1535,1595,1559,1628,1525,1643,1492,1649,1460,1646,1433,1639,1395,1623,1377,1598,1445,1594,1470,1600,1500,1603,1544,1623,1497,1619,1466,1617,1440,1610
3060,h,1,1,1176,1236,1711,1771,102.0,1207,1366,1201,1433,1201,1500,1206,1564,1227,1625,1267,1676,1318,1713,1372,1744,1434,1761,1493,1760,1545,1734,1592,1699,1626,1651,1651,1598,1671,1544,1684,1489,1691,1434,1289,1325,1330,1297,1380,1293,1431,1305,1476,1325,1540,1338,1584,1336,1625,1340,1662,1356,1681,1390,1501,1373,1499,1407,1497,1439,1495,1474,1424,1512,1453,1522,1481,1532,1509,1531,1535,1530,1336,1359,1367,1347,1398,1353,1421,1380,1392,1376,1361,1370,1552,1403,1582,1385,1612,1390,1633,1412,1609,1414,1580,1410,1362,1595,1406,1572,1448,1567,1473,1578,1504,1576,1535,1594,1559,1627,1525,1641,1491,1647,1459,1644,1431,1637,1395,1621,1378,1596,1444,1594,1470,1600,1500,1602,1544,1623,1496,1617,1465,1615,1439,1608
3061,h,1,1,1176,1236,1711,1771,102.03333333333333,1207,1367,1202,1435,1202,1502,1208,1567,1229,1628,1269,1678,1320,1713,1376,1743,1438,1760,1497,1757,1548,1732,1594,1698,1628,1651,1652,1599,1672,1545,1684,1491,1690,1438,1290,1323,1332,1296,1381,1294,1431,1305,1476,1323,1540,1337,1582,1336,1624,1341,1660,1358,1679,1391,1502,1371,1500,1406,1498,1438,1497,1473,1425,1512,1453,1521,1481,1531,1509,1530,1535,1528,1334,1358,1365,1345,1397,1351,1420,1378,1391,1374,1360,1368,1552,1402,1583,1384,1613,1389,1634,1411,1611,1413,1581,1409,1363,1595,1407,1571,1450,1565,1474,1576,1504,1574,1535,1592,1556,1625,1524,1639,1491,1645,1460,1642,1433,1635,1397,1620,1379,1594,1445,1591,1470,1597,1500,1600,1541,1620,1496,1616,1466,1614,1440,1607
3062,h,1,1,1176,1236,1711,1771,102.06666666666666,1207,1367,1202,1435,1202,1502,1208,1567,1229,1628,1269,1678,1320,1713,1376,1743,1438,1760,1497,1757,1548,1732,1594,1698,1628,1651,1652,1599,1672,1545,1684,1491,1690,1438,1290,1323,1332,1296,1381,1294,1431,1305,1476,1323,1540,1337,1582,1336,1624,1341,1660,1358,1679,1391,1502,1371,1500,1406,1498,1438,1497,1473,1425,1512,1453,1521,1481,1531,1509,1530,1535,1528,1334,1358,1365,1345,1397,1351,1420,1378,1391,1374,1360,1368,1552,1402,1583,1384,1613,1389,1634,1411,1611,1413,1581,1409,1363,1595,1407,1571,1450,1565,1474,1576,1504,1574,1535,1592,1556,1625,1524,1639,1491,1645,1460,1642,1433,1635,1397,1620,1379,1594,1445,1591,1470,1597,1500,1600,1541,1620,1496,1616,1466,1614,1440,1607
3063,h,1,1,1176,1236,1711,1771,102.1,1211,1376,1206,1444,1206,1512,1213,1577,1235,1636,1277,1683,1328,1717,1380,1746,1440,1761,1497,1757,1546,1732,1592,1698,1625,1652,1649,1600,1668,1546,1680,1490,1687,1436,1292,1322,1333,1296,1381,1293,1429,1305,1472,1323,1537,1338,1578,1336,1618,1339,1654,1356,1672,1389,1498,1372,1496,1406,1494,1438,1493,1473,1423,1513,1452,1522,1480,1532,1507,1531,1532,1529,1332,1360,1363,1345,1395,1352,1419,1380,1390,1377,1358,1371,1548,1403,1577,1382,1609,1387,1631,1410,1607,1413,1577,1409,1363,1594,1405,1571,1447,1565,1472,1575,1503,1573,1534,1590,1556,1623,1525,1638,1492,1645,1461,1643,1432,1636,1396,1619,1378,1594,1443,1592,1469,1598,1499,1600,1541,1618,1496,1614,1466,1612,1439,1606
3064,h,1,1,1176,1236,1711,1771,102.13333333333334,1210,1375,1204,1442,1205,1510,1212,1574,1234,1633,1275,1680,1327,1714,1379,1743,1437,1759,1494,1756,1544,1733,1590,1700,1625,1654,1649,1602,1669,1548,1682,1492,1689,1436,1291,1323,1331,1296,1379,1294,1428,1305,1471,1324,1537,1339,1579,1337,1619,1342,1655,1358,1674,1390,1497,1372,1496,1406,1494,1438,1493,1474,1423,1513,1451,1522,1479,1532,1507,1531,1532,1530,1332,1359,1363,1344,1395,1351,1420,1380,1390,1376,1358,1369,1548,1403,1578,1383,1609,1388,1631,1412,1607,1414,1577,1410,1361,1594,1404,1570,1446,1565,1472,1576,1504,1574,1534,1591,1556,1623,1524,1638,1491,1644,1459,1642,1429,1634,1394,1618,1377,1594,1442,1591,1468,1597,1499,1600,1541,1619,1496,1613,1464,1611,1437,1604
3065,h,1,1,1176,1236,1711,1771,102.16666666666667,1210,1375,1204,1442,1205,1510,1212,1574,1234,1633,1275,1680,1327,1714,1379,1743,1437,1759,1494,1756,1544,1733,1590,1700,1625,1654,1649,1602,1669,1548,1682,1492,1689,1436,1291,1323,1331,1296,1379,1294,1428,1305,1471,1324,1537,1339,1579,1337,1619,1342,1655,1358,1674,1390,1497,1372,1496,1406,1494,1438,1493,1474,1423,1513,1451,1522,1479,1532,1507,1531,1532,1530,1332,1359,1363,1344,1395,1351,1420,1380,1390,1376,1358,1369,1548,1403,1578,1383,1609,1388,1631,1412,1607,1414,1577,1410,1361,1594,1404,1570,1446,1565,1472,1576,1504,1574,1534,1591,1556,1623,1524,1638,1491,1644,1459,1642,1429,1634,1394,1618,1377,1594,1442,1591,1468,1597,1499,1600,1541,1619,1496,1613,1464,1611,1437,1604
3066,h,1,1,1176,1236,1711,1771,102.2,1212,1370,1206,1437,1207,1505,1213,1570,1234,1629,1274,1677,1325,1712,1376,1741,1435,1758,1491,1757,1542,1732,1590,1699,1626,1652,1651,1600,1670,1547,1683,1492,1690,1436,1291,1322,1332,1295,1380,1292,1428,1305,1471,1324,1537,1339,1578,1337,1619,1341,1655,1355,1676,1386,1497,1373,1494,1406,1493,1438,1491,1473,1422,1512,1450,1521,1478,1531,1505,1530,1531,1528,1333,1358,1363,1344,1395,1351,1419,1379,1389,1375,1357,1368,1549,1403,1578,1383,1609,1388,1632,1411,1607,1413,1577,1409,1361,1594,1403,1570,1445,1564,1471,1575,1503,1573,1533,1590,1555,1622,1524,1637,1490,1643,1458,1640,1429,1633,1394,1617,1376,1594,1440,1590,1468,1596,1498,1598,1541,1618,1495,1613,1464,1611,1436,1605
3067,h,1,1,1176,1236,1711,1771,102.23333333333333,1208,1373,1203,1440,1204,1508,1211,1572,1232,1630,1274,1677,1324,1711,1376,1741,1436,1758,1493,1756,1543,1731,1589,1698,1624,1652,1648,1601,1668,1547,1681,1491,1687,1436,1290,1323,1330,1297,1378,1294,1427,1305,1471,1323,1535,1336,1576,1335,1617,1339,1653,1354,1673,1385,1496,1372,1494,1406,1493,1438,1491,1473,1422,1512,1450,1521,1478,1532,1506,1530,1531,1528,1331,1359,1362,1345,1394,1352,1418,1380,1388,1376,1356,1369,1547,1403,1577,1383,1608,1388,1630,1411,1606,1413,1576,1409,1361,1594,1403,1569,1445,1564,1471,1575,1501,1572,1532,1590,1554,1623,1523,1637,1490,1643,1458,1640,1430,1633,1394,1617,1376,1594,1441,1590,1467,1596,1497,1598,1539,1618,1494,1613,1464,1611,1437,1605
3068,h,1,1,1176,1236,1711,1771,102.26666666666667,1209,1371,1204,1437,1205,1504,1212,1568,1234,1626,1276,1672,1325,1706,1377,1733,1436,1749,1493,1747,1543,1725,1588,1692,1622,1647,1648,1596,1666,1542,1678,1485,1684,1430,1289,1326,1329,1299,1379,1296,1428,1308,1473,1326,1533,1339,1575,1338,1616,1342,1653,1358,1671,1392,1496,1373,1494,1406,1492,1438,1491,1472,1421,1511,1450,1520,1478,1530,1505,1529,1530,1528,1331,1358,1362,1343,1394,1350,1418,1380,1388,1376,1356,1369,1545,1403,1575,1382,1605,1386,1628,1410,1604,1413,1574,1409,1360,1592,1404,1569,1446,1564,1471,1575,1501,1572,1532,1590,1554,1622,1522,1636,1490,1642,1458,1640,1430,1633,1394,1616,1377,1592,1442,1590,1467,1595,1497,1598,1539,1617,1494,1613,1464,1611,1438,1605
3069,h,1,1,1176,1236,1711,1771,102.3,1209,1371,1204,1437,1205,1504,1212,1568,1234,1626,1276,1672,1325,1706,1377,1733,1436,1749,1493,1747,1543,1725,1588,1692,1622,1647,1648,1596,1666,1542,1678,1485,1684,1430,1289,1326,1329,1299,1379,1296,1428,1308,1473,1326,1533,1339,1575,1338,1616,1342,1653,1358,1671,1392,1496,1373,1494,1406,1492,1438,1491,1472,1421,1511,1450,1520,1478,1530,1505,1529,1530,1528,1331,1358,1362,1343,1394,1350,1418,1380,1388,1376,1356,1369,1545,1403,1575,1382,1605,1386,1628,1410,1604,1413,1574,1409,1360,1592,1404,1569,1446,1564,1471,1575,1501,1572,1532,1590,1554,1622,1522,1636,1490,1642,1458,1640,1430,1633,1394,1616,1377,1592,1442,1590,1467,1595,1497,1598,1539,1617,1494,1613,1464,1611,1438,1605
3070,h,1,1,1176,1236,1711,1771,102.33333333333333,1209,1374,1204,1440,1204,1507,1211,1571,1232,1630,1273,1677,1325,1711,1377,1740,1436,1758,1494,1755,1543,1731,1588,1696,1622,1649,1647,1597,1665,1543,1677,1487,1683,1432,1289,1327,1329,1299,1377,1296,1426,1307,1470,1326,1534,1340,1575,1339,1615,1342,1651,1358,1669,1391,1496,1373,1494,1406,1493,1438,1492,1473,1423,1512,1450,1521,1478,1532,1505,1530,1529,1529,1330,1359,1360,1344,1393,1351,1417,1381,1387,1378,1355,1371,1545,1404,1574,1382,1606,1387,1628,1410,1605,1414,1574,1411,1361,1593,1404,1569,1445,1564,1471,1575,1501,1573,1531,1590,1553,1622,1521,1636,1489,1642,1457,1639,1429,1632,1394,1617,1377,1593,1441,1590,1467,1597,1497,1599,1538,1618,1494,1613,1463,1611,1437,1605
3071,h,1,1,1176,1236,1711,1771,102.36666666666666,1212,1378,1206,1443,1206,1509,1213,1572,1233,1630,1273,1678,1323,1712,1374,1741,1432,1759,1489,1758,1539,1735,1585,1701,1620,1656,1644,1604,1662,1550,1675,1494,1682,1440,1290,1330,1328,1301,1377,1297,1426,1307,1470,1326,1531,1341,1572,1339,1613,1344,1648,1360,1665,1394,1495,1374,1493,1408,1492,1439,1490,1474,1421,1512,1449,1522,1476,1532,1503,1531,1529,1530,1331,1360,1360,1343,1393,1350,1416,1381,1387,1377,1355,1370,1544,1404,1573,1382,1604,1386,1626,1411,1603,1414,1573,1410,1361,1595,1403,1570,1443,1564,1469,1575,1501,1573,1531,1591,1553,1625,1521,1638,1488,1642,1456,1640,1427,1632,1392,1617,1376,1594,1439,1590,1465,1597,1497,1599,1538,1620,1493,1614,1462,1612,1435,1605
3072,h,1,1,1176,1236,1711,1771,102.4,1207,1378,1202,1443,1203,1509,1209,1571,1230,1630,1271,1678,1321,1714,1372,1743,1432,1761,1489,1760,1539,1736,1585,1701,1620,1655,1645,1604,1664,1550,1676,1495,1683,1441,1289,1333,1327,1303,1376,1298,1426,1309,1470,1328,1530,1342,1573,1341,1615,1345,1651,1364,1668,1399,1495,1375,1493,1408,1491,1439,1490,1473,1420,1512,1448,1522,1476,1531,1503,1530,1529,1529,1331,1361,1360,1345,1392,1351,1416,1382,1386,1377,1355,1371,1544,1404,1572,1382,1602,1388,1625,1412,1601,1414,1571,1410,1358,1595,1402,1571,1444,1565,1469,1576,1500,1574,1531,1591,1553,1624,1521,1638,1487,1643,1456,1641,1428,1634,1391,1618,1374,1595,1439,1591,1465,1596,1496,1599,1538,1620,1492,1615,1462,1613,1435,1606
3073,h,1,1,1176,1236,1711,1771,102.43333333333334,1207,1378,1202,1443,1203,1509,1209,1571,1230,1630,1271,1678,1321,1714,1372,1743,1432,1761,1489,1760,1539,1736,1585,1701,1620,1655,1645,1604,1664,1550,1676,1495,1683,1441,1289,1333,1327,1303,1376,1298,1426,1309,1470,1328,1530,1342,1573,1341,1615,1345,1651,1364,1668,1399,1495,1375,1493,1408,1491,1439,1490,1473,1420,1512,1448,1522,1476,1531,1503,1530,1529,1529,1331,1361,1360,1345,1392,1351,1416,1382,1386,1377,1355,1371,1544,1404,1572,1382,1602,1388,1625,1412,1601,1414,1571,1410,1358,1595,1402,1571,1444,1565,1469,1576,1500,1574,1531,1591,1553,1624,1521,1638,1487,1643,1456,1641,1428,1634,1391,1618,1374,1595,1439,1591,1465,1596,1496,1599,1538,1620,1492,1615,1462,1613,1435,1606
3074,h,1,1,1176,1236,1711,1771,102.46666666666667,1211,1376,1205,1442,1205,1507,1212,1569,1232,1627,1272,1674,1322,1708,1374,1736,1435,1753,1493,1751,1541,1727,1587,1695,1621,1650,1645,1598,1664,1544,1676,1488,1681,1433,1291,1327,1331,1301,1379,1299,1426,1311,1468,1328,1534,1342,1574,1341,1613,1344,1648,1360,1665,1392,1494,1376,1492,1409,1490,1440,1489,1474,1421,1513,1448,1521,1476,1531,1502,1530,1527,1529,1332,1361,1362,1346,1393,1353,1416,1383,1387,1379,1356,1373,1545,1405,1572,1383,1603,1388,1624,1411,1602,1415,1573,1412,1361,1594,1403,1570,1444,1565,1468,1576,1498,1573,1527,1590,1549,1622,1518,1635,1487,1641,1456,1639,1429,1632,1393,1617,1375,1593,1439,1591,1464,1597,1494,1599,1535,1617,1491,1612,1461,1610,1435,1605
3075,h,1,1,1176,1236,1711,1771,102.5,1209,1382,1204,1446,1204,1510,1210,1570,1230,1629,1269,1678,1320,1712,1372,1742,1433,1759,1491,1757,1541,1733,1587,1699,1622,1653,1647,1602,1666,1549,1677,1493,1683,1440,1288,1329,1327,1301,1375,1299,1424,1309,1467,1328,1530,1343,1571,1341,1612,1345,1648,1361,1667,1393,1493,1374,1491,1408,1489,1439,1487,1473,1418,1512,1446,1521,1474,1531,1501,1530,1527,1529,1330,1360,1359,1344,1391,1352,1415,1382,1385,1378,1354,1371,1543,1405,1571,1383,1602,1388,1623,1412,1600,1414,1571,1411,1359,1593,1401,1569,1441,1563,1466,1575,1497,1572,1527,1589,1549,1622,1517,1637,1485,1642,1453,1640,1425,1633,1390,1617,1374,1593,1437,1590,1463,1596,1493,1598,1534,1617,1489,1613,1459,1611,1432,1605
3076,h,1,1,1176,1236,1711,1771,102.53333333333333,1215,1370,1209,1434,1210,1498,1215,1560,1235,1618,1271,1666,1320,1700,1371,1728,1430,1744,1487,1743,1538,1723,1584,1692,1619,1647,1644,1597,1663,1544,1677,1489,1684,1434,1288,1327,1327,1300,1375,1296,1423,1307,1467,1324,1526,1338,1567,1336,1608,1340,1645,1355,1666,1387,1490,1373,1488,1406,1486,1437,1484,1471,1417,1510,1444,1518,1471,1528,1499,1526,1524,1525,1329,1359,1359,1342,1391,1349,1415,1381,1385,1377,1353,1370,1540,1402,1568,1379,1600,1384,1623,1409,1599,1412,1568,1408,1358,1592,1400,1568,1440,1562,1464,1572,1494,1570,1524,1587,1546,1620,1515,1633,1483,1638,1452,1636,1425,1630,1390,1614,1374,1591,1436,1588,1461,1593,1490,1596,1531,1615,1487,1610,1457,1608,1432,1602
3077,h,1,1,1176,1236,1711,1771,102.56666666666666,1215,1370,1209,1434,1210,1498,1215,1560,1235,1618,1271,1666,1320,1700,1371,1728,1430,1744,1487,1743,1538,1723,1584,1692,1619,1647,1644,1597,1663,1544,1677,1489,1684,1434,1288,1327,1327,1300,1375,1296,1423,1307,1467,1324,1526,1338,1567,1336,1608,1340,1645,1355,1666,1387,1490,1373,1488,1406,1486,1437,1484,1471,1417,1510,1444,1518,1471,1528,1499,1526,1524,1525,1329,1359,1359,1342,1391,1349,1415,1381,1385,1377,1353,1370,1540,1402,1568,1379,1600,1384,1623,1409,1599,1412,1568,1408,1358,1592,1400,1568,1440,1562,1464,1572,1494,1570,1524,1587,1546,1620,1515,1633,1483,1638,1452,1636,1425,1630,1390,1614,1374,1591,1436,1588,1461,1593,1490,1596,1531,1615,1487,1610,1457,1608,1432,1602
3078,h,1,1,1176,1236,1711,1771,102.6,1206,1376,1201,1441,1203,1507,1211,1568,1231,1624,1270,1671,1320,1704,1370,1731,1430,1747,1488,1747,1539,1727,1584,1696,1618,1651,1643,1599,1661,1544,1672,1487,1678,1432,1283,1327,1322,1298,1370,1295,1418,1305,1462,1321,1526,1335,1566,1334,1606,1338,1641,1353,1659,1386,1486,1370,1485,1403,1483,1434,1482,1468,1415,1508,1443,1516,1470,1525,1497,1523,1522,1523,1324,1359,1353,1343,1385,1349,1409,1378,1379,1375,1348,1369,1538,1399,1566,1378,1597,1382,1618,1406,1596,1409,1566,1405,1358,1591,1399,1566,1439,1559,1464,1570,1493,1568,1523,1586,1545,1618,1514,1630,1481,1635,1451,1633,1424,1627,1389,1612,1372,1590,1435,1585,1460,1591,1489,1593,1532,1613,1486,1608,1456,1605,1431,1599
3079,h,1,1,1176,1236,1711,1771,102.63333333333334,1210,1379,1205,1442,1206,1506,1212,1566,1232,1623,1269,1669,1318,1702,1368,1728,1426,1744,1483,1743,1534,1723,1580,1691,1614,1646,1639,1594,1658,1542,1671,1487,1678,1433,1284,1326,1322,1299,1369,1293,1416,1303,1458,1320,1525,1334,1565,1332,1605,1335,1641,1351,1660,1384,1484,1368,1483,1401,1482,1432,1481,1467,1414,1506,1441,1514,1469,1522,1496,1521,1521,1520,1324,1359,1353,1342,1384,1348,1408,1377,1379,1374,1347,1369,1537,1397,1564,1375,1594,1379,1617,1402,1594,1406,1564,1403,1357,1588,1400,1564,1440,1557,1463,1567,1491,1565,1520,1582,1543,1613,1512,1626,1480,1631,1450,1630,1425,1623,1391,1610,1373,1588,1436,1583,1459,1588,1487,1590,1529,1609,1484,1604,1455,1603,1432,1598
3080,h,1,1,1176,1236,1711,1771,102.66666666666667,1210,1379,1205,1442,1206,1506,1212,1566,1232,1623,1269,1669,1318,1702,1368,1728,1426,1744,1483,1743,1534,1723,1580,1691,1614,1646,1639,1594,1658,1542,1671,1487,1678,1433,1284,1326,1322,1299,1369,1293,1416,1303,1458,1320,1525,1334,1565,1332,1605,1335,1641,1351,1660,1384,1484,1368,1483,1401,1482,1432,1481,1467,1414,1506,1441,1514,1469,1522,1496,1521,1521,1520,1324,1359,1353,1342,1384,1348,1408,1377,1379,1374,1347,1369,1537,1397,1564,1375,1594,1379,1617,1402,1594,1406,1564,1403,1357,1588,1400,1564,1440,1557,1463,1567,1491,1565,1520,1582,1543,1613,1512,1626,1480,1631,1450,1630,1425,1623,1391,1610,1373,1588,1436,1583,1459,1588,1487,1590,1529,1609,1484,1604,1455,1603,1432,1598
3081,h,1,1,1176,1236,1711,1771,102.7,1207,1376,1203,1440,1205,1504,1211,1564,1231,1620,1268,1666,1316,1699,1366,1726,1425,1742,1484,1741,1535,1721,1580,1689,1614,1643,1638,1591,1655,1537,1668,1483,1674,1428,1280,1326,1318,1298,1365,1293,1413,1303,1458,1321,1523,1335,1563,1332,1604,1335,1641,1351,1660,1384,1484,1368,1483,1400,1481,1431,1479,1465,1412,1503,1440,1512,1468,1521,1495,1519,1520,1518,1320,1359,1349,1343,1381,1348,1405,1377,1376,1374,1344,1369,1537,1398,1566,1377,1597,1381,1618,1404,1595,1407,1565,1404,1357,1587,1398,1562,1437,1556,1461,1566,1491,1564,1519,1580,1541,1612,1510,1625,1480,1630,1449,1628,1421,1622,1388,1609,1372,1586,1432,1581,1458,1586,1487,1588,1527,1607,1484,1604,1454,1602,1428,1597
3082,h,1,1,1176,1236,1711,1771,102.73333333333333,1211,1376,1205,1440,1207,1504,1213,1564,1233,1622,1269,1668,1316,1702,1366,1728,1424,1744,1482,1743,1533,1723,1580,1692,1616,1647,1642,1596,1660,1543,1672,1487,1678,1431,1281,1325,1319,1297,1367,1293,1415,1303,1459,1321,1521,1336,1561,1333,1602,1335,1639,1349,1661,1380,1482,1366,1481,1399,1479,1430,1477,1465,1411,1504,1438,1513,1466,1522,1494,1520,1520,1519,1322,1358,1350,1342,1382,1348,1407,1376,1376,1372,1345,1367,1536,1396,1564,1375,1594,1379,1617,1401,1593,1404,1563,1401,1355,1586,1397,1563,1437,1556,1461,1566,1491,1563,1521,1580,1544,1612,1511,1625,1479,1631,1448,1630,1422,1624,1387,1610,1371,1586,1433,1582,1458,1588,1487,1590,1530,1608,1483,1604,1453,1602,1428,1597
3083,h,1,1,1176,1236,1711,1771,102.76666666666667,1210,1380,1206,1442,1209,1505,1215,1564,1234,1621,1269,1666,1317,1699,1366,1725,1425,1741,1483,1742,1534,1723,1581,1692,1616,1647,1642,1597,1660,1542,1672,1485,1678,1429,1282,1327,1319,1298,1366,1292,1414,1301,1458,1317,1520,1331,1560,1329,1602,1333,1639,1349,1660,1382,1482,1365,1480,1399,1479,1430,1477,1465,1410,1504,1438,1513,1466,1522,1494,1520,1520,1518,1321,1358,1350,1341,1382,1348,1407,1376,1376,1373,1345,1367,1534,1396,1563,1374,1594,1378,1618,1402,1593,1404,1562,1401,1356,1589,1397,1564,1437,1556,1460,1565,1490,1563,1520,1579,1543,1612,1512,1624,1479,1631,1449,1630,1423,1624,1388,1610,1371,1588,1433,1582,1457,1587,1486,1588,1529,1607,1483,1604,1454,1604,1429,1598
3084,h,1,1,1176,1236,1711,1771,102.8,1210,1380,1206,1442,1209,1505,1215,1564,1234,1621,1269,1666,1317,1699,1366,1725,1425,1741,1483,1742,1534,1723,1581,1692,1616,1647,1642,1597,1660,1542,1672,1485,1678,1429,1282,1327,1319,1298,1366,1292,1414,1301,1458,1317,1520,1331,1560,1329,1602,1333,1639,1349,1660,1382,1482,1365,1480,1399,1479,1430,1477,1465,1410,1504,1438,1513,1466,1522,1494,1520,1520,1518,1321,1358,1350,1341,1382,1348,1407,1376,1376,1373,1345,1367,1534,1396,1563,1374,1594,1378,1618,1402,1593,1404,1562,1401,1356,1589,1397,1564,1437,1556,1460,1565,1490,1563,1520,1579,1543,1612,1512,1624,1479,1631,1449,1630,1423,1624,1388,1610,1371,1588,1433,1582,1457,1587,1486,1588,1529,1607,1483,1604,1454,1604,1429,1598
3085,h,1,1,1176,1236,1711,1771,102.83333333333333,1215,1380,1210,1443,1212,1507,1218,1566,1238,1622,1275,1668,1324,1701,1375,1727,1433,1742,1490,1740,1542,1720,1587,1687,1621,1643,1646,1591,1663,1538,1676,1483,1682,1428,1287,1327,1325,1301,1371,1295,1419,1303,1461,1318,1522,1331,1563,1327,1605,1331,1640,1348,1659,1379,1484,1366,1483,1400,1482,1432,1480,1467,1415,1508,1442,1517,1470,1525,1497,1523,1522,1522,1326,1359,1355,1343,1387,1349,1410,1377,1382,1374,1350,1369,1537,1396,1564,1374,1595,1377,1618,1400,1594,1404,1564,1401,1359,1591,1401,1566,1439,1559,1463,1569,1493,1566,1525,1583,1550,1615,1517,1628,1483,1634,1453,1633,1426,1626,1392,1612,1375,1590,1436,1587,1460,1592,1489,1594,1535,1611,1487,1605,1457,1603,1432,1598
3086,h,1,1,1176,1236,1711,1771,102.86666666666666,1220,1381,1215,1446,1215,1508,1221,1569,1240,1625,1278,1671,1327,1705,1378,1733,1436,1750,1494,1749,1545,1726,1591,1693,1625,1647,1649,1595,1666,1540,1678,1483,1684,1427,1288,1330,1327,1303,1373,1299,1421,1308,1464,1324,1526,1337,1567,1334,1607,1337,1643,1352,1662,1384,1488,1370,1487,1404,1486,1435,1485,1470,1420,1512,1447,1519,1475,1527,1501,1525,1526,1525,1330,1367,1360,1353,1391,1358,1414,1383,1386,1380,1355,1375,1541,1401,1570,1383,1600,1387,1623,1407,1599,1410,1570,1407,1364,1593,1405,1570,1445,1562,1469,1572,1498,1569,1530,1586,1555,1617,1522,1631,1489,1637,1458,1636,1431,1630,1397,1616,1380,1593,1441,1589,1466,1594,1495,1596,1540,1613,1492,1608,1462,1606,1437,1601
3087,h,2,2,1176,1236,1711,1771,102.9,1228,1378,1225,1442,1228,1507,1235,1568,1256,1625,1294,1672,1341,1706,1391,1734,1449,1749,1504,1748,1555,1725,1599,1691,1633,1645,1657,1593,1675,1538,1686,1481,1691,1425,1298,1332,1336,1304,1382,1301,1429,1310,1472,1326,1531,1337,1572,1334,1614,1337,1651,1351,1672,1383,1496,1371,1495,1405,1494,1437,1493,1473,1427,1513,1455,1522,1483,1530,1510,1528,1536,1526,1339,1368,1369,1359,1399,1363,1423,1385,1394,1383,1364,1378,1550,1402,1580,1388,1609,1392,1632,1408,1608,1412,1579,1409,1373,1594,1414,1571,1453,1564,1477,1574,1507,1571,1538,1587,1562,1617,1530,1633,1498,1639,1467,1638,1440,1632,1406,1618,1389,1594,1449,1590,1474,1595,1504,1596,1547,1613,1501,1611,1471,1610,1446,1605
3088,h,2,2,1176,1236,1711,1771,102.93333333333334,1228,1378,1225,1442,1228,1507,1235,1568,1256,1625,1294,1672,1341,1706,1391,1734,1449,1749,1504,1748,1555,1725,1599,1691,1633,1645,1657,1593,1675,1538,1686,1481,1691,1425,1298,1332,1336,1304,1382,1301,1429,1310,1472,1326,1531,1337,1572,1334,1614,1337,1651,1351,1672,1383,1496,1371,1495,1405,1494,1437,1493,1473,1427,1513,1455,1522,1483,1530,1510,1528,1536,1526,1339,1368,1369,1359,1399,1363,1423,1385,1394,1383,1364,1378,1550,1402,1580,1388,1609,1392,1632,1408,1608,1412,1579,1409,1373,1594,1414,1571,1453,1564,1477,1574,1507,1571,1538,1587,1562,1617,1530,1633,1498,1639,1467,1638,1440,1632,1406,1618,1389,1594,1449,1590,1474,1595,1504,1596,1547,1613,1501,1611,1471,1610,1446,1605
3089,h,1,1,1277,1277,1723,1723,102.96666666666667,1228,1378,1226,1444,1229,1507,1237,1569,1258,1627,1297,1674,1345,1707,1396,1735,1454,1750,1511,1749,1559,1726,1603,1692,1636,1646,1659,1594,1677,1540,1689,1484,1695,1428,1302,1335,1338,1308,1386,1303,1433,1312,1477,1327,1542,1340,1581,1336,1622,1339,1658,1353,1677,1386,1502,1373,1501,1407,1501,1439,1500,1475,1437,1515,1463,1521,1490,1530,1516,1527,1542,1526,1345,1368,1374,1356,1405,1359,1429,1383,1399,1381,1370,1376,1557,1400,1584,1384,1613,1387,1635,1407,1611,1410,1582,1406,1377,1595,1417,1571,1458,1564,1485,1574,1512,1571,1543,1585,1567,1616,1536,1633,1504,1641,1475,1640,1446,1634,1410,1620,1393,1596,1454,1589,1482,1594,1509,1595,1553,1613,1508,1612,1480,1612,1452,1606
3090,h,1,1,1277,1277,1723,1723,103.0,1226,1383,1224,1448,1228,1511,1236,1573,1257,1630,1295,1676,1344,1709,1396,1736,1456,1751,1513,1750,1561,1727,1605,1693,1638,1646,1660,1595,1678,1541,1690,1486,1695,1431,1301,1338,1338,1309,1386,1303,1435,1311,1480,1327,1544,1338,1585,1335,1625,1338,1662,1354,1680,1388,1506,1373,1505,1407,1504,1439,1504,1474,1439,1514,1466,1521,1493,1530,1519,1528,1545,1526,1346,1367,1376,1354,1407,1358,1432,1384,1402,1381,1371,1376,1558,1400,1587,1383,1616,1386,1638,1407,1614,1409,1585,1405,1381,1596,1420,1572,1462,1564,1489,1575,1517,1570,1547,1586,1570,1617,1540,1634,1508,1641,1479,1640,1450,1635,1413,1620,1396,1596,1458,1590,1486,1596,1514,1596,1557,1614,1512,1611,1484,1611,1456,1605
3091,h,1,1,1277,1277,1723,1723,103.03333333333333,1229,1382,1229,1444,1233,1505,1240,1565,1260,1623,1298,1669,1347,1703,1399,1730,1459,1745,1515,1745,1565,1722,1609,1687,1642,1641,1664,1589,1679,1537,1690,1483,1693,1430,1302,1335,1340,1306,1389,1299,1439,1308,1485,1324,1544,1335,1584,1330,1626,1333,1662,1350,1681,1384,1508,1372,1508,1405,1508,1437,1508,1472,1443,1512,1470,1519,1497,1528,1523,1525,1548,1523,1348,1365,1378,1352,1408,1356,1433,1383,1403,1380,1373,1374,1560,1399,1588,1381,1617,1384,1639,1405,1616,1407,1587,1404,1384,1592,1424,1570,1465,1563,1492,1573,1520,1569,1549,1584,1573,1614,1542,1630,1511,1637,1482,1636,1453,1630,1417,1616,1400,1593,1461,1587,1489,1593,1517,1594,1559,1611,1515,1609,1487,1608,1459,1603
3092,h,1,1,1277,1277,1723,1723,103.06666666666666,1229,1382,1229,1444,1233,1505,1240,1565,1260,1623,1298,1669,1347,1703,1399,1730,1459,1745,1515,1745,1565,1722,1609,1687,1642,1641,1664,1589,1679,1537,1690,1483,1693,1430,1302,1335,1340,1306,1389,1299,1439,1308,1485,1324,1544,1335,1584,1330,1626,1333,1662,1350,1681,1384,1508,1372,1508,1405,1508,1437,1508,1472,1443,1512,1470,1519,1497,1528,1523,1525,1548,1523,1348,1365,1378,1352,1408,1356,1433,1383,1403,1380,1373,1374,1560,1399,1588,1381,1617,1384,1639,1405,1616,1407,1587,1404,1384,1592,1424,1570,1465,1563,1492,1573,1520,1569,1549,1584,1573,1614,1542,1630,1511,1637,1482,1636,1453,1630,1417,1616,1400,1593,1461,1587,1489,1593,1517,1594,1559,1611,1515,1609,1487,1608,1459,1603
3093,h,1,1,1236,1176,1771,1711,103.1,1226,1376,1224,1442,1226,1507,1234,1571,1259,1629,1304,1672,1358,1704,1412,1731,1472,1743,1528,1741,1576,1715,1620,1684,1656,1642,1679,1590,1693,1538,1698,1482,1698,1427,1312,1330,1348,1302,1395,1298,1442,1308,1487,1325,1538,1337,1579,1332,1620,1334,1658,1347,1679,1378,1508,1370,1507,1402,1508,1434,1509,1468,1443,1509,1471,1518,1499,1526,1525,1524,1550,1520,1354,1364,1381,1352,1412,1355,1437,1378,1407,1378,1378,1374,1558,1396,1586,1380,1615,1384,1637,1403,1613,1407,1584,1402,1384,1592,1425,1568,1466,1560,1493,1569,1519,1566,1547,1580,1569,1607,1541,1625,1512,1633,1484,1632,1455,1628,1419,1614,1399,1591,1463,1585,1490,1589,1516,1590,1554,1604,1515,1604,1488,1604,1461,1599
3096,h,1,1,1236,1236,1771,1771,103.2,1241,1382,1238,1446,1240,1510,1247,1575,1268,1635,1312,1684,1366,1723,1424,1755,1489,1771,1551,1765,1603,1736,1644,1697,1675,1650,1693,1596,1700,1538,1701,1480,1696,1425,1308,1327,1345,1304,1389,1301,1432,1311,1474,1326,1541,1336,1579,1331,1617,1331,1653,1343,1676,1370,1502,1368,1502,1400,1501,1430,1501,1466,1443,1508,1469,1516,1497,1524,1522,1519,1546,1514,1349,1367,1378,1359,1407,1362,1434,1378,1403,1376,1375,1373,1558,1394,1586,1384,1613,1386,1637,1401,1611,1401,1584,1398,1382,1591,1423,1566,1463,1556,1496,1565,1529,1556,1568,1569,1603,1601,1569,1624,1531,1635,1497,1638,1462,1633,1422,1617,1399,1592,1462,1589,1495,1593,1528,1590,1587,1599,1531,1599,1498,1601,1464,1597
3100,h,1,1,1228,1228,1673,1673,103.33333333333333,1220,1374,1219,1437,1223,1501,1230,1563,1253,1619,1295,1665,1346,1696,1401,1722,1457,1732,1509,1724,1555,1694,1599,1661,1634,1622,1656,1573,1672,1521,1681,1469,1686,1415,1282,1330,1318,1302,1364,1294,1411,1302,1454,1316,1517,1326,1558,1321,1600,1323,1638,1336,1665,1365,1479,1364,1477,1392,1476,1421,1474,1452,1421,1496,1445,1498,1468,1501,1490,1498,1513,1496,1326,1361,1357,1348,1387,1350,1412,1373,1383,1373,1353,1370,1535,1384,1563,1366,1592,1369,1614,1387,1590,1390,1562,1388,1369,1581,1407,1552,1444,1532,1467,1536,1491,1530,1524,1548,1555,1579,1524,1598,1493,1610,1468,1614,1443,1613,1407,1606,1384,1580,1443,1563,1466,1561,1490,1560,1540,1576,1493,1578,1468,1579,1445,1580
3101,h,1,1,1228,1228,1673,1673,103.36666666666666,1208,1369,1207,1434,1211,1499,1221,1560,1244,1616,1285,1661,1337,1691,1393,1715,1450,1724,1503,1715,1551,1685,1596,1652,1630,1610,1651,1562,1667,1512,1677,1462,1683,1412,1275,1327,1313,1304,1356,1298,1402,1305,1445,1317,1511,1327,1551,1324,1591,1325,1628,1338,1655,1364,1471,1364,1468,1391,1466,1418,1464,1447,1414,1491,1437,1491,1459,1493,1481,1492,1501,1490,1321,1360,1351,1348,1381,1349,1405,1372,1377,1372,1347,1369,1526,1383,1554,1365,1582,1369,1605,1385,1580,1389,1552,1386,1358,1571,1395,1539,1432,1523,1455,1526,1479,1521,1513,1539,1546,1569,1513,1595,1480,1608,1455,1612,1430,1611,1394,1603,1370,1570,1431,1551,1454,1550,1478,1549,1532,1566,1480,1577,1456,1579,1432,1579
3102,h,1,1,1228,1228,1673,1673,103.4,1198,1366,1195,1429,1199,1493,1210,1554,1232,1609,1272,1654,1324,1685,1383,1708,1445,1719,1501,1711,1549,1680,1590,1644,1620,1599,1637,1549,1652,1499,1663,1450,1667,1400,1269,1327,1310,1304,1355,1298,1402,1306,1445,1320,1504,1329,1543,1323,1584,1324,1621,1335,1644,1363,1470,1365,1470,1393,1471,1421,1471,1451,1411,1491,1437,1499,1463,1507,1487,1502,1508,1494,1311,1362,1342,1351,1372,1352,1400,1372,1370,1371,1339,1369,1521,1383,1550,1367,1578,1370,1600,1385,1576,1388,1548,1386,1355,1567,1395,1544,1432,1531,1458,1536,1483,1531,1513,1543,1543,1566,1514,1593,1484,1608,1457,1611,1431,1610,1394,1599,1367,1567,1432,1552,1456,1554,1481,1552,1530,1564,1484,1579,1458,1583,1433,1581
3103,h,1,1,1228,1228,1673,1673,103.43333333333334,1198,1366,1195,1429,1199,1493,1210,1554,1232,1609,1272,1654,1324,1685,1383,1708,1445,1719,1501,1711,1549,1680,1590,1644,1620,1599,1637,1549,1652,1499,1663,1450,1667,1400,1269,1327,1310,1304,1355,1298,1402,1306,1445,1320,1504,1329,1543,1323,1584,1324,1621,1335,1644,1363,1470,1365,1470,1393,1471,1421,1471,1451,1411,1491,1437,1499,1463,1507,1487,1502,1508,1494,1311,1362,1342,1351,1372,1352,1400,1372,1370,1371,1339,1369,1521,1383,1550,1367,1578,1370,1600,1385,1576,1388,1548,1386,1355,1567,1395,1544,1432,1531,1458,1536,1483,1531,1513,1543,1543,1566,1514,1593,1484,1608,1457,1611,1431,1610,1394,1599,1367,1567,1432,1552,1456,1554,1481,1552,1530,1564,1484,1579,1458,1583,1433,1581
3104,h,1,1,1228,1228,1673,1673,103.46666666666667,1205,1354,1199,1417,1201,1479,1211,1539,1232,1594,1269,1641,1316,1678,1371,1707,1431,1719,1488,1713,1535,1683,1579,1647,1612,1603,1636,1553,1656,1504,1667,1452,1669,1399,1273,1324,1310,1300,1356,1295,1402,1304,1444,1321,1502,1331,1542,1323,1584,1321,1620,1331,1647,1358,1467,1360,1465,1401,1465,1442,1464,1485,1399,1500,1424,1513,1453,1525,1482,1516,1508,1505,1314,1355,1344,1346,1372,1348,1398,1366,1368,1366,1340,1363,1522,1377,1551,1365,1577,1368,1598,1382,1574,1386,1548,1383,1350,1565,1391,1556,1427,1552,1451,1559,1476,1554,1504,1560,1537,1570,1503,1593,1473,1605,1447,1607,1421,1605,1386,1595,1364,1568,1424,1572,1449,1575,1474,1573,1525,1570,1475,1575,1450,1578,1425,1575
3105,h,1,1,1228,1228,1673,1673,103.5,1202,1343,1194,1404,1193,1464,1200,1524,1220,1580,1255,1628,1301,1669,1354,1703,1413,1718,1471,1713,1516,1680,1555,1641,1588,1597,1614,1548,1635,1500,1649,1449,1654,1397,1270,1318,1306,1297,1351,1294,1396,1303,1438,1320,1501,1330,1539,1323,1578,1323,1613,1332,1638,1356,1463,1360,1461,1404,1460,1448,1457,1492,1392,1498,1417,1512,1445,1526,1474,1518,1499,1506,1309,1353,1339,1345,1367,1347,1392,1366,1362,1365,1335,1362,1517,1378,1545,1365,1572,1368,1593,1381,1569,1385,1542,1382,1332,1555,1373,1547,1411,1546,1440,1553,1467,1548,1496,1554,1526,1569,1493,1599,1462,1612,1434,1615,1403,1610,1367,1594,1345,1559,1409,1566,1438,1570,1465,1568,1513,1570,1465,1583,1437,1585,1408,1581
3106,h,1,1,1228,1228,1673,1673,103.53333333333333,1199,1344,1193,1404,1193,1464,1200,1522,1219,1577,1252,1626,1297,1665,1348,1697,1403,1712,1457,1709,1505,1682,1548,1648,1583,1604,1608,1556,1629,1505,1644,1453,1650,1400,1267,1322,1304,1299,1347,1293,1392,1299,1433,1316,1497,1326,1537,1321,1576,1322,1611,1334,1635,1360,1458,1359,1455,1396,1451,1432,1447,1471,1389,1484,1412,1496,1438,1508,1465,1500,1489,1490,1308,1354,1335,1345,1363,1347,1388,1364,1359,1363,1332,1361,1513,1376,1541,1365,1566,1368,1587,1382,1563,1385,1537,1382,1325,1543,1366,1530,1405,1528,1432,1534,1458,1530,1490,1538,1522,1558,1488,1597,1453,1611,1425,1613,1397,1609,1359,1591,1337,1546,1402,1541,1430,1545,1456,1544,1510,1558,1457,1588,1429,1590,1401,1585
3107,h,1,1,1228,1228,1673,1673,103.56666666666666,1199,1344,1193,1404,1193,1464,1200,1522,1219,1577,1252,1626,1297,1665,1348,1697,1403,1712,1457,1709,1505,1682,1548,1648,1583,1604,1608,1556,1629,1505,1644,1453,1650,1400,1267,1322,1304,1299,1347,1293,1392,1299,1433,1316,1497,1326,1537,1321,1576,1322,1611,1334,1635,1360,1458,1359,1455,1396,1451,1432,1447,1471,1389,1484,1412,1496,1438,1508,1465,1500,1489,1490,1308,1354,1335,1345,1363,1347,1388,1364,1359,1363,1332,1361,1513,1376,1541,1365,1566,1368,1587,1382,1563,1385,1537,1382,1325,1543,1366,1530,1405,1528,1432,1534,1458,1530,1490,1538,1522,1558,1488,1597,1453,1611,1425,1613,1397,1609,1359,1591,1337,1546,1402,1541,1430,1545,1456,1544,1510,1558,1457,1588,1429,1590,1401,1585
3108,h,1,1,1228,1228,1673,1673,103.6,1198,1345,1192,1406,1193,1466,1198,1524,1217,1580,1253,1626,1301,1662,1354,1692,1413,1707,1468,1703,1520,1677,1566,1644,1601,1601,1624,1554,1642,1504,1654,1453,1657,1401,1264,1325,1301,1302,1344,1296,1390,1303,1432,1319,1490,1330,1530,1323,1573,1325,1611,1339,1636,1365,1455,1357,1452,1391,1448,1424,1444,1460,1389,1481,1412,1492,1438,1504,1464,1498,1486,1488,1305,1355,1334,1344,1362,1346,1388,1364,1359,1363,1330,1362,1510,1377,1538,1365,1564,1369,1586,1385,1561,1387,1535,1383,1335,1548,1371,1533,1407,1528,1433,1535,1456,1531,1486,1541,1517,1563,1483,1590,1452,1600,1427,1601,1400,1597,1366,1582,1348,1549,1405,1546,1431,1550,1455,1550,1503,1562,1455,1574,1430,1576,1404,1571
3111,h,1,1,1178,1228,1624,1673,103.7,1174,1346,1165,1409,1163,1472,1169,1530,1190,1585,1229,1631,1278,1665,1330,1694,1386,1707,1439,1703,1484,1678,1527,1647,1564,1609,1591,1564,1613,1515,1626,1465,1633,1415,1249,1319,1288,1298,1334,1295,1380,1303,1423,1319,1482,1331,1522,1325,1562,1325,1597,1336,1623,1361,1445,1360,1443,1402,1441,1442,1439,1485,1372,1506,1400,1515,1428,1526,1455,1521,1481,1515,1288,1353,1317,1343,1345,1345,1371,1365,1342,1364,1313,1361,1496,1378,1525,1362,1552,1367,1574,1383,1550,1386,1522,1382,1309,1559,1355,1555,1395,1549,1419,1558,1443,1555,1471,1564,1496,1574,1464,1595,1435,1610,1409,1611,1384,1607,1347,1593,1324,1564,1392,1571,1416,1575,1440,1574,1482,1576,1438,1580,1414,1582,1389,1579
3112,h,1,1,1178,1228,1624,1673,103.73333333333333,1175,1350,1167,1413,1166,1477,1172,1536,1191,1592,1227,1639,1275,1671,1325,1701,1382,1713,1437,1710,1486,1688,1534,1662,1575,1625,1603,1581,1626,1531,1637,1479,1644,1428,1247,1317,1285,1295,1331,1292,1375,1301,1417,1317,1478,1327,1519,1323,1559,1325,1595,1336,1620,1362,1440,1361,1437,1402,1433,1443,1431,1485,1368,1508,1395,1517,1421,1528,1448,1524,1472,1519,1287,1353,1315,1340,1345,1343,1369,1366,1341,1365,1311,1362,1493,1380,1521,1361,1550,1367,1571,1385,1548,1388,1519,1384,1312,1570,1349,1555,1387,1550,1412,1560,1439,1556,1465,1568,1487,1584,1457,1603,1428,1613,1400,1613,1374,1609,1341,1596,1325,1573,1384,1574,1409,1578,1436,1578,1474,1586,1432,1583,1405,1584,1380,1581
3113,h,1,1,1178,1228,1624,1673,103.76666666666667,1154,1353,1148,1418,1150,1481,1159,1540,1180,1595,1216,1640,1264,1671,1314,1698,1372,1711,1428,1709,1479,1690,1529,1664,1567,1627,1592,1582,1613,1530,1626,1478,1632,1426,1233,1319,1271,1296,1318,1289,1364,1296,1407,1313,1466,1324,1506,1318,1550,1322,1586,1336,1612,1364,1427,1356,1423,1392,1418,1427,1414,1464,1356,1493,1380,1502,1405,1511,1430,1508,1453,1503,1275,1351,1303,1340,1332,1342,1358,1362,1329,1362,1299,1360,1479,1377,1509,1362,1537,1367,1559,1384,1533,1388,1505,1383,1299,1560,1337,1545,1376,1539,1399,1547,1422,1544,1450,1558,1473,1577,1443,1597,1412,1607,1388,1608,1363,1604,1329,1590,1312,1563,1372,1559,1396,1563,1418,1563,1459,1577,1417,1579,1394,1581,1369,1578
3114,h,1,1,1178,1228,1624,1673,103.8,1154,1353,1148,1418,1150,1481,1159,1540,1180,1595,1216,1640,1264,1671,1314,1698,1372,1711,1428,1709,1479,1690,1529,1664,1567,1627,1592,1582,1613,1530,1626,1478,1632,1426,1233,1319,1271,1296,1318,1289,1364,1296,1407,1313,1466,1324,1506,1318,1550,1322,1586,1336,1612,1364,1427,1356,1423,1392,1418,1427,1414,1464,1356,1493,1380,1502,1405,1511,1430,1508,1453,1503,1275,1351,1303,1340,1332,1342,1358,1362,1329,1362,1299,1360,1479,1377,1509,1362,1537,1367,1559,1384,1533,1388,1505,1383,1299,1560,1337,1545,1376,1539,1399,1547,1422,1544,1450,1558,1473,1577,1443,1597,1412,1607,1388,1608,1363,1604,1329,1590,1312,1563,1372,1559,1396,1563,1418,1563,1459,1577,1417,1579,1394,1581,1369,1578
3115,h,1,1,1128,1228,1574,1673,103.83333333333333,1144,1343,1136,1403,1133,1462,1136,1522,1153,1579,1189,1625,1235,1659,1285,1686,1341,1698,1397,1693,1451,1670,1504,1646,1546,1611,1573,1567,1592,1518,1605,1469,1615,1420,1214,1323,1251,1300,1296,1291,1342,1296,1384,1314,1444,1323,1486,1317,1529,1322,1567,1338,1592,1367,1403,1352,1397,1383,1391,1414,1384,1446,1332,1469,1354,1478,1377,1487,1401,1484,1424,1478,1260,1349,1288,1339,1315,1341,1338,1359,1312,1359,1285,1358,1457,1373,1487,1361,1514,1366,1536,1382,1511,1384,1484,1380,1270,1524,1307,1508,1345,1503,1367,1509,1392,1508,1421,1521,1447,1547,1414,1571,1382,1580,1356,1581,1331,1576,1298,1559,1281,1523,1342,1518,1365,1523,1389,1523,1434,1544,1387,1556,1361,1557,1338,1552
3116,h,1,1,1128,1228,1574,1673,103.86666666666666,1131,1366,1126,1419,1124,1475,1126,1533,1140,1588,1173,1632,1223,1661,1277,1684,1337,1694,1394,1690,1447,1673,1499,1651,1539,1619,1564,1577,1581,1528,1594,1482,1602,1436,1202,1325,1237,1297,1282,1287,1329,1290,1370,1307,1429,1311,1471,1305,1516,1313,1553,1335,1574,1367,1392,1343,1387,1365,1383,1385,1377,1409,1323,1455,1347,1460,1370,1467,1394,1467,1417,1466,1243,1350,1272,1337,1302,1337,1326,1357,1300,1357,1270,1355,1443,1371,1473,1356,1500,1363,1523,1383,1497,1383,1469,1377,1255,1522,1296,1505,1338,1495,1360,1502,1384,1500,1416,1517,1444,1544,1410,1565,1375,1574,1350,1574,1326,1570,1288,1555,1268,1522,1334,1513,1358,1517,1382,1517,1430,1541,1379,1548,1354,1549,1331,1545
